0    -5.992
1    -7.243
2    -7.033
3    -7.159
4    -7.024
5    -7.238
6    -6.814
7    -7.019
8    -6.981
9    -7.025
10    -6.26
11    -6.352
12    -5.994
13    -6.136
14    0.282
15    0.303
16    -6.359
17    -42.2
18    -6.907
19    -7.231
20    -4.998
21    -5.7019997
22    2.4060001
23    -6.66
24    -6.514
25    -6.146
26    -6.759
27    -7.1879997
28    -6.458
29    -5.514
30    -6.814
31    -6.962
32    -6.274
33    -6.828
34    -5.845
35    -5.331
36    -5.344
37    -5.568
38    -5.165
39    -6.499
40    -7.124
41    -6.572
42    -6.874
43    -6.752
44    -6.898
45    -6.562
46    -6.355
47    -6.435
48    -5.364
49    -5.729
50    -5.7539997
51    -7.031
52    -9.26
53    -8.514
54    -8.328
55    -8.757999
56    -8.483
57    -8.39
58    -13.363
59    -13.319
60    -22.072
61    -23.059
62    -19.723
63    -19.438
64    -19.71
65    -19.685
66    -19.878
67    -19.499
68    -19.823
69    -19.608
70    -21.463
71    -21.519
72    -21.527
73    -25.605999
74    -25.686
75    -23.798
76    -32.447998
77    -30.727
78    -30.906
79    -31.026
80    -32.004
81    -30.612
82    -31.01
83    -31.105
84    -30.214
85    -31.074
86    -30.945
87    -30.71
88    -32.186
89    -30.315
90    -31.319
91    -30.977
92    -31.065
93    -24.311
94    -23.456
95    -19.08
96    -18.355
97    -14.022
98    -15.069
99    -15.146
100    -15.331
101    -17.766
102    -19.177
103    -19.133
104    -18.049
105    -18.36
106    -18.137
107    -18.037
108    -18.116
109    -19.05
110    -17.873
111    -17.228
112    -19.1
113    -19.022
114    -18.137
115    -18.113
116    -18.076
117    -18.968
118    -19.258
119    -17.032
120    -11.739
121    -11.645
122    -12.446
123    -11.235
124    -10.519
125    -12.35
126    -12.364
127    -12.387
128    -15.837
129    -15.819
130    -15.933
131    -12.077
132    -12.045
133    -11.884
134    -11.871
135    -12.071
136    -11.99
137    -12.078
138    -13.67
139    -13.835
140    -13.733
141    -13.708
142    -14.019
143    -13.748
144    -13.889
145    -13.874
146    -13.917
147    -13.756
148    -13.555
149    -13.866
150    -17.934
151    -11.3029995
152    -18.713
153    -19.621
154    -17.730999
155    -13.414
156    -13.588
157    -17.605
158    -18.646
159    -18.694
160    -18.722
161    -18.859
162    -17.505
163    -18.805
164    -18.462
165    -18.197
166    -18.751
167    -18.715
168    -18.548
169    -18.656
170    -18.695
171    -18.959
172    -18.458
173    -17.487
174    -19.607
175    -18.345
176    -18.71
177    -18.853
178    -18.557
179    -18.684
180    -18.924
181    -18.57
182    -18.749
183    -10.859
184    -17.89
185    -18.54
186    -18.617
187    -18.616
188    -18.395
189    -18.813
190    -18.602
191    -18.978
192    -18.909
193    -18.636
194    -49.248
195    -11.979
196    -18.859
197    -18.779
198    -17.581
199    -18.503
200    -18.673
201    -18.903
202    -18.782
203    -18.582
204    -18.605999
205    -18.58
206    -18.842
207    -18.597
208    -19.09
209    -18.768
210    -18.538
211    -18.684
212    -18.787
213    -18.951
214    -19.85
215    -18.891
216    -18.678
217    -19.576
218    -18.59
219    -18.889
220    -19.032999
221    -18.535
222    -18.612
223    -17.69
224    -11.257
225    -11.843
226    -11.682
227    -11.766
228    -11.741
229    -11.677
230    -11.347
231    -18.82
232    -18.693
233    -18.686
234    -19.302
235    -17.425
236    -18.636
237    -18.424
238    -19.046
239    -18.596
240    -19.094
241    -18.765
242    -18.643
243    -18.623
244    -18.642
245    -20.057
246    -18.711
247    -8.969
248    -23.737999
249    -23.554
250    -23.834
251    -18.284
252    -19.07
253    -18.359
254    -18.626
255    -18.623
256    -19.835
257    -18.575
258    -18.933
259    -18.454
260    -18.457
261    -18.711
262    -18.656
263    -19.888
264    -19.256
265    -20.436
266    -20.371
267    -19.798
268    -19.439
269    -20.653
270    -20.859
271    -20.787
272    -7.701
273    -20.557
274    -21.525
275    -19.597
276    -20.893
277    -20.423
278    -20.759
279    -20.848
280    -7.935
281    -8.837
282    -24.388
283    -24.748
284    -20.687
285    -20.378
286    -20.494
287    -20.633
288    -21.959
289    -21.837
290    -20.94
291    -20.446
292    -21.632
293    -19.126
294    -32.297
295    -32.27
296    -32.147
297    -32.608
298    -32.186
299    -32.001
300    -2.4429998
301    -32.002
302    -32.529
303    -31.991
304    -32.13
305    -32.076
306    -32.05
307    -5.71
308    -31.086
309    -32.234
310    -31.429
311    -31.765
312    -7.868
313    -7.708
314    -32.166
315    -32.004
316    -7.576
317    -7.582
318    -32.021
319    -30.801
320    -5.457
321    -32.248
322    -32.412
323    -7.058
324    -33.266
325    -14.117
326    -32.131
327    -32.093
328    -31.771
329    -12.771
330    -32.19
331    -32.093
332    -31.786
333    -12.345
334    -12.691999
335    -32.363
336    -32.352
337    -4.786
338    -7.942
339    -31.876
340    -32.209
341    -31.639
342    -35.457
343    -36.287
344    -32.176
345    -35.345
346    -32.078
347    -31.054
348    -32.428
349    -27.496
350    -31.859
351    -32.26
352    -27.522
353    -27.278
354    -33.484
355    -31.425
356    -27.636
357    -27.554
358    -31.883
359    -9.469
360    -8.641
361    -32.986
362    -32.169
363    -32.421
364    -32.105
365    -32.179
366    -32.288
367    -32.173
368    -31.463
369    -32.428
370    -31.883
371    -32.563
372    -32.792
373    -32.507
374    -32.522
375    -32.374
376    -32.257
377    -32.136
378    -32.352
379    -32.707
380    -32.013
381    -32.492
382    -32.408
383    -33.064
384    -32.594
385    -33.032
386    -32.454
387    -32.32
388    -31.559
389    -13.046
390    -32.517
391    -12.323
392    -32.585
393    -32.3
394    -33.225
395    -32.192
396    -32.648
397    -32.049
398    -32.233
399    -32.284
400    -32.218
401    -14.21
402    -13.583
403    -32.419
404    -31.678
405    -32.23
406    -33.406
407    -31.713
408    -31.713
409    -13.364
410    -32.418
411    -13.844999
412    -32.069
413    -32.366
414    -32.305
415    -2.932
416    -32.446
417    1.0
418    -32.526
419    -32.58
420    -32.345
421    -13.702
422    -13.412
423    -32.366
424    -32.738
425    -31.279
426    -31.772
427    -32.643
428    -32.402
429    -32.301
430    -31.525
431    -33.393
432    -31.242
433    -32.097
434    -0.821
435    -13.888
436    -13.475
437    -21.205
438    -33.345
439    -2.921
440    -32.145
441    -32.456
442    -13.485
443    -31.987999
444    -20.451
445    -32.812
446    -3.3979998
447    -32.0
448    -31.441
449    -31.338
450    -32.532
451    -31.161
452    -32.66
453    -21.464
454    -32.541
455    -32.165
456    -32.101
457    -32.199
458    -32.251
459    -33.442
460    -32.412
461    -32.241
462    -21.326
463    -32.218
464    -32.28
465    -32.486
466    -32.257
467    -31.527
468    -31.81
469    -32.693
470    -32.641
471    -32.652
472    -32.595
473    -32.343
474    -31.997
475    -32.533
476    -32.467
477    -32.49
478    -32.083
479    -31.987999
480    -7.137
481    -32.382
482    -32.383
483    -31.247
484    -32.273
485    -32.557
486    -32.366
487    -33.263
488    -32.190998
489    -32.31
490    -32.71
491    -7.315
492    -32.692
493    -32.576
494    -32.217
495    -32.254
496    -32.177
497    -32.131
498    -32.561
499    -33.465
500    -32.011
501    -31.629
502    -33.128
503    -32.402
504    -32.249
505    -31.909
506    -33.16
507    -24.659
508    -23.562
509    -33.517
510    -32.622
511    -32.388
512    -32.453
513    -32.366
514    -32.257
515    -32.269
516    -31.957
517    -32.745
518    -32.124
519    -32.217
520    -32.499
521    -32.473
522    -32.44
523    -32.621
524    -32.512
525    -31.525
526    -32.546
527    -32.116
528    -32.07
529    -32.298
530    -32.707
531    -32.586
532    -32.943
533    -32.82
534    -32.251
535    -33.02
536    -32.47
537    -32.033
538    -32.736
539    -34.445
540    -32.335
541    -32.216
542    -32.324
543    -32.687
544    -33.634
545    -14.151
546    -12.117
547    -12.358
548    -12.576
549    -12.438
550    -13.341
551    -13.191
552    -13.503
553    -14.401
554    -14.255
555    -13.3
556    -32.18
557    -32.607
558    -31.811
559    -32.857
560    -31.861
561    -32.833
562    -31.922
563    -32.586
564    -32.658
565    -24.619
566    -32.466
567    -32.349
568    -23.193
569    -31.889
570    -32.197
571    -33.81
572    -33.171
573    -16.913
574    -32.88
575    -35.277
576    -32.666
577    -17.069
578    -32.356
579    -32.185
580    -32.224
581    -32.306
582    -32.054
583    -31.688
584    -32.29
585    -31.723999
586    -32.525
587    -32.18
588    -32.239
589    -32.697998
590    -32.163
591    -32.157
592    -32.858
593    -31.972
594    -24.494
595    -22.581
596    -32.401
597    -32.365
598    -32.5
599    -32.914
600    -32.65
601    -32.597
602    -32.309
603    -24.453
604    -32.691
605    -31.065
606    -32.848
607    -32.09
608    -32.368
609    -20.57
610    -21.831
611    -32.479
612    -32.446
613    -32.841
614    -32.193
615    -31.796
616    -20.801
617    -32.48
618    -32.686
619    -32.205
620    -33.474
621    -32.434
622    -32.297
623    -32.386
624    -32.105
625    -32.104
626    -31.842
627    -32.662
628    -33.075
629    -31.812
630    -36.183
631    -32.392
632    -13.85
633    -31.999
634    -36.325
635    -33.533
636    -36.887
637    -34.011
638    -37.572
639    -31.653
640    -36.714
641    -33.683
642    -37.222
643    -32.532
644    -37.07
645    -32.6
646    -36.84
647    -32.067
648    -37.451
649    -32.617
650    -33.298
651    -37.185
652    -32.16
653    -37.296
654    -33.857
655    -36.702
656    -37.416
657    -31.957
658    -37.422
659    -37.168
660    -32.077
661    -33.053
662    -31.416
663    -33.213
664    -34.385
665    -32.351
666    -33.826
667    -33.144
668    -33.334
669    -34.833
670    -33.413
671    -32.692
672    -33.43
673    -34.139
674    -32.352
675    -33.117
676    -33.599
677    -33.173
678    -33.366
679    -33.73
680    -33.368
681    -33.11
682    -33.248
683    -33.835
684    -33.489
685    -33.341
686    -33.603
687    -31.508
688    -32.17
689    -34.841
690    -32.427
691    -33.273
692    -33.33
693    -34.843
694    -32.845
695    -32.483
696    -33.363
697    -33.254
698    -33.798
699    -33.824
700    -33.76
701    -33.935
702    -33.78
703    -35.152
704    -33.336
705    -33.76
706    -33.644
707    -33.031
708    -33.18
709    -33.84
710    -33.247
711    -33.289
712    -32.952
713    -33.428
714    -32.834
715    -32.328
716    -32.202
717    -33.552
718    -33.77
719    -34.615
720    -33.538
721    -32.394
722    -33.761
723    -34.375
724    -32.145
725    -33.355
726    -33.059
727    -33.358
728    -33.106
729    -33.396
730    -33.402
731    -33.12
732    -33.503
733    -33.81
734    -33.813
735    -33.434
736    -33.39
737    -33.713
738    -33.841
739    -33.847
740    -34.572998
741    -32.836
742    -33.301
743    -32.417
744    -32.037
745    -32.395
746    -33.379
747    -33.397
748    -32.444
749    -33.473
750    -32.272
751    -34.677
752    -32.869
753    -33.08
754    -33.206
755    -33.417
756    -33.799
757    -33.498
758    -33.529
759    -33.669
760    -32.928
761    -33.488
762    -33.57
763    -33.216
764    -32.429
765    -33.818
766    -32.773
767    -33.096
768    -29.373
769    -33.006
770    -32.285
771    -34.994
772    -33.318
773    -33.186
774    -33.414
775    -34.564
776    -33.463
777    -33.288
778    -20.072
779    -33.593
780    -34.224
781    -33.135
782    -33.336998
783    -21.05
784    -33.064
785    -34.304
786    -20.818
787    -20.13
788    -34.227
789    -33.841
790    -32.122
791    -35.133
792    -33.15
793    -32.109
794    -44.58
795    -44.445
796    -42.328
797    -43.595
798    -45.143
799    -45.61
800    -44.097
801    -47.458
802    -45.035
803    -45.155
804    -44.866
805    -44.407
806    -45.06
807    -46.047
808    -45.181
809    -43.957
810    -43.016
811    -45.13
812    -44.239
813    -44.438
814    -43.654
815    -43.44
816    -45.523
817    -44.466
818    -44.377
819    -45.363
820    -43.82
821    -44.139
822    -43.18
823    -43.95
824    -45.331
825    -43.109
826    -45.228
827    -46.451
828    -45.187
829    -44.319
830    -42.982
831    -42.632
832    -43.977
833    -44.619
834    -44.017
835    -45.232
836    -42.16
837    -44.632
838    -44.348
839    -37.46
840    -33.285
841    -44.562
842    -32.971
843    -44.23
844    -33.284
845    -43.516
846    -45.175
847    -33.497
848    -43.861
849    -43.25
850    -33.676
851    -44.197
852    -32.345
853    -44.314
854    -45.588
855    -33.317
856    -44.266
857    -32.978
858    -44.277
859    -21.929
860    -36.859
861    -44.065
862    -43.054
863    -36.19
864    -43.296
865    -42.895
866    -123.776
867    -22.42
868    -37.438
869    -44.21
870    -43.395
871    -45.678
872    -37.003
873    -15.856
874    -36.175
875    -45.557
876    -43.588
877    -44.854
878    -38.059
879    -37.106
880    -43.176
881    -19.109
882    -38.505
883    -36.753
884    -44.038
885    -44.178
886    -37.219
887    -45.205
888    -36.843
889    -35.487
890    -43.986
891    -44.108
892    -33.702
893    -44.266
894    -44.672
895    -43.057
896    -44.45
897    -33.123
898    -34.752
899    -45.284
900    -44.605
901    -43.248
902    -44.232
903    -33.501
904    -46.328
905    -44.279
906    -32.385
907    -44.113
908    -42.99
909    -33.283
910    -44.442
911    -45.14
912    -43.186
913    -33.532
914    -44.239
915    -33.367
916    -43.452
917    -33.1
918    -44.583
919    -44.395
920    -44.238
921    -33.547
922    -45.118
923    -34.491
924    -44.233
925    -43.396
926    -43.477
927    -44.398
928    -33.53
929    -45.118
930    -43.329
931    -45.056
932    -44.588
933    -33.079
934    -42.491
935    -33.341
936    -44.022
937    -33.333
938    -43.499
939    -44.868
940    -34.586998
941    -34.435
942    -44.086
943    -45.392
944    -42.557
945    -34.223
946    -44.472
947    -45.169
948    -32.748
949    -44.189
950    -45.441
951    -33.183
952    -46.217
953    -33.286
954    -45.654
955    -43.301
956    -44.354
957    -45.334
958    -44.372
959    -43.386
960    -33.479
961    -45.219
962    -46.255
963    -44.331
964    -33.36
965    -33.345
966    -44.397
967    -44.162
968    -33.279
969    -44.66
970    -44.322
971    -45.277
972    -33.332
973    -33.388
974    -45.037
975    -44.387
976    -42.673
977    -44.466
978    -45.96
979    -34.294
980    -44.408
981    -45.586998
982    -34.322
983    -44.662
984    -37.257
985    -43.086
986    -37.339
987    -44.512
988    -45.594
989    -45.566
990    -15.975
991    -44.423
992    -42.121
993    -35.892
994    -45.101
995    -44.542
996    -36.704
997    -43.974
998    -45.128
999    -36.071
1000    -45.635
1001    -45.041
1002    -14.131
1003    -44.027
1004    -44.3
1005    -36.423
1006    -45.09
1007    -44.192
1008    -44.349
1009    -45.438
1010    -44.006
1011    -36.804
1012    -43.169
1013    -36.246
1014    -44.056
1015    -43.995
1016    -37.393
1017    -43.804
1018    -43.278
1019    -38.192
1020    -44.413
1021    -43.66
1022    -37.285
1023    -41.89
1024    -14.934
1025    -44.31
1026    -45.134
1027    -43.967
1028    -36.38
1029    -43.094
1030    -44.196
1031    -33.54
1032    -44.09
1033    -33.628
1034    -44.517
1035    -42.068
1036    -32.906
1037    -44.257
1038    -42.286
1039    -33.289
1040    -44.483
1041    -45.371
1042    -44.117
1043    -33.301
1044    -44.441
1045    -44.392
1046    -44.304
1047    -33.59
1048    -44.865
1049    -45.093
1050    -32.675
1051    -44.61
1052    -44.795
1053    -35.039
1054    -43.971
1055    -45.122
1056    -44.179
1057    -33.089
1058    -45.086998
1059    -43.425
1060    -34.624
1061    -44.296
1062    -33.164
1063    -44.338
1064    -43.554
1065    -44.446
1066    -34.317
1067    -44.488
1068    -34.66
1069    -46.253
1070    -42.812
1071    -33.463
1072    -44.281
1073    -32.165
1074    -43.302
1075    -33.247
1076    -44.029
1077    -44.281
1078    -44.354
1079    -33.262
1080    -43.314
1081    -43.986
1082    -45.02
1083    -33.494
1084    -43.446
1085    -44.284
1086    -44.014
1087    -43.881
1088    -44.583
1089    -33.308
1090    -43.551
1091    -34.491
1092    -33.483
1093    -44.274
1094    -43.349
1095    -44.178
1096    -33.225
1097    -44.364
1098    -44.532
1099    -44.359
1100    -33.369
1101    -44.086
1102    -44.301
1103    -33.435
1104    -44.389
1105    -44.273
1106    -44.243
1107    -45.388
1108    -32.179
1109    -43.964
1110    -43.426
1111    -33.374
1112    -33.386
1113    -44.209
1114    -44.271
1115    -42.138
1116    -33.493
1117    -44.295
1118    -45.346
1119    -44.153
1120    -33.284
1121    -44.644
1122    -44.45
1123    -33.295
1124    -43.626
1125    -43.597
1126    -33.291
1127    -42.832
1128    -44.159
1129    -43.155
1130    -33.165
1131    -44.168
1132    -44.298
1133    -43.945
1134    -33.653
1135    -43.797
1136    -43.242
1137    -33.325
1138    -43.885
1139    -32.939
1140    -44.292
1141    -43.445
1142    -43.123
1143    -45.317
1144    -43.127
1145    -44.29
1146    -33.44
1147    -44.309
1148    -43.31
1149    -33.634
1150    -44.331
1151    -33.711998
1152    -43.608
1153    -45.261
1154    -33.401
1155    -44.197
1156    -44.269
1157    -44.09
1158    -33.21
1159    -43.923
1160    -43.288
1161    -33.45
1162    -43.891
1163    -44.384
1164    -43.357
1165    -33.496
1166    -43.209
1167    -33.61
1168    -42.879
1169    -42.663
1170    -33.412
1171    -44.0
1172    -43.392
1173    -43.489
1174    -33.607
1175    -43.04
1176    -43.134
1177    -44.07
1178    -34.074
1179    -43.911
1180    -33.119
1181    -43.39
1182    -44.376
1183    -44.538
1184    -44.399
1185    -33.507
1186    -33.185
1187    -44.083
1188    -43.456
1189    -44.578
1190    -44.017
1191    -32.401
1192    -44.012
1193    -43.881
1194    -33.344
1195    -43.996
1196    -44.273
1197    -44.459
1198    -33.245
1199    -33.6
1200    -43.603
1201    -43.994
1202    -44.488
1203    -44.481
1204    -44.281
1205    -48.247
1206    -44.006
1207    -43.412
1208    -47.233
1209    -47.708
1210    -49.134
1211    -48.783
1212    -41.309
1213    -42.89
1214    -47.177
1215    -48.308
1216    -42.969
1217    -43.391
1218    -48.371
1219    -48.055
1220    -50.422
1221    -52.275
1222    -47.328
1223    -46.884
1224    -50.852
1225    -29.111
1226    -55.613
1227    -51.268
1228    -55.075
1229    -54.293
1230    -54.97
1231    -50.627
1232    -28.796
1233    -54.426
1234    -56.171
1235    -46.386
1236    -56.423
1237    -56.346
1238    -49.369
1239    -27.57
1240    -55.609
1241    -50.387
1242    -55.417
1243    -54.349
1244    -43.309
1245    -27.359
1246    -56.096
1247    -41.085
1248    -52.28
1249    -55.071
1250    -40.744
1251    -30.032999
1252    -55.863
1253    -42.194
1254    -41.233
1255    -30.761
1256    -54.27
1257    -54.375
1258    -41.967
1259    -53.37
1260    -41.092
1261    -56.913
1262    -38.405
1263    -54.162
1264    -56.677
1265    -48.092
1266    -54.168
1267    -55.199
1268    -52.242
1269    -46.28
1270    -48.266
1271    -48.313
1272    -53.019
1273    -52.241
1274    -53.36
1275    -54.136
1276    -53.839
1277    -53.305
1278    -47.362
1279    -47.893
1280    -55.077
1281    -52.416
1282    -46.895
1283    -54.118
1284    -54.197998
1285    -51.984
1286    -52.969
1287    -47.456
1288    -53.307
1289    -50.101
1290    -47.31
1291    -53.379
1292    -46.586
1293    -52.143
1294    -53.165
1295    -45.203
1296    -53.024
1297    -52.865
1298    -54.088
1299    -47.932
1300    -53.657
1301    -53.13
1302    -50.266
1303    -53.426
1304    -47.099
1305    -54.051
1306    -52.254
1307    -46.438
1308    -53.83
1309    -52.094
1310    -46.034
1311    -53.32
1312    -48.085
1313    -53.444
1314    -53.196
1315    -53.156
1316    -48.501
1317    -54.099
1318    -53.265
1319    -51.279
1320    -52.979
1321    -48.374
1322    -53.187
1323    -54.334
1324    -54.129
1325    -54.226
1326    -46.926
1327    -53.572
1328    -51.888
1329    -46.226
1330    -52.374
1331    -46.905
1332    -53.887
1333    -48.312
1334    -52.162
1335    -50.237
1336    -54.007
1337    -55.042
1338    -47.155
1339    -47.117
1340    -52.854
1341    -53.236
1342    -46.39
1343    -48.499
1344    -55.38
1345    -52.218
1346    -49.44
1347    -54.129
1348    -54.024
1349    -53.158
1350    -53.132
1351    -56.305
1352    -54.189
1353    -54.271
1354    -54.045
1355    -53.096
1356    -55.283
1357    -53.266
1358    -52.778
1359    -55.273
1360    -53.382
1361    -53.734
1362    -53.734
1363    -52.169
1364    -55.376
1365    -57.126
1366    -52.876
1367    -54.168
1368    -53.931
1369    -52.266
1370    -54.906
1371    -55.255
1372    -52.871
1373    -53.176
1374    -53.717
1375    -54.214
1376    -54.028
1377    -56.283
1378    -53.725998
1379    -53.812
1380    -53.431
1381    -55.086998
1382    -56.175
1383    -54.03
1384    -54.119
1385    -55.511
1386    -53.641
1387    -52.884
1388    -55.365
1389    -53.816
1390    -55.034
1391    -52.203
1392    -53.203
1393    -55.207
1394    -53.199
1395    -53.057
1396    -57.347
1397    -54.831
1398    -53.043
1399    -55.297
1400    -56.353
1401    -54.141
1402    -55.017
1403    -52.035
1404    -53.034
1405    -55.029
1406    -52.444
1407    -53.127
1408    -54.476
1409    -53.94
1410    -54.165
1411    -53.816
1412    -51.221
1413    -53.889
1414    -53.028
1415    -53.978
1416    -55.293
1417    -37.383
1418    -52.414
1419    -52.065
1420    -53.841
1421    -54.157
1422    -37.086998
1423    -37.306
1424    -52.385
1425    -55.067
1426    -53.3
1427    -54.165
1428    -54.228
1429    -55.059
1430    -55.009
1431    -50.796
1432    -53.082
1433    -53.094
1434    -37.23
1435    -53.689
1436    -56.261
1437    -55.044
1438    -53.2
1439    -52.072998
1440    -53.961998
1441    -50.414
1442    -52.969
1443    -53.395
1444    -54.034
1445    -50.377
1446    -53.411
1447    -55.461
1448    -35.301
1449    -55.144
1450    -52.07
1451    -55.092
1452    -52.211
1453    -53.238
1454    -54.105
1455    -53.093
1456    -54.307
1457    -53.39
1458    -53.181
1459    -52.091
1460    -53.203
1461    31.127003
1462    -54.408
1463    -52.781
1464    -55.184
1465    -49.139
1466    -47.423
1467    -47.917
1468    -50.251
1469    -49.875
1470    -48.185
1471    -49.262
1472    -49.456
1473    -49.46
1474    -48.207
1475    -50.428
1476    -47.847
1477    -48.028
1478    -48.797
1479    -47.865
1480    -47.917
1481    -49.801
1482    -47.016
1483    -48.939
1484    -49.258
1485    -49.076
1486    -47.825
1487    31.357002
1488    -48.388
1489    -48.313
1490    -47.908
1491    -50.24
1492    -48.091
1493    -50.189
1494    -48.192
1495    -49.771
1496    -49.207
1497    -39.64
1498    -49.224
1499    -50.204
1500    -38.142
1501    -49.211998
1502    -47.401
1503    -51.186
1504    -47.419
1505    -50.194
1506    -48.882
1507    -39.463
1508    -49.423
1509    -48.993
1510    -40.507
1511    -49.155
1512    -49.515
1513    -48.33
1514    -51.888
1515    -49.021
1516    -48.303
1517    -49.305
1518    -49.222
1519    -49.222
1520    -50.158
1521    -48.291
1522    -50.328
1523    -48.233
1524    -49.243
1525    -48.74
1526    -49.915
1527    -50.278
1528    -49.557
1529    -50.525
1530    -51.017
1531    -47.926
1532    -50.39
1533    -49.317
1534    -39.56
1535    -40.176
1536    -47.152
1537    -47.46
1538    -51.101
1539    -49.154
1540    -39.365
1541    -39.55
1542    -45.454
1543    -45.519
1544    -51.056
1545    -50.799
1546    -46.246
1547    -43.208
1548    -43.151
1549    -44.092
1550    -81.855
1551    -78.602
1552    -80.863
1553    -81.888
1554    -82.105
1555    -79.037
1556    -78.204
1557    -76.779
1558    -74.276
1559    -80.161
1560    -81.09
1561    -77.183
1562    -80.035
1563    -80.789
1564    -79.239
1565    -81.277
1566    -78.804
1567    -76.025
1568    -81.776
1569    -72.911
1570    -81.756
1571    -81.714
1572    -80.938
1573    -78.907
1574    -78.999
1575    -78.9
1576    -78.097
1577    -78.127
1578    -77.881
1579    -78.735
1580    -80.832
1581    -81.7
1582    -76.986
1583    -83.068
1584    -81.887
1585    -81.08
1586    -81.639
1587    -82.061
1588    -78.919
1589    -81.76
1590    -81.077
1591    -80.837
1592    -79.982
1593    -79.928
1594    -78.847
1595    -79.229
1596    -79.871
1597    -78.062
1598    -81.627
1599    -78.269
1600    -78.981
1601    -78.020996
1602    -77.669
1603    -80.088
1604    -82.868
1605    -76.939
1606    -80.73
1607    -79.67
1608    -79.74
1609    -78.884
1610    -81.897
1611    -81.112
1612    -80.736
1613    -78.606
1614    -79.08
1615    -81.538
1616    -81.964
1617    -78.311
1618    -80.018
1619    -79.357
1620    -82.046
1621    -78.27
1622    -78.735
1623    -73.236
1624    -81.053
1625    -78.67
1626    -81.18
1627    -77.907
1628    -77.967
1629    -79.858
1630    -82.602
1631    -75.933
1632    -79.817
1633    -80.114
1634    -81.129
1635    -44.017
1636    -43.978
1637    -44.444
1638    -44.218
1639    -43.138
1640    -43.941
1641    -44.39
1642    -43.869
1643    -44.589
1644    -44.014
1645    -44.455
1646    -43.234
1647    -44.21
1648    -44.254
1649    -44.458
1650    -43.847
1651    -43.348
1652    -44.012
1653    -44.282
1654    -44.138
1655    -44.623
1656    -53.158
1657    -53.392
1658    -52.146
1659    -53.444
1660    -52.878
1661    -53.256
1662    -53.298
1663    -51.989
1664    -52.679
1665    -52.438
1666    -53.949
1667    -54.245
1668    -52.144
1669    -53.92
1670    -53.116
1671    -53.891
1672    -54.116
1673    -43.076
1674    -44.028
1675    -44.242
1676    -43.594
1677    -44.324
1678    -44.26
1679    -73.426
1680    -73.587
1681    -74.114
1682    -74.265
1683    -74.331
1684    -74.241
1685    -74.105
1686    -72.987
1687    -74.182
1688    -73.156
1689    -73.535
1690    -74.29
1691    -74.595
1692    -74.37
1693    -73.335
1694    -73.267
1695    -75.414
1696    -72.915
1697    -73.196
1698    -73.287
1699    -76.332
1700    -73.195
1701    -73.269
1702    -74.485
1703    -74.37
1704    -35.338
1705    -77.346
1706    -78.14
1707    -78.474
1708    -78.6
1709    -78.257
1710    -78.426
1711    -79.213
1712    -78.827
1713    -78.348
1714    -79.39
1715    -42.459
1716    -48.188
1717    -47.928
1718    -47.271
1719    -48.183
1720    -47.294
1721    -48.18
1722    -48.379
1723    -46.412
1724    -47.045
1725    -47.171
1726    -47.204
1727    -48.248
1728    -47.163
1729    -48.321
1730    -47.476
1731    -47.027
1732    -47.286
1733    -48.324
1734    -45.801
1735    -48.277
1736    -48.453
1737    -47.089
1738    -47.885
1739    -48.086998
1740    -46.326
1741    -47.26
1742    -47.082
1743    -47.887
1744    -45.708
1745    -45.113
1746    -47.309
1747    -48.182
1748    -46.177
1749    -48.154
1750    -47.957
1751    -47.81
1752    -47.947998
1753    -47.848
1754    -47.338
1755    -47.449
1756    -47.479
1757    -47.216
1758    -47.072
1759    -46.408
1760    -48.237
1761    -46.907
1762    -48.214
1763    -48.186
1764    -48.214
1765    -48.14
1766    -46.569
1767    -47.995
1768    -48.235
1769    -48.221
1770    -48.199
1771    -48.205
1772    -47.179
1773    -47.205
1774    -47.485
1775    -48.439
1776    -47.14
1777    -46.384
1778    -46.211998
1779    -48.522
1780    -47.311
1781    -47.101
1782    -48.232
1783    -47.482
1784    -47.881
1785    -48.455
1786    -48.357
1787    -47.04
1788    -47.248
1789    -47.408
1790    -47.062
1791    -48.229
1792    -47.992
1793    -47.181
1794    -47.058
1795    -48.341
1796    -48.125
1797    -47.256
1798    -47.136
1799    -48.158
1800    -46.953
1801    -47.091
1802    -48.123
1803    -46.194
1804    -47.423
1805    -48.309
1806    -77.346
1807    -45.814
1808    -50.532
1809    -80.225
1810    -47.775
1811    -47.067
1812    -50.035
1813    -46.845
1814    -80.21
1815    -51.33
1816    -50.36
1817    -47.866
1818    -47.88
1819    -48.342
1820    -78.602
1821    -47.095
1822    -48.302
1823    -47.248
1824    -48.036
1825    -47.314
1826    -76.289
1827    -47.46
1828    -47.266
1829    -48.304
1830    -47.148
1831    -77.305
1832    -46.399
1833    -47.068
1834    -48.048
1835    -48.175
1836    -47.248
1837    -77.195
1838    -48.508
1839    -48.182
1840    -48.322998
1841    -47.309
1842    -77.299
1843    -47.211998
1844    -48.169
1845    -47.481
1846    -47.293
1847    -48.571
1848    -48.229
1849    -76.523
1850    -48.443
1851    -48.044
1852    -48.31
1853    -48.261
1854    -47.69
1855    -77.235
1856    -47.769
1857    -47.737
1858    -48.138
1859    -47.431
1860    -77.187
1861    -48.315
1862    -47.867
1863    -48.368
1864    -47.952
1865    -48.183
1866    -75.048
1867    -46.508
1868    -47.126
1869    -45.828
1870    -46.188
1871    -47.246
1872    -76.048
1873    -47.85
1874    -47.943
1875    -48.344
1876    -46.294
1877    -46.356
1878    -78.441
1879    -48.032
1880    -47.221
1881    -46.927
1882    -48.05
1883    -47.987
1884    -47.307
1885    -77.434
1886    -48.33
1887    -48.037
1888    -47.947
1889    -47.996
1890    -48.114
1891    -75.425
1892    -48.299
1893    -48.25
1894    -48.236
1895    -44.898
1896    -77.51
1897    -47.798
1898    -48.319
1899    -48.459
1900    -48.308
1901    -75.059
1902    -48.38
1903    -47.967
1904    -48.345
1905    -47.502
1906    -47.814
1907    -77.384
1908    -47.197998
1909    -47.246
1910    -48.237
1911    -48.062
1912    -48.136
1913    -76.33
1914    -48.243
1915    -47.235
1916    -47.319
1917    -47.207
1918    -48.309
1919    -76.47
1920    -43.284
1921    -43.245
1922    -43.272
1923    -72.056
1924    -43.416
1925    -43.217
1926    -43.089
1927    -43.131
1928    -73.668
1929    -42.932
1930    -43.362
1931    -43.083
1932    -42.876
1933    -71.601
1934    -43.171
1935    -43.118
1936    -42.072998
1937    -43.297
1938    -42.609
1939    -43.131
1940    -71.183
1941    -43.259
1942    -41.984
1943    -71.975
1944    -43.279
1945    -43.581
1946    -42.3
1947    -43.611
1948    -42.922
1949    -72.121
1950    -43.417
1951    -43.438
1952    -43.2
1953    -43.415
1954    -72.402
1955    -34.305
1956    -34.348
1957    -34.065998
1958    -63.202
1959    -34.473
1960    -33.432
1961    -34.261
1962    -32.26
1963    -63.593
1964    -34.611
1965    -34.703
1966    -63.27
1967    -33.389
1968    -34.424
1969    -34.258
1970    -63.387
1971    -34.275
1972    -33.66
1973    -62.533
1974    -34.363
1975    -34.492
1976    -34.648
1977    -63.757
1978    -34.538
1979    -34.556
1980    -34.279
1981    -33.406
1982    -39.133
1983    -38.342
1984    -63.386
1985    -33.67
1986    -34.225
1987    -34.068
1988    -63.469
1989    -32.545
1990    -33.31
1991    -38.625
1992    -34.649
1993    -34.249
1994    -63.83
1995    -39.575
1996    -63.15
1997    -34.455
1998    -34.593
1999    -62.486
2000    -39.446
2001    -34.381
2002    -34.494
2003    -34.667
2004    -33.575
2005    -34.689
2006    -39.747
2007    -34.47
2008    -34.543
2009    -33.725
2010    -39.697998
2011    -33.262
2012    -33.422
2013    -33.254
2014    -34.387
2015    -39.418
2016    -34.701
2017    -34.072998
2018    -34.532
2019    -34.158
2020    -38.585
2021    -34.695
2022    -33.472
2023    -34.333
2024    -30.361
2025    -39.322998
2026    -63.661
2027    -34.572
2028    -34.19
2029    -34.691
2030    -63.361
2031    -34.507
2032    -34.516
2033    -34.375
2034    -33.523
2035    -34.135
2036    -63.581
2037    -34.797
2038    -33.925
2039    -34.412
2040    -34.546
2041    -64.405
2042    -34.113
2043    -34.305
2044    -34.177
2045    -34.18
2046    -63.523
2047    -34.797
2048    -34.404
2049    -34.516
2050    -62.575
2051    -34.333
2052    -34.043
2053    -34.431
2054    -34.274
2055    -63.599
2056    -34.256
2057    -33.978
2058    -34.55
2059    -63.079
2060    -34.093
2061    -33.975
2062    -32.582
2063    -33.869
2064    -63.449
2065    -34.259
2066    -34.145
2067    -33.467
2068    -34.822998
2069    -63.208
2070    -34.646
2071    -34.317
2072    -34.484
2073    -63.706
2074    -38.932
2075    -38.766
2076    -39.107
2077    -34.394
2078    -67.789
2079    -37.504
2080    -38.242
2081    -39.629
2082    -68.209
2083    -34.442
2084    -38.386
2085    -38.47
2086    -38.314
2087    -67.022
2088    -38.453
2089    -39.538
2090    -67.558
2091    -28.547
2092    -28.537
2093    -28.507
2094    -28.423
2095    -26.697
2096    -58.613
2097    -28.576
2098    -28.732
2099    -58.557
2100    -28.472
2101    -28.438
2102    -28.264
2103    -28.645
2104    -28.395
2105    -58.893
2106    -28.652
2107    -28.387
2108    -28.522
2109    -58.691
2110    -28.673
2111    -28.699
2112    -28.248
2113    -58.605
2114    -28.253
2115    -28.498
2116    -28.5
2117    -28.369
2118    -57.437
2119    -27.578
2120    -27.551
2121    -28.659
2122    -58.623
2123    -28.771
2124    -27.517
2125    -27.527
2126    -27.751
2127    -57.63
2128    -58.724
2129    -28.584
2130    -28.524
2131    -28.443
2132    -27.124
2133    -58.903
2134    -28.374
2135    -28.434
2136    -58.562
2137    -28.332
2138    -28.537
2139    -58.552
2140    -28.466
2141    -28.793
2142    -27.955
2143    -28.765
2144    -58.725
2145    -28.626
2146    -57.76
2147    -28.396
2148    -28.942
2149    -28.374
2150    -57.362
2151    -27.749
2152    -28.244999
2153    -58.477
2154    -28.633
2155    -28.144
2156    -62.217
2157    -28.792
2158    -28.372
2159    -28.623
2160    -58.09
2161    -28.957
2162    -58.403
2163    -28.557
2164    -28.364
2165    -28.418
2166    -58.483
2167    -28.377
2168    -58.806
2169    -28.468
2170    -28.549
2171    -29.453
2172    -29.134
2173    -29.625
2174    -28.362999
2175    -28.627
2176    -58.578
2177    -27.513
2178    -28.422
2179    -28.687
2180    -28.718
2181    -58.73
2182    -28.612
2183    -28.464
2184    -28.129
2185    -59.784
2186    -28.628
2187    -28.734
2188    -27.875
2189    -58.372
2190    -28.872
2191    -28.707
2192    -28.791
2193    -58.318
2194    -27.268
2195    -28.371
2196    -28.695
2197    -28.418
2198    -58.496
2199    -28.635
2200    -27.569
2201    -28.591
2202    -27.696
2203    -58.447998
2204    -27.704
2205    -28.726
2206    -27.773
2207    -58.497
2208    -28.676
2209    -28.51
2210    -57.643
2211    -27.574
2212    -28.018
2213    -28.591
2214    -28.374
2215    -58.475
2216    -28.327
2217    -28.683
2218    -28.386
2219    -58.362
2220    -28.444
2221    -28.466
2222    -28.184
2223    -58.795
2224    -28.619
2225    -28.956
2226    -28.394
2227    -28.014
2228    -58.539
2229    -27.747
2230    -28.381
2231    -27.535
2232    -58.309
2233    -28.335
2234    -28.847
2235    -28.596
2236    -28.186
2237    -58.547
2238    -28.506
2239    -58.67
2240    -28.6
2241    -28.762
2242    -28.299
2243    -57.421
2244    -28.605999
2245    -28.861
2246    -28.774
2247    -58.445
2248    -26.83
2249    -26.735
2250    -28.668
2251    -28.706
2252    -28.203
2253    -58.56
2254    -28.639
2255    -28.785
2256    -28.664
2257    -28.072
2258    -58.618
2259    -27.428
2260    -27.604
2261    -28.133
2262    -27.472
2263    -28.306
2264    -27.512
2265    -59.518
2266    -28.741
2267    -28.432
2268    -27.776
2269    -28.739
2270    -58.485
2271    -28.476
2272    -28.57
2273    -28.633
2274    -28.191
2275    -58.481
2276    -28.791
2277    -28.847
2278    -27.457
2279    -28.641
2280    -58.546
2281    -28.717
2282    -28.812
2283    -27.497
2284    -28.729
2285    -58.417
2286    -28.357
2287    -28.751
2288    -28.598999
2289    -58.92
2290    -27.281
2291    -27.689
2292    -28.45
2293    -28.648
2294    -58.74
2295    -28.129
2296    -28.515
2297    -28.605999
2298    -28.369
2299    -28.445
2300    -27.538
2301    -27.727
2302    -28.562
2303    -28.005
2304    -28.354
2305    -28.496
2306    -28.551
2307    -28.662
2308    -27.531
2309    -28.821
2310    -28.133
2311    -27.443
2312    -28.574
2313    -28.921
2314    -28.612999
2315    -27.491
2316    -28.537
2317    -28.661
2318    -28.539
2319    -28.298
2320    -28.908
2321    -27.147
2322    -26.744
2323    -28.954
2324    -28.576
2325    -28.615
2326    -27.081
2327    -28.557
2328    -27.399
2329    -28.068
2330    -27.375
2331    -28.264
2332    -26.803
2333    -27.402
2334    -28.205
2335    -28.638
2336    -28.497
2337    -28.659
2338    -27.334
2339    -28.661
2340    -27.375
2341    -28.216
2342    -28.446
2343    -27.005
2344    -28.439
2345    -6.793
2346    -28.889
2347    -7.338
2348    -28.17
2349    -27.525
2350    -7.968
2351    -28.39
2352    -7.473
2353    -28.588
2354    -7.141
2355    -28.605999
2356    -6.031
2357    -29.012
2358    -7.091
2359    -27.534
2360    -6.404
2361    -28.829
2362    -8.893
2363    -27.854
2364    -8.659
2365    -27.015999
2366    -6.115
2367    -28.898
2368    -7.815
2369    -27.802
2370    -3.433
2371    -28.851
2372    -5.741
2373    -27.362999
2374    -7.843
2375    -28.057
2376    -8.041
2377    -27.855999
2378    -5.719
2379    -28.57
2380    -8.143
2381    -28.204
2382    -6.492
2383    -28.357
2384    -5.927
2385    -27.473
2386    -7.777
2387    -28.358
2388    -6.977
2389    -28.714
2390    -6.842
2391    -28.629
2392    -6.366
2393    -27.195
2394    -2.991
2395    -28.248
2396    -4.598
2397    -28.676
2398    -9.14
2399    -28.727
2400    -5.927
2401    -28.327
2402    -7.068
2403    -28.612999
2404    -7.85
2405    -29.03
2406    -6.583
2407    -34.677
2408    -4.986
2409    -34.208
2410    -6.753
2411    -34.803
2412    -7.986
2413    -33.164
2414    -34.613
2415    -33.189
2416    -34.376
2417    -34.536
2418    -34.224
2419    -34.56
2420    -31.867
2421    -33.648
2422    -34.346
2423    -34.572
2424    -34.726
2425    -34.227
2426    -33.965
2427    -33.625
2428    -34.345
2429    -34.343
2430    -34.307
2431    -34.511
2432    -33.971
2433    -34.311
2434    -34.473
2435    -34.48
2436    -33.866
2437    -34.571
2438    -34.169
2439    -34.276
2440    -34.47
2441    -34.663
2442    -32.917
2443    -33.32
2444    -33.319
2445    -34.8
2446    -33.614
2447    -34.259
2448    -33.414
2449    -34.007
2450    -34.535
2451    -34.57
2452    -34.311
2453    -34.693
2454    -34.626
2455    -34.029
2456    -34.584
2457    -33.362
2458    -34.247
2459    -33.402
2460    -34.174
2461    -34.264
2462    -33.988
2463    -34.309
2464    -34.208
2465    -34.418
2466    -34.159
2467    -33.207
2468    -34.347
2469    -34.377
2470    -34.62
2471    -34.303
2472    -34.037
2473    -34.353
2474    -34.412
2475    -33.889
2476    -34.467
2477    -34.195
2478    -34.597
2479    -33.977
2480    -34.59
2481    -34.544
2482    -33.636
2483    -34.613
2484    -34.33
2485    -34.579
2486    -34.481
2487    -34.657
2488    -34.551
2489    -34.317
2490    -34.457
2491    -34.461998
2492    -34.861
2493    -34.702
2494    -34.353
2495    -34.738
2496    -34.518
2497    -33.317
2498    -34.305
2499    -34.063
2500    -34.77
2501    -34.074
2502    -33.111
2503    -34.61
2504    -33.578
2505    -32.003
2506    -33.015
2507    -34.244
2508    -34.692
2509    -34.538
2510    -33.472
2511    -34.773
2512    -34.36
2513    -33.929
2514    -34.243
2515    -33.966
2516    -34.628
2517    -34.594
2518    -34.067
2519    -34.524
2520    -33.977
2521    -34.72
2522    -34.643
2523    -34.624
2524    -34.132
2525    -34.761
2526    -34.33
2527    -34.345
2528    -32.596
2529    -34.365
2530    -34.391
2531    -34.173
2532    -34.464
2533    -34.197998
2534    -33.228
2535    -34.309
2536    -34.296
2537    -39.484
2538    -39.179
2539    -39.58
2540    -39.038
2541    -39.544
2542    -39.321
2543    -39.373
2544    -39.493
2545    -39.443
2546    -39.638
2547    -38.549
2548    -38.182
2549    -38.95
2550    -39.216
2551    -39.485
2552    -39.349
2553    -39.501
2554    -38.666
2555    -38.136
2556    -39.263
2557    -38.835
2558    -37.485
2559    -38.611
2560    -38.97
2561    -39.63
2562    -37.686
2563    -39.056
2564    -39.239
2565    -37.719
2566    -37.937
2567    -39.069
2568    -38.047
2569    -39.372
2570    -39.434
2571    -38.28
2572    -39.251
2573    -39.25
2574    -38.793
2575    -38.026
2576    -39.649
2577    -38.31
2578    -39.196
2579    -38.062
2580    -38.303
2581    -39.284
2582    -38.158
2583    -38.255
2584    -39.143
2585    -39.457
2586    -39.348
2587    -33.545
2588    -33.308
2589    -34.664
2590    -34.675
2591    -33.38
2592    -34.589
2593    -34.375
2594    -34.411
2595    -33.431
2596    -34.519
2597    -34.276
2598    -34.562
2599    -34.346
2600    -34.697
2601    -34.221
2602    -33.272
2603    -34.311
2604    -27.967
2605    -27.492
2606    -28.383
2607    -28.487
2608    -32.574
2609    -31.984
2610    -32.476
2611    -32.394
2612    -32.886
2613    -32.357
2614    -32.268
2615    -32.566
2616    -32.598
2617    -31.843
2618    -30.227
2619    -55.396
2620    -54.741
2621    -55.281
2622    -54.09
2623    -55.39
2624    -53.923
2625    -54.687
2626    -54.203
2627    -54.485
2628    -54.298
2629    -54.748
2630    -54.35
2631    -55.075
2632    -54.06
2633    -55.126
2634    -54.59
2635    -52.836
2636    -55.226
2637    -54.505
2638    -55.295
2639    -53.798
2640    -54.888
2641    -53.787
2642    -54.378
2643    -54.391
2644    -53.752
2645    -56.179
2646    -55.234
2647    -56.294
2648    -55.468
2649    -56.178
2650    -56.055
2651    -55.956
2652    -56.299
2653    -55.534
2654    -55.836998
2655    -53.493
2656    -54.795
2657    -55.628
2658    -56.068
2659    -50.263
2660    -53.586
2661    -56.393
2662    -54.68
2663    -43.077
2664    -55.48
2665    -56.562
2666    -55.715
2667    -55.336998
2668    -54.869
2669    -56.248
2670    -55.672
2671    -56.045
2672    -43.062
2673    -55.732
2674    -55.997
2675    -55.547
2676    -56.325
2677    -51.05
2678    -55.842
2679    -55.25
2680    -53.832
2681    -53.868
2682    -54.856
2683    -51.035
2684    -55.696
2685    -56.107
2686    -56.096
2687    -55.506
2688    -56.083
2689    -55.542
2690    -56.181
2691    -51.027
2692    -55.59
2693    -54.504
2694    -56.139
2695    -54.825
2696    -50.865
2697    -55.436
2698    -56.456
2699    -55.356
2700    -54.331
2701    -55.741
2702    -53.897
2703    -51.346
2704    -55.606
2705    -56.175
2706    -55.664
2707    -56.33
2708    -55.53
2709    -56.042
2710    -51.218
2711    -55.481
2712    -55.979
2713    -55.485
2714    -55.115
2715    -55.526
2716    -56.131
2717    -51.304
2718    -55.986
2719    -55.968
2720    -55.505
2721    -56.105
2722    -50.411
2723    -53.657
2724    -43.383
2725    -56.276
2726    -54.855
2727    -55.295
