0    -1.7809999
1    2.928
2    2.1069999
3    -1.4079999
4    2.44
5    -1.7049999
6    2.371
7    -1.527
8    2.738
9    2.038
10    -1.6739999
11    2.631
12    2.265
13    2.04
14    1.96
15    2.164
16    9.441
17    2.5040002
18    2.5560002
19    -1.1679999
20    2.639
21    2.266
22    3.028
23    2.874
24    2.6480002
25    -1.305
26    2.4720001
27    2.6220002
28    2.244
29    2.272
30    4.544
31    2.038
32    2.4510002
33    2.5410001
34    -5.467
35    3.163
36    -33.757
37    1.748
38    1.748
39    2.428
40    2.528
41    2.179
42    2.6550002
43    2.388
44    2.304
45    2.9850001
46    2.3730001
47    2.345
48    -4.616
49    2.343
50    2.717
51    2.428
52    2.696
53    2.377
54    2.9440002
55    2.47
56    2.342
57    2.9810002
58    2.2600002
59    2.614
60    1.8410001
61    5.568
62    3.1150002
63    2.075
64    2.4910002
65    2.323
66    2.45
67    -32.825
68    3.402
69    2.7410002
70    2.291
71    3.5240002
72    2.4580002
73    2.354
74    1.7160001
75    2.3720002
76    1.832
77    1.5250001
78    2.5740001
79    2.4320002
80    2.6200001
81    2.163
82    2.061
83    1.572
84    2.41
85    2.565
86    2.382
87    0.61600006
88    3.082
89    2.762
90    2.165
91    2.344
92    2.4950001
93    2.4180002
94    2.152
95    2.0500002
96    2.607
97    0.7700001
98    3.114
99    2.2470002
100    2.7810001
101    2.38
102    2.711
103    4.551
104    2.513
105    3.657
106    2.225
107    2.548
108    2.455
109    2.3200002
110    -32.872
111    2.6150002
112    3.331
113    2.7450001
114    2.3860002
115    2.9450002
116    2.203
117    2.3530002
118    2.417
119    3.1720002
120    2.986
121    3.071
122    2.3260002
123    -1.5589999
124    2.428
125    -34.582
126    -1.2049999
127    2.24
128    2.223
129    2.2340002
130    2.4180002
131    2.31
132    2.369
133    -35.095
134    2.381
135    1.102
136    1.9120001
137    2.032
