0    -28.271
1    -28.657
2    -28.427
3    -28.273
4    -28.622
5    -28.47
6    -28.847
7    -28.248
8    -27.596
9    -5.399
10    -7.88
11    -6.6619997
12    -6.519
13    -2.283
14    -6.1879997
15    -6.376
16    -5.92
17    -7.579
18    -9.944
19    -7.261
20    -8.635
21    -7.084
22    -8.881
23    -6.036
24    -8.056
25    -8.573999
26    -6.453
27    -7.906
28    -7.1429996
29    -5.909
30    -27.878
31    -28.525
32    -28.508
33    -28.362
34    -27.679
35    -28.538
36    -26.775
37    -28.368
38    -28.983
39    -28.332
40    -27.454
41    -28.8
42    -28.29
43    -28.699
44    -28.144
45    -26.614
46    -27.378
47    -28.487999
48    -28.527
49    -28.647
50    -28.322
51    -28.61
52    -28.615
53    -58.591
54    -28.071
55    -58.609
56    -28.506
57    -58.6
58    -26.938
59    -57.701
60    -27.498
61    -58.297
62    -27.969
63    -27.912
64    -28.601
65    -28.886
66    -60.7
67    -28.9
68    -57.482
69    -28.709
70    -58.247
71    -27.855
72    -58.345
73    -28.237999
74    -58.856
75    -28.246
76    -58.765
77    -27.645
78    -58.62
79    -28.266
80    -28.487999
81    -59.583
82    -58.47
83    -27.813
84    -59.537
85    -28.803
86    -58.799
87    -28.641
88    -58.822
89    -28.379
90    -58.558
91    -28.307
92    -59.644
93    -28.51
94    -57.47
95    -27.645
96    -58.979
97    -28.586
98    -58.753
99    -28.782
100    -57.335
101    -28.295
102    -58.743
103    -28.561
104    -64.143
105    -31.666
106    -64.465
107    -34.312
108    -64.53
109    -64.24
110    -34.461
111    -63.311
112    -34.452
113    -63.63
114    -34.6
115    -63.116
116    -34.149
117    -64.319
118    -34.545
119    -64.254
120    -34.523
121    -63.254
122    -34.593
123    -63.813
124    -34.512
125    -64.691
126    -33.586998
127    -63.989
128    -32.909
129    -63.383
130    -34.652
131    -32.313
132    -64.243
133    -64.482
134    -33.157
135    -64.652
136    -34.605
137    -64.077
138    -34.719
139    -64.792
140    -34.227
141    -63.601
142    -34.355
143    -64.239
144    -34.434
145    -64.005
146    -34.332
147    -64.422
148    -33.929
149    -63.46
150    -34.607
151    -64.685
152    -34.435
153    -63.766
154    -34.416
155    -64.636
156    -34.181
157    -63.148
158    -34.482
159    -64.162
160    -34.385
161    -64.518
162    -33.154
163    -64.732
164    -34.071
165    -64.982
166    -34.576
167    -64.359
168    -34.321
169    -64.421
170    -34.201
171    -69.144
172    -34.616
173    -64.468
174    -34.312
175    -64.747
176    -34.107
177    -64.414
178    -32.322
179    -63.562
180    -34.169
181    -63.149
182    -33.558
183    -64.459
184    -34.65
185    -64.14
186    -33.354
187    -64.242
188    -34.231
189    -64.423
190    -34.339
191    -64.555
192    -34.56
193    -64.611
194    -34.597
195    -64.34
196    -34.487
197    -64.363
198    -34.326
199    -64.092
200    -34.376
201    -63.33
202    -34.413
203    -64.376
204    -33.156
205    -68.469
206    -34.464
207    -64.639
208    -34.469
209    -64.34
210    -34.309
211    -63.98
212    -34.635
213    -64.561
214    -34.515
215    -64.18
216    -34.415
217    -64.427
218    -34.173
219    -64.326
220    -34.685
221    -64.335
222    -34.749
223    -64.501
224    -34.224
225    -64.467
226    -34.663
227    -64.119
228    -34.806
229    -68.675
230    -69.563
231    -68.19
232    -68.782
233    -67.363
234    -69.311
235    -68.346
236    -69.272
237    -69.232
238    -69.059
239    -39.726
240    -39.322998
241    -68.443
242    -69.841
243    -39.177
244    -69.238
245    -39.414
246    -68.841
247    -69.417
248    -39.611
249    -67.487
250    -38.563
251    -69.465
252    -69.465
253    -38.437
254    -69.476
255    -38.536
256    -69.471
257    -37.686
258    -63.676
259    -34.624
260    -64.596
261    -34.254
262    -64.394
263    -34.564
264    -64.491
265    -33.446
266    -33.579
267    -64.37
268    -65.133
269    -33.62
270    -64.520996
271    -34.808
272    -64.377
273    -33.424
274    -64.347
275    -28.804
276    -28.859
277    -32.664
278    -32.559
279    -32.288
280    -31.648
281    -32.368
282    -31.727
283    -32.557
284    -32.091
285    -32.332
286    -32.563
287    -31.526
288    -31.864
289    -46.999
290    -54.637
291    -54.174
292    -55.107
293    -54.885
294    -54.395
295    -54.501
296    -55.065998
297    -53.502
298    -55.125
299    -54.375
300    -54.838
301    -55.263
302    -54.046
303    -55.203
304    -53.733
305    -55.207
306    -52.96
307    -53.978
308    -55.263
309    -55.197998
310    -55.133
311    -54.006
312    -54.988
313    -55.04
314    -55.984
315    -53.214
316    -56.162
317    -54.12
318    -54.12
319    -55.458
320    -55.137
321    -54.977
322    -56.068
323    -55.072998
324    -56.036
325    -43.266
326    -54.132
327    -42.771
328    -54.567
329    -51.092
330    -43.467
331    -42.372
332    -42.23
333    -42.255
334    -43.242
335    -56.389
336    -43.441
337    -56.012
338    -43.625
339    -54.858
340    -43.079
341    -55.041
342    -43.095
343    -43.276
344    -56.291
345    -42.21
346    -55.145
347    -51.244
348    -42.246
349    -56.225
350    -42.146
351    -56.043
352    -43.371
353    -55.097
354    -51.091
355    -43.146
356    -56.357
357    -43.624
358    -55.927
359    -42.083
360    -56.266
361    -50.254
362    -43.277
363    -55.139
364    -43.261
365    -55.558
366    -43.047
367    -50.978
368    -54.911
369    -43.059
370    -55.995
371    -43.437
372    -56.278
373    -43.39
374    -50.237
375    -55.531
376    -43.114
377    -55.955
378    -43.653
379    -55.981
380    -51.237
381    -42.572998
382    -55.017
383    -43.431
384    -55.269
385    -43.38
386    -55.09
387    -51.148
388    -43.366
389    -56.065998
390    -43.067
391    -56.236
392    -50.333
393    -43.058
394    -43.525
395    -54.856
396    -43.243
