0    0.10300001
1    0.034
2    0.07700001
3    0.057000004
4    0.109000005
5    0.067
6    0.043
7    -0.96
8    0.064
9    0.049000002
10    0.0
11    0.305
12    0.642
13    2.545
14    -1.0
15    0.060000002
16    -0.615
17    0.83500004
18    0.30800003
19    0.37
20    0.76000005
21    0.66700006
22    0.0
23    0.0
24    0.0
25    0.0
26    0.0
27    2.442
28    0.279
29    0.0
30    0.0
31    0.22800002
32    1.258
33    0.0
34    0.0
35    -56.583
36    1.229
37    0.047000002
38    0.039
39    0.0
40    0.65900004
41    0.38400006
42    1.049
43    0.11800001
44    0.30800003
45    -0.66499996
46    0.22200002
47    1.59
48    3.9550002
49    1.546
50    2.192
51    1.474
52    3.546
53    2.276
54    1.0
55    1.704
56    1.698
57    1.8390001
58    3.4780002
59    -17.501
60    1.493
61    1.516
62    -1.54
63    0.597
64    0.18100001
65    2.4640002
66    1.6630001
67    1.296
68    0.577
69    1.1570001
70    1.246
71    2.473
72    1.8340001
73    1.579
74    3.427
75    3.0330005
76    1.504
77    1.511
78    2.0630002
79    1.911
80    1.083
81    1.463
82    1.398
83    1.445
84    1.431
85    2.223
86    1.192
87    1.523
88    2.841
89    1.475
90    -0.85
91    0.84200007
92    0.90700006
93    5.479
94    0.053000003
95    1.519
96    -0.19599986
97    -0.31199998
98    1.475
99    2.165
100    2.198
101    0.637
102    1.2470002
103    1.405
104    2.271
105    -0.7119999
106    1.991
107    1.128
108    1.565
109    -1.457
110    -1.3709999
111    -29.826
112    1.418
113    -0.69299996
114    1.786
115    2.936
116    2.4640002
117    1.275
118    1.721
119    0.74100006
120    1.3410001
121    -22.037
122    1.406
123    9.273001
124    1.327
125    1.383
126    2.055
127    0.77300006
128    1.9430001
129    0.66
130    10.1380005
131    -4.567
132    1.399
133    1.457
134    0.59000003
135    2.172
136    1.3970001
137    -0.020999968
138    -0.21999997
139    0.448
140    1.208
141    1.167
142    1.505
143    0.5710001
144    0.238
145    1.422
146    0.63100004
147    0.238
148    0.68
149    3.594
150    0.14400001
151    1.595
152    1.136
153    -1.77
154    1.754
155    1.275
156    1.459
157    1.3280001
158    1.066
159    3.3460002
160    4.2630005
161    6.2660003
162    2.473
163    1.885
164    1.0350001
165    2.6990001
166    0.21700001
167    1.195
168    2.552
169    0.086
170    0.112
171    0.14400001
172    1.373
173    0.069000006
174    2.469
175    1.006
176    1.5250001
177    0.707
178    2.594
179    0.53800005
180    -0.679
181    6.821
182    1.235
183    0.24200001
184    1.373
185    1.1810001
186    1.163
187    2.493
188    0.67200005
189    1.4120001
190    4.8120003
191    -3.205
192    0.47900003
193    0.58500004
194    -4.303
195    0.23300001
196    0.492
197    0.108
198    -0.030999959
199    1.674
200    1.273
201    1.33
202    0.059000015
203    0.319
204    -0.29599994
205    -0.31199998
206    0.34100002
207    0.11400001
208    1.184
209    0.157
210    1.395
211    1.645
212    1.326
213    1.254
214    1.213
215    1.343
216    1.2620001
217    1.371
218    2.223
219    1.07
220    0.21200001
221    2.424
222    -0.048999965
223    -2.289
224    2.0830002
225    0.82800007
226    0.57800007
227    1.6
228    1.239
229    1.312
230    0.09900001
231    0.083000004
232    2.3590002
233    0.467
234    0.587
235    2.3790002
236    2.6820002
237    2.023
238    2.552
239    1.72
240    -0.656
241    2.433
242    2.131
243    5.639
244    1.6120001
245    -0.6799998
246    -0.828
247    -0.617
248    -0.556
249    5.242
250    2.9840002
251    1.263
252    3.087
253    1.112
254    1.156
255    -1.621
256    1.224
257    1.537
258    0.6170001
259    1.293
260    1.135
261    4.63
262    2.113
263    2.052
264    2.457
265    2.067
266    0.20700002
267    1.281
268    1.945
269    0.23200001
270    2.284
271    1.8080001
272    -0.36999995
273    2.091
274    1.104
275    1.001
276    0.317
277    1.6370001
278    0.23800015
279    1.243
280    4.124
281    -18.107
282    0.245
283    1.2260001
284    2.244
285    -0.37799996
286    -0.34499997
287    -3.316
288    2.367
289    3.2470002
290    2.187
291    2.521
292    2.303
293    1.708
294    1.241
295    2.641
296    2.383
297    0.319
298    0.45800003
299    1.4280001
300    -0.32999998
301    -4.517
302    0.36
303    1.675
304    1.588
305    1.57
306    1.119
307    1.438
308    1.421
309    0.16100001
310    -0.38399994
311    -0.73399997
312    0.347
313    0.35500002
314    1.9030001
315    2.065
316    1.817
317    2.172
318    0.14
319    3.561
320    1.107
321    0.55500007
322    -3.5279999
323    1.5250001
324    1.021
325    -2.304
326    1.975
327    2.0410001
328    -0.19499993
329    3.051
330    1.3740001
331    3.513
332    1.993
333    0.528
334    -0.045999765
335    1.128
336    2.1030002
337    1.428
338    1.835
339    0.919
340    4.234
341    2.4060001
342    0.14600001
343    5.5290003
344    0.86
345    1.171
346    1.326
347    1.865
348    0.35300002
349    1.133
350    1.447
351    1.57
352    2.717
353    1.848
354    4.1520004
355    2.321
356    1.342
357    1.315
358    1.895
359    1.5400001
360    0.016
361    1.09
362    2.848
363    6.734
364    1.542
365    0.3030002
366    1.1740003
367    -5.057
368    1.503
369    2.354
370    0.61
371    1.6340001
372    1.2850001
373    1.2260001
374    1.346
375    1.4200001
376    2.289
377    -0.567
378    3.105
379    -0.52099997
380    3.148
381    0.2
382    3.742
383    1.891
384    1.754
385    2.54
386    2.38
387    3.5170002
388    0.019000053
389    2.253
390    0.537
391    3.2110002
392    1.549
393    -0.826
394    -10.584
395    0.56600004
396    3.5830002
397    3.515
398    -0.16099995
399    1.386
400    -0.536
401    -4.446
402    -2.29
403    -0.562
404    1.859
405    3.0110002
406    3.67
407    1.197
408    -0.72599995
409    0.126
410    1.35
411    0.47000003
412    5.8450003
413    0.49100018
414    0.71900004
415    2.354
416    1.1800001
417    0.69900006
418    2.671
419    -0.94499993
420    1.164
421    -20.331
422    -0.38099998
423    -0.07699996
424    1.8210001
425    2.9060001
426    4.316
427    -0.76399994
428    0.568
429    5.3780003
430    1.002
431    1.807
432    -0.9239999
433    -1.479
434    0.8110001
435    0.08400001
436    0.024000049
437    -0.11499995
438    -0.862
439    -1.1269999
440    5.0690002
441    -0.577
442    0.94000006
443    1.196
444    -0.47799993
445    1.292
446    0.055000067
447    -1.884
448    0.82900006
449    0.321
450    -1.0509999
451    0.989
452    3.421
453    0.2540002
454    21.183
455    -0.893
456    2.5500002
457    1.5710001
458    2.137
459    1.5139999
460    -0.32699996
461    1.511
462    -0.645
463    -0.516
464    -2.905
465    1.9120001
466    -2.604
467    0.574
468    -0.648
469    0.055000067
470    16.536
471    -0.912
472    1.172
473    0.76100004
474    -7.295
475    0.88500005
476    1.447
477    0.629
478    0.88400006
479    2.891
480    0.08700001
481    -0.23899996
482    -4.955
483    0.6660001
484    1.1630001
485    1.0
486    -5.295
487    -2.598
488    0.22400022
489    -5.43
490    0.46300006
491    6.476
492    0.74200004
493    0.18300001
494    0.07300007
495    1.144
496    2.875
497    0.666
498    -1.3369999
499    -0.05399996
500    1.0710001
501    2.5200002
502    0.497
503    0.628
504    -9.566999
505    0.86
506    0.09800005
507    2.061
508    0.632
509    0.223
510    0.38200003
511    -2.762
512    -0.45599997
513    0.18300001
514    0.21900001
515    0.88500005
516    -0.53
517    1.6620001
518    1.419
519    -3.451
520    -3.037
521    2.301
522    -0.8049998
523    1.837
524    -0.571
525    3.0960002
526    2.426
527    0.739
528    -0.302
529    1.0840001
530    -1.568
531    0.67600006
532    -0.47999996
533    -2.247
534    -0.21099997
535    -2.472
536    1.636
537    -4.543
538    -1.351
539    -0.024999976
540    -0.62
541    -2.145
542    0.51500005
543    0.72300005
544    2.486
545    0.4280002
546    -0.49799997
547    0.75200003
548    1.35
549    2.3160002
550    0.994
551    0.503
552    3.336
553    1.0630001
554    2.617
555    1.7470001
556    1.343
557    1.072
558    1.789
559    1.36
560    -0.35199976
561    -0.2579999
562    1.382
563    0.409
564    0.712
565    -1.323
566    2.361
567    0.38500002
568    0.555
569    1.5840001
570    0.049000025
571    0.07800007
572    0.349
573    -4.324
574    1.0500001
575    -0.503
576    0.52000004
577    -1.644
578    0.052000046
579    2.11
580    -2.901
581    -1.0799999
582    0.76100016
583    0.35700002
584    1.358
585    -5.0629997
586    0.7170001
587    1.1340001
588    -2.324
589    1.149
590    5.018
591    0.5610001
592    4.005
593    0.82900006
594    2.8790002
595    1.1800001
596    1.0120001
597    0.4840002
598    -0.38599998
599    2.0400002
600    0.961
601    2.091
602    -1.4449999
603    13.139
604    9.158001
605    -1.1479999
606    -4.97
607    -3.309
608    1.3400002
609    -0.5079999
610    -1.517
611    -3.221
612    -1.803
613    1.205
614    -4.016
615    -0.6099999
616    2.5690002
617    1.7060001
618    2.788
619    5.8970003
620    1.7860001
621    0.314
622    1.3490001
623    -2.0049999
624    -0.28899997
625    1.7630001
626    -0.21099997
627    -1.949
628    1.126
629    0.32000002
630    -1.191
631    0.49
632    -1.63
633    -1.5899999
634    0.717
635    -7.65
636    7.039
637    3.2440002
638    -0.77199996
639    -0.574
640    0.73700005
641    -0.09799993
642    0.18700004
643    -2.791
644    1.6960001
645    -0.724
646    0.453
647    0.518
648    0.648
649    7.712
650    14.382
651    -1.3979999
652    0.014000058
653    0.45700002
654    1.6730001
655    2.828
656    -0.674
657    0.44800007
658    -0.412
659    -2.9359999
660    0.446
661    2.5200005
662    7.9290004
663    2.338
664    1.13
665    1.4000001
666    1.5090001
667    -0.03699994
668    -0.27999997
669    0.499
670    0.68700004
671    3.081
672    0.841
673    1.819
674    1.5970001
675    -0.727
676    3.4
677    1.3530002
678    -4.187
679    0.55300003
680    0.29200006
681    0.37800002
682    0.545
683    0.63500005
684    -0.61899996
685    0.11100001
686    1.7450001
687    1.628
688    -0.736
689    1.452
690    -0.23999995
691    2.141
692    0.60200006
693    19.329
694    8.596001
695    5.2990003
696    5.02
697    4.736
698    3.7980003
699    -0.33699995
700    -7.977
701    -3.885
702    -3.665
703    1.23
704    -0.8019998
705    1.395
706    1.0300002
707    -0.21699977
708    0.93500006
709    0.31500003
710    1.417
711    4.5290003
712    -4.635
713    -3.5149999
714    -1.4239998
715    -0.47799993
716    0.9830003
717    -1.6209998
718    1.7060001
719    4.471
720    -0.5849999
721    1.414
722    3.6540003
723    -0.78199995
724    -1.703
725    -4.059
726    0.597
727    0.147
728    0.8170004
729    1.1130004
730    -2.1309998
731    0.021000028
732    -0.76699996
733    -0.34899998
734    1.0270001
735    2.137
736    2.417
737    2.691
738    -3.997
739    0.367
740    -1.1309999
741    -0.5009999
742    -1.8529999
743    3.163
744    0.33600003
745    -0.46799994
746    1.3180001
747    -0.23399997
748    99.037
749    -1.456
750    -4.103
751    -0.18199992
752    1.9480001
753    0.55300003
754    1.876
755    -3.499
756    -0.617
757    -3.496
758    3.6230001
759    2.2680001
760    0.30700016
761    2.3830004
762    1.567
763    1.6070001
764    -4.782
765    0.47900003
766    1.4410002
767    -5.199
768    -0.20699996
769    0.11400008
770    -0.59
771    -0.40599996
772    3.102
773    0.23900001
774    -0.08399993
775    2.4060001
776    2.3600001
777    1.11
778    0.60800004
779    0.555
780    2.3300004
781    -0.70399976
782    0.19200015
783    2.3690002
784    -0.8399999
785    1.1950002
786    -3.172
787    -3.46
788    0.6670003
789    0.337
790    0.0070000887
791    -0.48299998
792    2.061
793    0.18300001
794    -2.4129999
795    0.24700001
796    -1.6089997
797    -0.399
798    0.58500004
799    0.93000007
800    -16.741
801    0.76500005
802    -0.40199995
803    -0.29399997
804    0.4410001
805    1.7950001
806    0.64500004
807    -0.059999943
808    -1.5239999
809    2.179
810    0.07700002
811    4.025
812    0.39800003
813    2.0690002
814    -1.2999997
815    5.754
816    0.591
817    1.241
818    1.1120002
819    0.22100002
820    2.2370005
821    1.3840001
822    1.336
823    0.46600002
824    -0.71
825    0.5
826    -0.82799995
827    -0.24999988
828    -6.305
829    0.42000008
830    0.14900017
831    -1.8409998
832    -3.8579998
833    2.571
834    2.0490003
835    -0.27999997
836    0.437
837    -4.073
838    0.19600001
839    2.3530002
840    1.7050002
841    0.546
842    -1.4849999
843    -2.637
844    -0.28799987
845    2.4710002
846    -0.72899985
847    0.4000001
848    20.748001
849    0.031000018
850    -2.3809998
851    1.2600001
852    1.8540001
853    5.294
854    2.7380002
855    1.2620001
856    6.879
857    1.6920004
858    -0.94299996
859    0.551
860    0.455
861    -0.88699996
862    -0.60099983
863    7.064
864    1.3620001
865    0.49600002
866    1.6270001
867    2.6250002
868    1.0
869    -0.95799994
870    2.489
871    3.3640003
872    1.4430001
873    3.5990005
874    1.405
875    1.3200002
876    0.60700005
877    -0.7249999
878    0.46300003
879    -0.048999965
880    1.5170002
881    0.47400004
882    0.30400002
883    -0.10699993
884    -0.08899987
885    -0.61399996
886    -0.587
887    -4.02
888    0.47500002
889    3.0760002
890    -9.879
891    2.3860002
892    -2.6999998
893    -0.089999974
894    2.179
895    -0.5539999
896    -0.32299995
897    0.27800003
898    0.41000003
899    0.52900004
900    1.789
901    0.003000021
902    33.760002
903    0.23
904    -0.61099994
905    -0.9719999
906    3.276
907    1.7570001
908    -2.044
909    -2.945
910    8.63
911    1.292
912    -0.854
913    0.44400012
914    0.28100002
915    3.8370004
916    -1.211
917    0.284
918    -0.589
919    1.5410001
920    0.97
921    -0.20199996
922    0.503
923    1.991
924    4.455
925    -0.030999959
926    1.996
927    2.322
928    1.5820003
929    -1.6699996
930    0.43100002
931    3.961
932    -0.038999975
933    1.3510001
934    -8.847
935    2.926
936    1.9530001
937    2.104
938    2.3400002
939    3.8330002
940    0.06100011
941    1.2700001
942    1.8930001
943    0.80300003
944    -2.28
945    1.542
946    5.1060004
947    1.1860001
948    2.9420002
949    1.1990001
950    0.31800002
951    0.2750001
952    -1.0209999
953    -2.853
954    1.0870004
955    1.7780004
956    -2.61
957    1.7070001
958    0.41300002
959    2.585
960    0.69900006
961    0.9710001
962    1.5680001
963    0.28100002
964    -0.9549999
965    0.21900001
966    0.51900005
967    1.047
968    5.214
969    0.95400006
970    0.407
971    -1.5519999
972    0.18800001
973    -0.19899994
974    0.93600005
975    2.059
976    -0.528
977    0.22700001
978    -5.6049995
979    -2.069
980    -0.55499995
981    1.2510004
982    1.8750001
983    1.1590002
984    3.503
985    -1.0899999
986    1.5250001
987    0.44900003
988    0.49800014
989    0.9160001
990    1.0
991    -2.471
992    -1.71
993    -1.56
994    1.3340001
995    -0.28099996
996    0.47200003
997    1.0840001
998    3.1420002
999    -2.36
1000    1.4320002
1001    -0.010999978
1002    -0.20499992
1003    1.5020001
1004    -0.59299994
1005    -0.78699994
1006    -1.51
1007    4.599
1008    -3.349
1009    -2.9899998
1010    -0.70799994
1011    0.541
1012    1.708
1013    -0.2939999
1014    -4.232
1015    -2.132
1016    0.14500022
1017    -0.18399978
1018    -0.719
1019    -0.07999992
1020    1.4430001
1021    -5.667
1022    -0.021999955
1023    -1.759
1024    2.282
1025    0.711
1026    0.80200005
1027    -0.78
1028    0.263
1029    0.94200015
1030    -4.42
1031    0.44500002
1032    -2.7729998
1033    1.8560002
1034    0.588
1035    1.715
1036    -8.039
1037    1.237
1038    1.7490001
1039    -0.48499995
1040    0.91100025
1041    0.19500005
1042    -4.269
1043    1.4510002
1044    -0.8729999
1045    -2.17
1046    1.8550001
1047    -0.6149998
1048    0.017000198
1049    2.6410003
1050    0.5840001
1051    0.6
1052    7.077
1053    -7.543
1054    2.183
1055    1.69
1056    0.5890002
1057    1.2740002
1058    0.52400017
1059    1.743
1060    6.7000003
1061    1.4030001
1062    -1.9679999
1063    0.65900004
1064    4.828
1065    -0.7839999
1066    0.04700017
1067    -0.058999956
1068    1.5520003
1069    0.49100003
1070    3.5070004
1071    -0.33199978
1072    0.0020000935
1073    1.2430003
1074    -0.63199997
1075    -0.35399997
1076    0.81100035
1077    0.2670002
1078    0.4640001
1079    1.6100001
1080    1.1040001
1081    -10.941
1082    1.7650003
1083    7.663
1084    3.5560002
1085    0.96000004
1086    0.8470001
1087    2.3470001
1088    0.2900002
1089    3.055
1090    0.22500038
1091    -0.20899999
1092    -6.621
1093    1.2
1094    -3.283
1095    0.83800006
1096    -6.014
1097    0.7650001
1098    -1.3919997
1099    -3.643
1100    -0.049999952
1101    3.206
1102    -1.3829999
1103    -0.27599996
1104    4.2790003
1105    1.0220001
1106    -0.02699995
1107    2.996
1108    0.98100007
1109    0.19600001
1110    -1.066
1111    -0.11199993
1112    0.7910001
1113    -0.34499997
1114    0.40300003
1115    2.1880002
1116    -2.225
1117    1.7540002
1118    2.025
1119    -0.9369999
1120    -0.21799994
1121    -5.585
1122    -1.27
1123    -0.2659998
1124    3.9850001
1125    -0.8039999
1126    -1.391
1127    -1.2129999
1128    0.21399999
1129    2.187
1130    0.41200003
1131    -1.8499999
1132    -0.752
1133    -2.4169998
1134    -2.419
1135    -0.6249999
1136    -2.649
1137    1.2930002
1138    1.1850002
1139    0.47300005
1140    -2.2199998
1141    -2.3569999
1142    -1.719
1143    0.57500005
1144    0.51900005
1145    -1.7449999
1146    0.9110001
1147    0.026000023
1148    1.396
1149    -11.499
1150    0.48100004
1151    0.64900005
1152    0.03400016
1153    -1.3759999
1154    1.116
1155    -1.8909998
1156    -0.872
1157    -2.481
1158    2.45
1159    -0.19399995
1160    -5.161
1161    0.15600014
1162    2.9980001
1163    1.9040003
1164    -0.13299996
1165    -2.157
1166    1.9190001
1167    1.401
1168    -4.3599997
1169    4.9670005
1170    -4.005
1171    -3.815
1172    -2.045
1173    -2.2259998
1174    -2.1489997
1175    1.609
1176    1.0170002
1177    0.44200003
1178    0.69400024
1179    1.9190001
1180    -0.66199994
1181    1.0
1182    1.5130001
1183    0.2550001
1184    -1.4949999
1185    0.78400016
1186    -4.693
1187    0.92800045
1188    -0.57199997
1189    -1.4329998
1190    -1.1779997
1191    3.9080002
1192    3.125
1193    -0.979
1194    -2.124
1195    0.563
1196    -0.8839998
1197    5.063
1198    -0.21599996
1199    -2.1669998
1200    1.148
1201    0.45700002
1202    1.9340003
1203    1.73
1204    -0.7909999
1205    -3.02
1206    -1.037
1207    0.365
1208    4.037
1209    1.2080001
1210    0.24800014
1211    1.4910002
1212    3.0730004
1213    -3.454
1214    2.006
1215    -2.2629998
1216    0.7160001
1217    0.23699999
1218    -4.538
1219    0.94600004
1220    -1.62
1221    -7.177
1222    -4.719
1223    -2.842
1224    -0.7129998
1225    0.76000005
1226    1.292
1227    2.062
1228    0.5350001
1229    2.6060002
1230    0.51100004
1231    -2.503
1232    -0.35899997
1233    -1.3809998
1234    -1.747
1235    4.0660005
1236    -0.62899995
1237    2.7150002
1238    -0.269
1239    -8.319
1240    1.2090001
1241    -1.0579998
1242    2.828
1243    0.934
1244    2.672
1245    -1.0359999
1246    3.7340002
1247    -0.39499998
1248    1.0
1249    2.7910001
1250    1.6600001
1251    -1.4059999
1252    4.0530005
1253    1.9020001
1254    1.2
1255    -0.593
1256    -3.5609999
1257    -6.437
1258    -0.46899986
1259    1.1040001
1260    2.7000003
1261    0.96500015
1262    2.104
1263    -1.384
1264    2.308
1265    -1.49
1266    3.459
1267    1.0
