0    17.49
1    0.77300006
2    0.80500007
3    7.5480003
4    4.802
5    -4.868
6    7.814
7    3.705
8    10.559
9    7.625
10    -1.887
11    1.692
12    1.8570001
13    2.936
14    -5.623
15    1.0
16    1.0
17    7.1800003
18    31.458
19    4.729
20    5.66
21    11.839
22    -5.782
23    -8.632999
24    -3.691
25    10.393
26    -4.529
27    2.386
28    2.6030002
29    -2.336
30    2.816
31    1.0
32    1.0
33    1.0
34    1.0
35    1.0
36    6.906
37    8.103
38    0.039000034
39    4.467
40    -1.424
41    1.832
42    0.77800006
43    -8.465
44    2.7
45    -1.724
46    -0.76699996
47    11.21
48    4.078
49    -4.528
50    -10.736
51    -2.096
52    -0.45799994
53    1.0
54    -5.384
55    -4.558
56    -1.6889999
57    -4.258
58    2.218
59    1.0
60    1.0
61    10.776
62    1.595
63    2.928
64    12.475
65    3.3700001
66    3.936
67    3.074
68    3.193
69    0.7040001
70    -0.9599999
71    3.956
72    13.936
73    -0.21499997
74    6.517
75    6.933
76    6.785
77    2.5310001
78    3.911
79    3.489
80    11.51
81    3.487
82    -0.29399997
83    25.691
84    2.562
85    4.757
86    -0.034999967
87    16.173
88    6.004
89    -4.376
90    5.616
91    3.2080002
92    -0.46999997
93    -0.24099994
94    0.52000004
95    7.934
96    2.378
97    -4.446
98    -2.2719998
99    -2.2719998
100    -1.016
101    -1.9059999
102    1.1910001
103    -2.373
104    7.829
105    -5.415
106    12.6970005
107    -10.859
108    6.884
109    -7.892
110    -14.844
111    -9.739
112    -5.151
113    5.1210003
114    -8.365
115    -7.548
116    -9.829
117    -7.021
118    -8.772
119    1.769
120    1.9250001
121    -6.326
122    -2.195
123    -1.8659999
124    -7.248
125    -2.197
126    -14.582
127    -14.592
128    -14.597
129    -5.366
130    -14.388
131    -0.19799995
132    -14.595
133    -8.318
134    0.66700006
135    -9.363
136    14.141
137    2.513
138    -11.931
139    -15.255
140    -9.024
141    -11.367
142    -10.056
143    -3.424
144    -13.013
145    -13.086
146    -13.086
147    -6.297
148    -12.997
149    -14.072
150    2.742
151    -14.24
152    -8.874
153    -14.578
154    -1.381
155    -5.317
156    6.667
157    -12.3029995
158    -13.343
159    1.124
160    6.965
161    1.124
162    20.043
163    3.72
164    9.369
165    -0.46599984
166    10.875
167    7.341
168    8.938
169    -20.912
170    2.2210002
171    -11.82
172    -17.945
173    -6.2349997
174    -0.04399997
175    -6.161
176    30.954
177    -1.106
178    1.47
179    1.695
180    1.727
181    2.634
182    1.645
183    1.646
184    -2.291
185    -5.151
186    -0.35999995
187    -4.257
188    1.858
189    1.124
190    7.142
191    5.732
192    8.208
193    -7.771
194    -1.471
195    -0.25699997
196    8.996
197    -4.841
198    -4.2139997
199    -4.8199997
200    -4.909
201    -4.601
202    6.8650002
203    -4.935
204    -4.433
205    -4.977
206    -1.77
207    1.124
208    -1.719
209    -4.924
210    6.597
211    1.124
212    2.999
213    -4.8059998
214    -1.071
215    0.86
216    -4.8
217    6.455
218    0.5430001
219    3.429
220    1.124
221    -1.0839999
222    2.276
223    5.526
224    -2.334
225    -3.81
226    1.124
227    -0.048999965
228    -4.929
229    -2.02
230    -2.0749998
231    6.7460003
232    -1.6259999
233    -2.112
234    0.34800005
235    0.34800005
236    17.064
237    4.431
238    2.718
239    -1.0739999
240    4.464
241    -2.4569998
242    0.739
243    0.039000034
244    0.66100013
245    -3.175
246    2.461
247    -2.105
248    -4.345
249    0.039000034
250    0.804
251    3.231
252    -0.29899997
253    3.705
254    -0.09099996
255    -0.70799994
256    6.783
257    -0.18999994
258    0.3260001
259    7.868
260    -2.141
261    -2.475
262    -5.065
263    -2.0049999
264    7.892
265    3.6680002
266    -2.269
267    0.855
268    0.08000004
269    0.0
270    2.178
271    -0.29999995
272    3.542
273    1.279
274    6.076
275    0.055000067
276    9.206
277    -0.58299994
278    1.124
279    19.91
280    -1.8759999
281    7.828
282    -2.126
283    6.3190002
284    0.78000003
285    -2.099
286    -29.183
287    3.052
288    -2.369
289    5.54
290    -1.124
291    1.222
292    -1.016
293    0.887
294    6.025
295    -1.887
296    -2.166
297    -1.184
298    -0.25499994
299    -2.328
300    -2.281
301    1.2820001
302    -2.264
303    -1.8529999
304    3.6030002
305    0.043000102
306    -1.2429999
307    -1.783
308    38.776
309    -3.617
310    -1.8829999
311    1.246
312    -2.313
313    4.217
314    7.6280003
315    7.887
316    -0.2329998
317    0.06300008
318    0.98600006
319    -3.868
320    -0.8549999
321    6.9160004
322    -9.96
323    -1.3679998
324    1.22
325    -7.215
326    -15.999
327    -1.662
328    7.939
329    -4.123
330    -2.2519999
331    1.019
332    11.866
333    15.024
334    10.528
335    8.101
336    -2.796
337    3.173
338    1.124
339    19.7
340    0.013000011
341    -1.787
342    1.124
343    1.698
344    -0.30799997
345    1.747
346    2.724
347    30.055
348    2.272
349    -3.2589998
350    -0.867
351    3.034
352    -0.112999916
353    2.6950002
354    -2.929
355    -4.874
356    -1.8189999
357    -2.247
358    -2.313
359    4.752
360    -2.2549999
361    -1.185
362    -1.1459999
363    -4.342
364    -2.076
365    0.025000095
366    -5.9139996
367    -2.05
368    -7.005
369    0.83300006
370    3.684
371    -8.144
372    2.804
373    -2.143
374    -0.7399999
375    -5.577
376    1.2970002
377    -1.3409998
378    2.345
379    1.246
380    14.483
381    4.057
382    11.813
383    -3.2979999
384    1.124
385    -4.147
386    13.354
387    0.31000006
388    29.862
389    -4.889
390    4.057
391    -2.678
392    1.2520001
393    -6.08
394    -3.711
395    -2.8459997
396    15.816
397    -4.252
398    -5.88
399    6.389
400    -8.312
401    -3.918
402    -6.677
403    -6.637
404    -7.171
405    -6.571
406    -8.341
407    0.021000028
408    1.0760001
409    14.804
410    -7.918
411    -7.043
412    -4.027
413    -5.73
414    -7.128
415    -2.024
416    3.926
417    2.023
418    -2.7979999
419    -7.04
420    -2.5219998
421    -4.815
422    2.97
423    2.573
424    -4.167
425    -7.0889997
426    -7.032
427    5.222
428    -7.991
429    -6.624
430    -3.839
431    -4.704
432    -4.704
433    1.0
434    -9.913
435    -7.939
436    -9.944
437    17.838
438    -3.6729999
439    -2.0609999
440    -7.731
441    -37.345
442    -13.076
443    -6.085
444    -1.992
445    -5.4969997
446    -4.9049997
447    0.07300007
448    -5.614
449    -4.865
450    -2.804
451    -5.098
452    -1.915
453    1.9940001
454    -3.852
455    -5.8269997
456    1.6530001
457    -5.9440002
458    2.6030002
459    2.543
460    2.5180001
461    2.513
462    2.5
463    3.5310001
464    12.985001
465    -0.9779999
466    2.578
467    3.712
468    2.581
469    2.609
470    2.605
471    2.512
472    -10.117
473    2.604
474    2.328
475    1.016
476    -7.965
477    3.55
478    -5.863
479    -4.1429996
480    -9.039
481    -4.142
482    -1.9389999
483    -2.453
484    -3.85
485    -0.53999996
486    -8.055
487    -2.3049998
488    2.101
489    88.245
490    7.77
491    -1.318
492    6.95
493    2.63
494    2.479
495    -5.009
496    2.575
497    2.592
498    2.513
499    0.99700004
500    -14.916
501    -4.082
502    -6.887
503    -8.493
504    -12.172
505    -4.246
506    -0.06399995
507    1.5540001
508    -2.023
509    -3.932
510    -8.146
511    -6.1499996
512    -7.924
513    -2.052
514    -1.77
515    -8.059999
516    -8.905
517    -7.918
518    1.0
519    1.0
520    1.263
521    1.0
522    1.0
523    -5.961
524    1.0
525    -2.921
526    -5.316
527    1.0
528    -6.02
529    -5.311
530    -3.498
531    -0.06699997
532    1.245
533    -2.201
534    6.144
535    6.098
536    -7.917
537    -1.1659999
538    -1.194
539    -3.944
540    -8.858
541    -8.861
542    -4.807
543    -9.909
544    -5.6549997
545    -6.15
546    -7.679
547    -8.78
548    -8.675
549    -7.0369997
550    -2.396
551    0.73700005
552    -8.7369995
553    3.8140001
554    -8.682
555    1.0
556    -5.779
557    -0.9519999
558    1.0
559    -3.663
560    -0.37899995
561    6.856
562    -4.087
563    -3.643
564    3.607
565    1.0
566    -9.762
567    1.0
568    1.0
569    -9.86
570    1.0
571    -6.9049997
572    1.0
573    -8.573999
574    1.0
575    -8.785
576    1.8100001
577    -7.131
578    1.0
579    1.0
580    -8.812
581    1.0
582    1.0
583    1.0
584    1.0
585    -6.779
586    1.0
587    -1.41
588    -4.248
589    1.2820001
590    -9.4869995
591    -5.172
592    1.0
593    0.08000004
594    -3.567
595    4.242
596    -3.126
597    1.0
598    -9.516
599    -6.165
600    -1.492
601    -0.14799988
602    -7.145
603    0.14900005
604    -3.128
605    -7.604
606    -6.14
607    1.9000001
608    1.0
609    -2.8569999
610    -3.288
611    1.235
612    0.5250001
613    13.143
614    -1.8649999
615    1.0
616    1.0
617    1.0
618    1.0
619    1.0
620    1.0
621    1.0
622    1.0
623    1.0
624    -7.0699997
625    1.0
626    -7.973
627    1.0
628    -2.905
629    1.0
630    -9.232
631    1.0
632    1.0
633    1.0
634    1.0
635    1.0
636    1.0
637    -4.118
638    1.0
639    1.0
640    -9.075
641    1.0
642    1.0
643    -3.734
644    -9.135
645    0.85500014
646    2.842
647    -0.109999895
648    -5.105
649    1.077
650    -8.977
651    -2.201
652    -9.094
653    -3.139
654    -4.527
655    -3.324
656    -0.013999939
657    -9.116
658    -6.789
659    2.436
660    2.9650002
661    -7.8059998
662    13.326
663    -0.9499998
664    -3.251
665    1.154
666    0.3900001
667    -2.221
668    5.671
669    2.954
670    5.9630003
671    3.429
672    -3.064
673    -1.295
674    0.123000026
675    0.0050001144
676    -0.14299995
677    3.211
678    -7.189
679    27.89
680    -7.867
681    -1.6769998
682    -10.961
683    -5.991
684    -4.15
685    2.617
686    1.0
687    -5.176
688    -9.281
689    -4.9189997
690    -8.828
691    -9.749
692    2.793
693    1.019
694    6.182
695    6.795
696    -2.333
697    34.056
698    6.296
699    -8.231
700    55.217
701    -0.25699997
702    2.494
703    2.527
704    2.521
705    2.554
706    2.534
707    2.534
708    -1.586
709    -1.145
710    1.692
711    22.491001
712    -2.596
713    -0.17599994
714    -2.308
715    1.0
716    1.0
717    1.0
718    -4.494
719    5.066
720    7.493
721    -1.793
722    -2.299
723    -2.665
724    -3.129
725    -1.652
726    -4.184
727    10.681
728    -2.245
729    0.869
730    8.677
731    -3.1669998
732    -2.2129998
733    -1.525
734    2.447
735    11.99
736    -3.642
737    1.0
738    1.0
739    1.0
740    -4.416
741    1.1270001
742    2.628
743    -0.25199997
744    2.627
745    3.681
746    -0.352
747    0.00999999
748    -2.299
749    -3.383
750    -1.879
751    -1.879
752    -1.9619999
753    3.3980002
754    -27.499
755    3.368
756    -1.2379999
757    -1.0209999
758    -0.61399996
759    2.923
760    1.0
761    2.19
762    6.67
763    1.756
764    -0.995
765    4.76
766    0.0
767    -3.246
768    -9.047
769    -1.3599999
770    1.0
771    -1.364
772    3.3790002
773    0.83900005
774    0.9660001
775    3.217
776    -1.321
777    3.117
778    -1.7099999
779    -1.4719999
780    3.1810002
781    6.777
782    -3.238
783    1.0
784    1.8410001
785    0.23000002
786    -0.362
787    4.701
788    -2.168
789    1.975
790    0.845
791    -2.2549999
792    0.06800008
793    -1.8999999
794    11.972
795    0.9990001
796    -0.18899995
797    1.0
798    -3.128
799    1.4690001
800    1.0
801    2.262
802    -0.08899993
803    -0.07199997
804    -0.9239999
805    1.105
806    2.262
807    5.3780003
808    2.0500002
809    -1.512
810    -6.08
811    -5.015
812    8.328
813    0.95000005
814    16.48
815    -3.202
816    -6.844
817    -2.078
818    2.731
819    -2.113
820    5.744
821    2.8130002
822    3.726
823    0.49100006
824    1.595
825    0.22600007
826    -1.936
827    -1.9369999
828    -1.8279998
829    -1.4539999
830    1.088
831    2.212
832    3.854
833    -1.9369999
834    -0.44599998
835    2.605
836    2.3330002
837    2.344
838    5.92
839    34.198
840    4.6800003
841    0.76400006
842    16.065
843    0.887
844    1.5250001
845    3.415
846    6.271
847    1.171
848    6.821
849    1.4440001
850    2.908
851    -0.73399997
852    -1.6179999
853    0.9000001
