0    1.223
1    1.8330001
2    13.433
3    2.8890002
4    -16.605999
5    -45.155
6    -26.525
7    16.268
8    -14.113999
9    -19.129
10    3.13
11    7.782
12    4.316
13    1.855
14    -18.672
15    -21.112999
16    -19.636
17    2.384
18    13.724
19    2.758
20    -20.32
21    -19.214
22    11.92
23    3.895
24    3.9
25    11.122
26    -6.786
27    12.01
28    16.798
29    14.716
30    2.555
31    12.939
32    -26.857
33    3.2930002
34    15.422
35    11.232
36    20.784
37    3.575
38    -3.8459997
39    -21.327
40    0.5920001
41    7.067
42    -21.206
43    6.276
44    -20.473999
45    -19.192
46    -24.019
47    0.83000004
48    -21.142
49    -19.678
50    15.337
51    1.6330001
52    1.4890001
53    5.928
54    2.192
55    -0.055999935
56    2.724
57    -16.819
58    6.3500004
59    -16.119
60    4.784
61    -24.582
62    -10.018
63    -20.136
64    1.646
65    -0.41599995
66    -0.29999995
67    0.23200011
68    -18.327
69    -1.0239999
70    2.957
71    6.653
72    3.078
73    4.222
74    1.679
75    -7.099
76    1.5100001
77    -2.2759998
78    14.179
79    1.6450002
80    -20.234
81    11.272
82    3.2610002
83    11.8810005
84    4.414
85    -19.082
86    13.132
87    1.0
88    12.617
89    1.672
90    9.299
91    -2.663
92    9.27
93    -20.484
94    1.725
95    -0.8069999
96    -21.77
97    0.46300006
98    -24.998
99    11.198
100    1.0400002
101    16.161
102    -3.36
103    11.539
104    22.928
105    12.337
106    17.649
107    12.385
108    -20.965
109    3.2440002
110    -7.538
111    -19.69
112    1.957
113    9.486
114    14.928
115    14.5
116    21.679
117    14.068
118    16.339
119    10.007
120    3.3990002
121    1.075
122    11.156
123    -3.3049998
124    12.439
125    -2.23
126    -1.05
127    -0.12199998
128    -9.309
129    2.903
130    16.255001
131    13.511
132    -14.086
133    -3.014
134    2.7860003
135    11.249001
136    -1.208
137    5.964
138    -19.404
139    15.924
140    5.13
141    -4.533
142    -18.478
143    8.634
144    0.521
145    -9.27
146    3.517
147    -4.345
148    -0.06099987
149    3.877
150    -2.008
151    -11.243
152    11.3220005
153    -3.5449998
154    -2.9629998
155    -10.846
156    -11.865999
157    -6.276
158    -8.739
159    -6.611
160    -7.7889996
161    -13.989
162    -31.986
163    -12.184
164    -5.4939995
165    -17.381
166    -11.636
167    -0.85099983
168    -11.632999
169    -5.3529997
170    -21.629
171    -27.584
172    -12.122
173    -3.6829998
174    -17.119999
175    -5.637
176    -2.191
177    -2.8649998
178    -1.3659999
179    -25.212
180    -21.594
181    -1.9599998
182    -37.748
183    -5.1809998
184    -7.128
185    -5.975
186    -6.0839996
187    -1.6409998
188    -12.225
189    -36.467
190    -1.415
191    -6.2139997
192    -8.771
193    -7.215
194    -16.353
195    -3.514
196    -3.03
197    -26.631
198    -11.948999
199    -5.298
200    -16.785
201    -26.926
202    -21.907
203    -23.414
204    -9.9539995
205    -15.887
206    -14.233
207    -19.364
208    -13.045
209    -12.938
210    -15.889
211    -5.547
212    -2.5609999
213    -1.563
