0    -8.343
1    -8.297
2    -8.3029995
3    -20.264
4    -21.612
5    -19.569
6    -19.678
7    -19.747
8    -30.427
9    -31.216
10    -32.297
11    -31.192
12    -29.33
13    -31.192
14    -30.663
15    -33.235
16    -31.263
17    -24.717
18    -18.105999
19    -15.299
20    -17.729
21    -17.754
22    -17.272
23    -18.017
24    -18.14
25    -17.980999
26    -17.914
27    -18.271
28    -19.103
29    -18.274
30    -10.839
31    -12.287
32    -12.468
33    -15.555
34    -15.802
35    -11.948
36    -11.992
37    -12.218
38    -13.791
39    -13.841
40    -13.731
41    -13.915
42    -13.905
43    -13.785
44    -13.775
45    -18.084
46    -11.328
47    -18.892
48    -18.493
49    -18.719
50    -19.044
51    -18.071
52    -17.879
53    -18.392
54    -18.855
55    -17.903
56    -18.709
57    -18.825
58    -18.504
59    -19.623
60    -18.912
61    -18.428
62    -18.8
63    -11.618
64    -11.832
65    -18.627
66    -18.627
67    -18.980999
68    -18.736
69    -18.622
70    -19.598999
71    -18.592
72    -18.744999
73    -18.551
74    -18.814
75    -17.819
76    -18.626
77    -18.973999
78    -18.691
79    -2.8769999
80    -10.529
81    -10.602
82    -18.492
83    -17.56
84    -17.722
85    -18.802
86    -18.333
87    -17.451
88    -19.716
89    -18.909
90    -18.446
91    -9.162
92    -23.888
93    -22.697
94    -18.675
95    -18.997
96    -18.711
97    -18.824
98    -18.656
99    -18.802
100    -18.53
101    -18.662
102    -19.315
103    -19.251
104    -20.366
105    -20.701
106    -20.82
107    -20.697
108    -20.82
109    -21.514
110    -23.253
111    -8.221
112    -8.372
113    -20.803
114    -20.83
115    -20.775
116    -20.682
117    -20.614
118    -19.513
119    -33.25
120    -31.779
121    -32.18
122    -31.669
123    -31.702
124    -32.099
125    -32.125
126    -33.326
127    -32.209
128    -30.056
129    -6.498
130    -6.878
131    -5.0769997
132    -32.166
133    -32.345
134    -13.968
135    -13.686
136    -32.352
137    -31.971
138    -32.349
139    -32.109
140    -32.046
141    -32.413
142    -32.116
143    -31.515999
144    -36.195
145    -32.173
146    -33.119
147    -26.843
148    -33.389
149    -32.997
150    -33.247
151    -31.793
152    -33.149
153    -9.254
154    -32.23
155    -32.374
156    -32.078
157    -30.882
158    -32.177
159    -32.259
160    -32.444
161    -31.837
162    -32.292
163    -32.407
164    -32.321
165    -32.478
166    -31.262
167    -31.617
168    -32.684
169    -32.624
170    -32.656
171    -33.217
172    -32.41
173    -32.412
174    -32.4
175    -13.306
176    -12.874
177    -32.266
178    -32.186
179    -33.192
180    -31.935
181    -32.184
182    -32.574
183    -32.571
184    -32.581
185    -31.861
186    -32.241
187    -33.764
188    -33.281
189    -32.137
190    -32.464
191    -32.411
192    -32.127
193    -31.878
194    -32.317
195    -32.531
196    -1.351
197    0.24000001
198    -20.659
199    -31.668
200    -12.698
201    -31.293
202    -21.058
203    -32.304
204    -32.403
205    -20.802
206    -32.166
207    -33.452
208    -31.423
209    -32.435
210    -32.152
211    -32.399
212    -32.373
213    -32.335
214    -32.152
215    -32.185
216    -31.986
217    -32.512
218    -8.586
219    -32.33
220    -32.427
221    -32.408
222    -32.114
223    -31.732
224    -6.876
225    -32.209
226    -32.341
227    -6.951
228    -31.546
229    -31.802
230    -24.564
231    -32.124
232    -32.51
233    -31.948
234    -32.304
235    -31.017
236    -32.197
237    -32.8
238    -33.445
239    -32.134
240    -32.532
241    -32.24
242    -32.149
243    -32.238
244    -33.631
245    -31.414
246    -32.491
247    -13.745
248    -13.866
249    -12.17
250    -12.981
251    -32.864
252    -32.084
253    -32.028
254    -33.222
255    -32.126
256    -32.617
257    -32.861
258    -32.413
259    -32.373
260    -32.832
261    -32.314
262    -32.834
263    -32.363
264    -32.805
265    -33.524
266    -32.58
267    -33.533
268    -33.294
269    -32.282
270    -32.647
271    -32.555
272    -24.586
273    -32.869
274    -34.291
275    -32.524
276    -32.858
277    -32.187
278    -32.883
279    -32.883
280    -32.341
281    -33.824
282    -32.439
283    -31.0
284    -33.429
285    -20.568
286    -32.855
287    -32.176
288    -32.09
289    -33.729
290    -32.459
291    -32.946
292    -32.941
293    -33.474
294    -32.14
295    -33.215
296    -33.881
297    -33.062
298    -34.176
299    -35.171
300    -33.505
301    -34.747
302    -34.042
303    -34.351
304    -34.783
305    -32.858
306    -33.957
307    -33.949
308    -35.308
309    -33.764
310    -33.28
311    -32.471
312    -34.701
313    -33.02
314    -21.117
315    -32.152
316    -34.844
317    -33.802
318    -33.094
319    -33.5
320    -33.466
321    -32.342
322    -33.581
323    -34.488
324    -33.268
325    -33.808
326    -33.458
327    -33.249
328    -33.256
329    -33.275
330    -33.305
331    -32.447998
332    -33.161
333    -33.253
334    -31.785
335    -33.788
336    -33.228
337    -33.85
338    -33.603
339    -32.183
340    -33.413
341    -33.058
342    -32.134
343    -33.799
344    -32.15
345    -33.205
346    -33.192
347    -33.162
348    -33.298
349    -33.122
350    -33.244
351    -33.287
352    -33.697
353    -32.273
354    -33.532
355    -33.738
356    -33.838
357    -33.828
358    -33.803
359    -32.826
360    -33.322
361    -33.699
362    -33.204
363    -32.81
364    -33.321
365    -32.61
366    -33.256
367    -32.87
368    -33.835
369    -33.814
370    -32.972
371    -33.326
372    -33.53
373    -33.819
374    -33.843
375    -32.065998
376    -32.199
377    -33.413
378    -33.576
379    -32.797
380    -32.475
381    -32.968
382    -32.953
383    -33.16
384    -33.277
385    -33.381
386    -33.153
387    -21.658
388    -34.362
389    -33.11
390    -33.298
391    -21.464
392    -33.476
393    -34.525
394    -21.462
395    -33.104
396    -20.621
397    -34.293
398    -34.418
399    -33.225
400    -33.341
401    -34.728
402    -32.73
403    -32.955
404    -27.105999
405    -34.281
406    -32.03
407    -45.319
408    -44.075
409    -46.425
410    -45.026
411    -44.227
412    -45.3
413    -43.243
414    -43.776
415    -43.236
416    -42.983
417    -45.147
418    -43.01
419    -45.416
420    -45.085
421    -44.906
422    -45.28
423    -45.142
424    -43.258
425    -44.121
426    -44.17
427    -43.912
428    -45.317
429    -44.265
430    -44.364
431    -45.005
432    -44.324
433    -45.451
434    -43.928
435    -45.292
436    -37.221
437    -44.402
438    -44.405
439    -38.524
440    -44.203
441    -44.444
442    -44.154
443    -44.431
444    -42.984
445    -44.214
446    -44.008
447    -45.19
448    -44.119
449    -44.182
450    -44.43
451    -44.391
452    -46.036
453    -43.986
454    -44.221
455    -44.019
456    -44.144
457    -18.362999
458    -21.336
459    -44.107
460    -44.002
461    -17.438
462    -44.113
463    -44.453
464    -45.309
465    -20.442
466    -43.193
467    -18.421
468    -44.156
469    -45.165
470    -20.522
471    -44.075
472    -21.668
473    -44.241
474    -44.782
475    -45.254
476    -44.257
477    -44.079
478    -44.397
479    -44.102
480    -43.318
481    -43.431
482    -42.894
483    -44.165
484    -44.108
485    -46.272
486    -44.041
487    -44.996
488    -45.126
489    -44.386
490    -45.201
491    -45.395
492    -44.331
493    -44.15
494    -43.997
495    -44.036
496    -44.226
497    -45.159
498    -45.229
499    -44.275
500    -44.977
501    -44.248
502    -45.329
503    -44.144
504    -45.504
505    -45.197998
506    -44.227
507    -44.754
508    -44.665
509    -45.24
510    -44.109
511    -44.115
512    -43.306
513    -44.284
514    -45.234
515    -45.027
516    -44.293
517    -45.508
518    -44.122
519    -44.4
520    -42.592
521    -44.216
522    -44.325
523    -44.433
524    -45.245
525    -44.283
526    -44.483
527    -43.815
528    -44.12
529    -44.263
530    -44.945
531    -44.404
532    -44.003
533    -44.49
534    -45.513
535    -46.181
536    -43.358
537    -44.25
538    -44.393
539    -45.617
540    -45.513
541    -43.547
542    -45.56
543    -44.499
544    -44.383
545    -43.63
546    -45.724
547    -42.45
548    -43.054
549    -45.496
550    -43.211
551    -45.439
552    -45.951
553    -43.528
554    -43.69
555    -44.459
556    -43.852
557    -43.963
558    -45.549
559    -44.184
560    -43.894
561    -43.988
562    -45.431
563    -44.469
564    -43.928
565    -42.967
566    -45.122
567    -43.469
568    -44.423
569    -44.569
570    -45.392
571    -43.461998
572    -44.405
573    -44.658
574    -46.22
575    -45.157
576    -45.648
577    -44.662
578    -44.564
579    -45.21
580    -45.169
581    -43.413
582    -44.01
583    -45.364
584    -44.41
585    -45.509
586    -45.108
587    -44.328
588    -43.39
589    -44.449
590    -42.974
591    -44.299
592    -45.862
593    -44.478
594    -44.217
595    -44.447998
596    -44.872
597    -45.161
598    -45.63
599    -43.428
600    -43.87
601    -44.612
602    -44.31
603    -46.148
604    -43.56
605    -44.275
606    -45.459
607    -45.093
608    -43.928
609    -43.202
610    -44.037
611    -43.397
612    -44.243
613    -44.339
614    -44.408
615    -44.276
616    -44.351
617    -44.275
618    -43.642
619    -43.106
620    -44.493
621    -43.202
622    -45.381
623    -45.023
624    -44.37
625    -45.349
626    -45.027
627    -44.384
628    -43.714
629    -43.318
630    -44.501
631    -44.026
632    -44.523
633    -44.354
634    -44.141
635    -44.671
636    -44.47
637    -44.088
638    -44.25
639    -44.223
640    -45.367
641    -44.182
642    -43.974
643    -43.963
644    -44.0
645    -43.38
646    -45.27
647    -44.512
648    -44.165
649    -43.366
650    -44.562
651    -43.734
652    -44.591
653    -44.244
654    -43.294
655    -44.14
656    -43.919
657    -43.308
658    -43.759
659    -42.951
660    -44.211
661    -44.128
662    -43.984
663    -44.289
664    -44.135
665    -45.125
666    -44.145
667    -44.335
668    -44.1
669    -44.025
670    -44.135
671    -42.884
672    -44.409
673    -43.253
674    -43.41
675    -44.268
676    -44.218
677    -43.171
678    -41.989
679    -44.315998
680    -44.284
681    -43.283
682    -44.172
683    -43.918
684    -44.045
685    -44.268
686    -41.294
687    -43.934
688    -44.255
689    -45.404
690    -43.963
691    -42.266
692    -43.197998
693    -44.738
694    -42.114
695    -45.304
696    -44.285
697    -42.731
698    -43.983
699    -43.949
700    -44.6
701    -43.969
702    -45.242
703    -44.251
704    -48.195
705    -49.314
706    -50.241
707    -48.277
708    -49.086
709    -49.153
710    -50.222
711    -48.854
712    -48.521
713    -52.993
714    -48.886
715    -46.914
716    -51.22
717    -53.015
718    -49.193
719    -54.13
720    -51.008
721    -57.805
722    -23.89
723    -53.88
724    -29.757
725    -57.057
726    -54.103
727    -29.327
728    -57.063
729    -54.063
730    -25.156
731    -30.937
732    -55.103
733    -56.979
734    -52.867
735    -27.277
736    -48.133
737    -26.796
738    -55.377
739    -28.321
740    -51.935
741    -58.065998
742    -28.237
743    -29.041
744    -53.985
745    -51.957
746    -56.887
747    -56.354
748    -54.425
749    -49.58
750    -54.099
751    -53.997
752    -53.248
753    -52.132
754    -52.172
755    -53.189
756    -53.285
757    -52.876
758    -52.735
759    -53.278
760    -54.291
761    -53.174
762    -53.752
763    -54.134
764    -54.876
765    -54.333
766    -54.402
767    -54.117
768    -49.12
769    -55.229
770    -53.169
771    -52.947
772    -52.836998
773    -54.441
774    -52.286
775    -54.052
776    -54.408
777    -53.017
778    -52.111
779    -54.277
780    -53.129
781    -54.247
782    -53.008
783    -53.322
784    -53.442
785    -54.121
786    -54.174
787    -52.673
788    -52.864
789    -53.789
790    -51.931
791    -53.111
792    -52.647
793    -54.263
794    -52.12
795    -51.317
796    -53.898
797    -54.072
798    -52.693
799    -53.205
800    -54.292
801    -52.248
802    -52.134
803    -49.902
804    -53.708
805    -55.354
806    -37.395
807    -55.356
808    -54.211
809    -52.469
810    -51.99
811    -54.187
812    -55.162
813    -53.365
814    -53.373
815    -52.078
816    -54.146
817    -53.862
818    -53.373
819    -53.467
820    -55.145
821    -54.421
822    -52.983
823    -55.18
824    -56.011
825    -53.945
826    -55.195
827    -55.176
828    -56.083
829    -53.375
830    -54.846
831    -55.246
832    -56.464
833    -54.243
834    -54.05
835    -54.086998
836    -54.422
837    -54.277
838    -55.357
839    -55.291
840    -53.873
841    -55.945
842    -53.648
843    -54.119
844    -54.475
845    -51.216
846    -53.081
847    -55.118
848    -54.303
849    -51.62
850    -54.282
851    -55.190998
852    -55.149
853    -53.365
854    -55.113
855    -52.898
856    -53.357
857    -53.067
858    -38.442
859    -53.667
860    -53.487
861    -53.496
862    -53.216
863    -38.568
864    -52.856
865    -37.184
866    -54.02
867    -54.086
868    -53.076
869    -52.935
870    -55.093
871    -54.031
872    -54.951
873    -54.397
874    -55.07
875    -54.432
876    -56.014
877    -53.223
878    -53.907
879    -54.405
880    -55.256
881    -53.789
882    -55.238
883    -54.273
884    -50.785
885    -54.218
886    -53.936
887    -53.889
888    -54.089
889    -54.265
890    -54.233
891    -48.971
892    -48.863
893    -48.971
894    -46.993
895    -48.942
896    -49.747
897    -48.487
898    -48.979
899    -46.912
900    -48.918
901    -48.047
902    -49.12
903    -49.093
904    -49.333
905    -48.304
906    -47.257
907    -50.272
908    -52.074
909    -49.092
910    -48.617
911    -51.081
912    -49.067
913    -39.631
914    -48.188
915    -39.396
916    -40.335
917    -48.143
918    -50.053
919    -38.359
920    -47.721
921    -47.887
922    -50.266
923    -39.281
924    -49.532
925    -49.19
926    -39.616
927    -47.336
928    -49.09
929    -50.208
930    -50.616
931    -50.109
932    -51.327
933    -48.236
934    -49.534
935    -49.395
936    -50.021
937    -48.266
938    -40.322998
939    -48.299
940    -47.981
941    -39.391
942    -49.541
943    -41.453
944    -48.43
945    -47.919
946    -50.034
947    -49.252
948    -49.061
949    -44.186
950    -44.598
951    -44.404
952    -44.088
953    -80.066
954    -80.49
955    -77.701
956    -74.948
957    -79.902
958    -80.661
959    -82.936
960    -80.865
961    -79.029
962    -77.923996
963    -76.884
964    -80.744
965    -77.939
966    -75.22
967    -79.902
968    -79.82
969    -81.106
970    -83.059
971    -80.853
972    -79.725
973    -79.578
974    -80.165
975    -80.064
976    -77.713
977    -81.193
978    -80.83
979    -80.793
980    -80.995
981    -79.825
982    -76.98
983    -80.766
984    -79.779
985    -79.891
986    -78.897
987    -81.987
988    -80.729
989    -82.042
990    -81.616
991    -79.006
992    -76.251
993    -81.096
994    -77.145996
995    -74.963
996    -80.915
997    -79.34
998    -77.041
999    -79.084
1000    -78.945
1001    -77.711
1002    -81.059
1003    -80.737
1004    -78.923996
1005    -81.31
1006    -79.107
1007    -80.923
1008    -80.003
1009    -78.696
1010    -81.233
1011    -78.795
1012    -82.172
1013    -78.677
1014    -79.698
1015    -44.468
1016    -44.057
1017    -43.971
1018    -44.459
1019    -43.975998
1020    -44.035
1021    -44.36
1022    -43.516
1023    -44.127
1024    -42.149
1025    -43.612
1026    -43.183
1027    -43.391
1028    -44.33
1029    -44.295
1030    -43.211
1031    -44.022
1032    -53.162
1033    -52.923
1034    -54.262
1035    -54.263
1036    -53.017
1037    -53.472
1038    -53.122
1039    -54.062
1040    -53.18
1041    -52.23
1042    -53.968
1043    -52.453
1044    -44.012
1045    -35.187
1046    -44.281
1047    -43.992
1048    -44.392
1049    -64.157
1050    -73.897
1051    -74.316
1052    -73.058
1053    -74.041
1054    -74.405
1055    -64.287
1056    -74.384
1057    -73.385
1058    -72.994
1059    -74.067
1060    -64.276
1061    -73.879
1062    -74.063
1063    -74.34
1064    -73.124
1065    -64.207
1066    -74.663
1067    -73.508
1068    -75.069
1069    -72.187
1070    -78.265
1071    -78.442
1072    -78.252
1073    -78.211
1074    -79.257
1075    -80.236
1076    -77.923996
1077    -79.11
1078    -77.008
1079    -78.752
1080    -76.496
1081    -42.4
1082    -47.322
1083    -47.113
1084    -48.368
1085    -48.021
1086    -48.156
1087    -47.606
1088    -47.879
1089    -48.327
1090    -48.062
1091    -48.28
1092    -48.439
1093    -48.1
1094    -47.171
1095    -47.402
1096    -48.422
1097    -47.34
1098    -47.226
1099    -48.0
1100    -47.052
1101    -47.304
1102    -47.828
1103    -47.931
1104    -48.466
1105    -48.39
1106    -46.318
1107    -48.365
1108    -47.935
1109    -47.244
1110    -46.38
1111    -47.048
1112    -47.26
1113    -46.991
1114    -47.925
1115    -46.32
1116    -47.853
1117    -47.542
1118    -47.683
1119    -48.084
1120    -47.456
1121    -48.59
1122    -48.236
1123    -47.984
1124    -48.222
1125    -47.554
1126    -47.137
1127    -48.085
1128    -48.242
1129    -48.074
1130    -46.058
1131    -47.325
1132    -48.32
1133    -48.22
1134    -48.429
1135    -46.126
1136    -45.965
1137    -48.263
1138    -47.931
1139    -48.113
1140    -48.06
1141    -47.245
1142    -48.491
1143    -48.086
1144    -47.12
1145    -48.365
1146    -46.701
1147    -47.257
1148    -47.439
1149    -47.888
1150    -48.217
1151    -47.987
1152    -48.176
1153    -47.12
1154    -47.616
1155    -46.469
1156    -47.106
1157    -50.994
1158    -46.81
1159    -46.288
1160    -51.174
1161    -50.061
1162    -50.03
1163    -47.534
1164    -48.16
1165    -51.368
1166    -51.295
1167    -51.0
1168    -46.125
1169    -46.126
1170    -48.27
1171    -48.433
1172    -48.299
1173    -48.016
1174    -48.407
1175    -47.094
1176    -47.387
1177    -48.572998
1178    -46.416
1179    -48.319
1180    -47.951
1181    -46.328
1182    -47.964
1183    -48.035
1184    -48.116
1185    -47.133
1186    -48.247
1187    -48.382
1188    -46.604
1189    -48.092
1190    -48.592
1191    -46.767
1192    -46.343
1193    -47.918
1194    -48.302
1195    -47.149
1196    -48.162
1197    -48.511
1198    -48.424
1199    -47.257
1200    -46.901
1201    -47.65
1202    -46.269
1203    -48.277
1204    -47.924
1205    -48.423
1206    -47.397
1207    -46.332
1208    -47.981
1209    -48.356
1210    -48.109
1211    -48.009
1212    -48.308
1213    -48.088
1214    -48.428
1215    -47.166
1216    -47.966
1217    -47.001
1218    -46.208
1219    -47.308
1220    -48.157
1221    -47.188
1222    -46.425
1223    -48.075
1224    -48.415
1225    -48.222
1226    -47.283
1227    -47.296
1228    -48.142
1229    -48.12
1230    -47.843
1231    -47.263
1232    -48.271
1233    -45.261
1234    -47.961998
1235    -46.912
1236    -47.709
1237    -47.021
1238    -47.125
1239    -48.411
1240    -46.902
1241    -47.007
1242    -47.457
1243    -47.194
1244    -47.635
1245    -48.496
1246    -47.926
1247    -48.021
1248    -41.2
1249    -41.626
1250    -43.327
1251    -42.897
1252    -42.297
1253    -43.11
1254    -42.883
1255    -43.031
1256    -43.299
1257    -43.108
1258    -43.269
1259    -43.183
1260    -42.848
1261    -42.855
1262    -43.06
1263    -43.055
1264    -43.408
1265    -43.35
1266    -43.2
1267    -43.164
1268    -43.285
1269    -43.25
1270    -42.613
1271    -43.68
1272    -43.285
1273    -43.4
1274    -42.742
1275    -34.616
1276    -33.994
1277    -34.207
1278    -34.495
1279    -34.16
1280    -34.522
1281    -34.441
1282    -34.394
1283    -33.746
1284    -34.19
1285    -34.798
1286    -34.572
1287    -33.177
1288    -34.506
1289    -38.228
1290    -33.918
1291    -33.363
1292    -34.589
1293    -34.465
1294    -34.484
1295    -32.804
1296    -39.694
1297    -38.6
1298    -34.241
1299    -34.509
1300    -34.253
1301    -39.341
1302    -34.424
1303    -34.427
1304    -38.17
1305    -34.174
1306    -34.458
1307    -34.163
1308    -39.586
1309    -34.675
1310    -33.562
1311    -34.496
1312    -39.524
1313    -34.273
1314    -34.55
1315    -39.408
1316    -33.377
1317    -34.505
1318    -34.35
1319    -34.553
1320    -38.64
1321    -34.639
1322    -34.223
1323    -39.296
1324    -33.674
1325    -34.62
1326    -32.99
1327    -34.482
1328    -37.716
1329    -33.358
1330    -34.615
1331    -34.355
1332    -34.18
1333    -34.71
1334    -34.471
1335    -34.683
1336    -34.258
1337    -34.096
1338    -34.567
1339    -33.73
1340    -34.438
1341    -34.333
1342    -34.53
1343    -33.69
1344    -34.341
1345    -34.782
1346    -34.451
1347    -33.318
1348    -34.693
1349    -33.361
1350    -34.683
1351    -34.318
1352    -34.388
1353    -34.516
1354    -34.66
1355    -39.12
1356    -34.228
1357    -38.535
1358    -38.232
1359    -39.267
1360    -34.433
1361    -38.408
1362    -39.424
1363    -38.574
1364    -34.479
1365    -38.426
1366    -26.058
1367    -27.8
1368    -26.865
1369    -28.548
1370    -28.091
1371    -28.277
1372    -28.608
1373    -28.576
1374    -28.631
1375    -28.417
1376    -28.566
1377    -28.892
1378    -28.566
1379    -28.492
1380    -27.511
1381    -28.566
1382    -28.625
1383    -28.618
1384    -28.511
1385    -28.666
1386    -28.727
1387    -28.698
1388    -28.425
1389    -28.31
1390    -28.771
1391    -28.767
1392    -28.761
1393    -28.632
1394    -28.315
1395    -28.104
1396    -28.38
1397    -28.434
1398    -28.465
1399    -28.827
1400    -27.498
1401    -27.123
1402    -28.542
1403    -28.82
1404    -28.822
1405    -28.354
1406    -28.451
1407    -28.975
1408    -28.638
1409    -28.789
1410    -28.316
1411    -28.172
1412    -28.138
1413    -28.498
1414    -27.26
1415    -28.771
1416    -28.209
1417    -27.635
1418    -28.575
1419    -28.3
1420    -28.799
1421    -28.272
1422    -28.654
1423    -27.87
1424    -28.901
1425    -28.525
1426    -27.983
1427    -28.691
1428    -28.669
1429    -29.622
1430    -27.851
1431    -28.44
1432    -27.642
1433    -28.848
1434    -28.11
1435    -28.871
1436    -27.654
1437    -28.47
1438    -28.493
1439    -28.829
1440    -28.529
1441    -28.842
1442    -28.82
1443    -28.169
1444    -28.362
1445    -28.594
1446    -28.527
1447    -28.815
1448    -28.894
1449    -28.112
1450    -28.644
1451    -28.556
1452    -27.79
1453    -28.542
1454    -28.494999
1455    -28.482
1456    -27.888
1457    -26.438
1458    -27.627
1459    -28.13
1460    -27.693
1461    -27.422
1462    -28.858
1463    -28.991
1464    -28.593
1465    -27.867
1466    -28.656
1467    -28.669
1468    -28.713
1469    -28.672
1470    -28.569
1471    -28.609
1472    -28.565
1473    -28.796
1474    -28.768
1475    -28.833
1476    -27.507
1477    -28.503
1478    -28.607
1479    -28.55
1480    -28.487999
1481    -28.744999
1482    -28.585
1483    -28.725
1484    -28.559
1485    -28.298
1486    -28.836
1487    -28.79
1488    -28.691
1489    -58.464
1490    -28.294
1491    -28.327
1492    -57.719
1493    -28.369
1494    -28.989
1495    -58.42
1496    -26.515
1497    -28.949
1498    -58.577
1499    -28.677
1500    -28.786
1501    -58.186
1502    -58.797
1503    -58.498
1504    -27.579
1505    -27.944
1506    -28.571
1507    -26.646
1508    -28.46
1509    -28.457
1510    -28.281
1511    -28.453
1512    -28.381
1513    -28.753
1514    -28.475
1515    -28.42
1516    -9.654
1517    -11.159
1518    -11.777
1519    -11.98
1520    -6.308
1521    -12.786
1522    -11.925
1523    -7.24
1524    -12.024
1525    -11.807
1526    -10.904
1527    -10.988
1528    -10.998
1529    -5.2139997
1530    -11.713
1531    -8.211
1532    -11.346
1533    -9.309
1534    -6.297
1535    -9.076
1536    -11.195
1537    -5.22
1538    -9.09
1539    -8.443
1540    -4.435
1541    -8.721
1542    -6.967
1543    -5.153
1544    -7.509
1545    -4.895
1546    -7.175
1547    -8.752
1548    -4.956
1549    -5.9849997
1550    -6.719
1551    -7.047
1552    -8.057
1553    -5.005
1554    -6.647
1555    -8.311
1556    -6.907
1557    -4.705
1558    -9.057
1559    -7.105
1560    -7.352
1561    -5.415
1562    -4.481
1563    -6.3859997
1564    -8.851
1565    -4.79
1566    -10.543
1567    -8.222
1568    -6.8599997
1569    -9.095
1570    -7.829
1571    -7.855
1572    -6.8719997
1573    -9.28
1574    -6.137
1575    -8.229
1576    -6.19
1577    -6.87
1578    -5.215
1579    -6.3849998
1580    -8.077
1581    -4.343
1582    -5.657
1583    -7.6029997
1584    -3.7979999
1585    -5.983
1586    -5.639
1587    -7.644
1588    -5.994
1589    -6.9259996
1590    -4.246
1591    -7.773
1592    -34.375
1593    -34.209
1594    -34.061
1595    -34.51
1596    -34.221
1597    -33.865
1598    -34.543
1599    -34.325
1600    -34.543
1601    -34.332
1602    -34.055
1603    -33.523
1604    -34.319
1605    -34.595
1606    -34.274
1607    -34.465
1608    -34.322
1609    -34.396
1610    -34.461998
1611    -34.257
1612    -34.588
1613    -34.434
1614    -34.591
1615    -34.369
1616    -34.277
1617    -33.368
1618    -34.28
1619    -32.517
1620    -34.184
1621    -33.596
1622    -34.215
1623    -33.036
1624    -34.069
1625    -34.234
1626    -34.457
1627    -34.68
1628    -34.55
1629    -34.407
1630    -34.666
1631    -34.5
1632    -34.576
1633    -34.459
1634    -34.827
1635    -33.167
1636    -34.183
1637    -34.276
1638    -34.157
1639    -34.333
1640    -34.683
1641    -34.586
1642    -34.464
1643    -34.236
1644    -34.597
1645    -34.059
1646    -34.115
1647    -33.83
1648    -33.939
1649    -34.002
1650    -34.3
1651    -39.758
1652    -39.567
1653    -38.276
1654    -36.635
1655    -38.916
1656    -38.247
1657    -38.298
1658    -39.586
1659    -38.445
1660    -38.793
1661    -39.334
1662    -39.142
1663    -39.807
1664    -38.62
1665    -39.254
1666    -39.501
1667    -39.027
1668    -38.614
1669    -39.454
1670    -38.531
1671    -37.298
1672    -39.422
1673    -38.912
1674    -39.393
1675    -39.65
1676    -38.484
1677    -39.277
1678    -39.545
1679    -38.426
1680    -39.465
1681    -39.452
1682    -39.793
1683    -39.58
1684    -39.33
1685    -39.285
1686    -39.574
1687    -33.385
1688    -34.35
1689    -33.112
1690    -34.264
1691    -34.536
1692    -33.2
1693    -34.093
1694    -34.494
1695    -34.421
1696    -34.268
1697    -34.805
1698    -33.941
1699    -33.941
1700    -34.747
1701    -34.507
1702    -34.405
1703    -33.237
1704    -34.281
1705    -34.572
1706    -33.478
1707    -34.811
1708    -34.038
1709    -34.868
1710    -33.989
1711    -34.143
1712    -34.225
1713    -34.529
1714    -34.166
1715    -34.363
1716    -28.003
1717    -27.72
1718    -28.137
1719    -28.282999
1720    -28.836
1721    -32.44
1722    -32.464
1723    -32.947
1724    -31.545
1725    -32.178
1726    -31.295
1727    -32.092
1728    -32.513
1729    -32.476
1730    -32.501
1731    -32.257
1732    -32.435
1733    -32.618
1734    -32.07
1735    -32.898
1736    -32.097
1737    -32.214
1738    -32.52
1739    -46.45
1740    -54.219
1741    -51.763
1742    -54.113
1743    -55.601
1744    -54.394
1745    -54.959
1746    -52.656
1747    -54.107
1748    -54.966
1749    -54.74
1750    -54.989
1751    -54.92
1752    -53.711
1753    -53.885
1754    -54.129
1755    -54.257
1756    -54.916
1757    -54.883
1758    -53.847
1759    -54.536
1760    -54.163
1761    -54.35
1762    -54.868
1763    -54.506
1764    -54.214
1765    -54.981
1766    -55.466
1767    -54.658
1768    -55.242
1769    -54.818
1770    -54.643
1771    -53.403
1772    -52.899
1773    -55.042
1774    -55.033
1775    -54.497
1776    -55.048
1777    -55.14
1778    -54.586
1779    -55.748
1780    -56.187
1781    -54.182
1782    -55.077
1783    -55.166
1784    -56.093
1785    -52.401
1786    -55.871
1787    -56.28
1788    -56.242
1789    -55.631
1790    -56.193
1791    -55.891
1792    -54.916
1793    -55.547
1794    -56.254
1795    -56.027
1796    -55.436
1797    -54.247
1798    -55.122
1799    -55.441
1800    -56.592
1801    -56.433
1802    -54.784
1803    -55.652
1804    -54.128
1805    -56.552
1806    -55.845
1807    -56.034
1808    -56.242
1809    -56.427
1810    -55.676
1811    -55.412
1812    -56.028
1813    -55.427
1814    -55.997
1815    -55.227
1816    -53.422
1817    -56.308
1818    -54.954
1819    -54.968
1820    -55.994
1821    -55.299
1822    -54.974
1823    -55.52
1824    -56.333
1825    -56.429
1826    -54.796
1827    -56.126
1828    -53.906
1829    -54.912
1830    -54.859
1831    -55.207
1832    -56.193
1833    -54.316
1834    -55.997
1835    -56.464
1836    -55.562
1837    -55.145
1838    -49.89
1839    -56.383
1840    -55.233
1841    -55.663
1842    -56.349
1843    -49.607
1844    -56.09
1845    -55.487
1846    -56.322
1847    -56.15
1848    -55.732
1849    -56.01
1850    -56.389
1851    -56.176
1852    -55.431
1853    -55.126
1854    -56.18
1855    -55.761
1856    -53.971
1857    -56.14
1858    -51.431
1859    -56.16
1860    -55.547
1861    -56.552
1862    -56.067
1863    -54.426
1864    -51.315998
1865    -56.154
1866    -55.308
1867    -55.614998
1868    -56.183
1869    -56.322998
1870    -54.264
1871    -55.472
1872    -55.345
1873    -55.881
1874    -54.828
1875    -54.926
1876    -56.539
1877    -56.136
1878    -54.709
1879    -49.876
1880    -56.038
1881    -56.149
1882    -55.485
1883    -55.893
1884    -50.519
1885    -55.979
1886    -55.488
1887    -55.94
1888    -56.434
1889    -56.082
1890    -55.724
1891    -55.376
1892    -56.013
1893    -55.483
1894    -56.225
1895    -55.947
1896    -55.412
1897    -56.466
1898    -55.086
1899    -51.274
1900    -53.977
1901    -55.166
1902    -56.521
1903    -56.259
1904    -55.578
1905    -51.238
1906    -54.822
1907    -56.009
