0    -28.946
1    -28.885
2    -28.262
3    -28.743
4    -28.734
5    -28.748
6    -27.845
7    -28.644
8    -28.717
9    -5.644
10    -7.0579996
11    -8.058
12    -8.861
13    -7.659
14    -8.382
15    -7.8269997
16    -8.091
17    -8.618
18    -6.525
19    -6.356
20    -8.702
21    -6.874
22    -9.071
23    -9.193
24    -9.6119995
25    -5.87
26    -8.04
27    -7.887
28    -6.722
29    -28.63
30    -28.563
31    -28.654
32    -28.494999
33    -28.737999
34    -28.208
35    -28.342
36    -28.768
37    -28.558
38    -28.464
39    -28.462
40    -28.801
41    -28.362
42    -28.728
43    -28.395
44    -28.572
45    -28.692
46    -28.468
47    -28.543
48    -28.367
49    -28.494
50    -28.322
51    -28.29
52    -28.928
53    -28.629
54    -58.793
55    -28.645
56    -58.506
57    -28.187
58    -58.385
59    -28.508
60    -58.447
61    -58.825
62    -28.42
63    -26.815
64    -28.518
65    -26.311
66    -58.779
67    -28.43
68    -57.059
69    -28.621
70    -57.315
71    -28.853
72    -60.934
73    -28.82
74    -58.679
75    -28.451
76    -58.594
77    -28.377
78    -58.754
79    -28.521
80    -58.817
81    -28.419
82    -27.64
83    -58.358
84    -27.833
85    -58.816
86    -28.605999
87    -57.648
88    -28.513
89    -58.514
90    -28.467
91    -58.834
92    -27.581
93    -58.967
94    -28.477
95    -58.39
96    -28.1
97    -58.763
98    -27.83
99    -58.42
100    -28.467
101    -58.23
102    -28.744
103    -56.481
104    -34.243
105    -66.253
106    -34.45
107    -64.569
108    -34.487
109    -63.241
110    -34.349
111    -64.212
112    -33.454
113    -64.393
114    -34.603
115    -63.406
116    -34.606
117    -64.351
118    -33.634
119    -64.737
120    -34.474
121    -64.207
122    -33.731
123    -64.623
124    -33.981
125    -64.375
126    -33.491
127    -64.425
128    -34.523
129    -64.439
130    -33.921
131    -64.687
132    -34.576
133    -64.4
134    -34.283
135    -64.418
136    -34.388
137    -64.274
138    -34.35
139    -64.46
140    -34.209
141    -64.502
142    -34.071
143    -64.577
144    -34.39
145    -33.18
146    -64.289
147    -34.454
148    -64.474
149    -34.435
150    -34.783
151    -66.229
152    -34.393
153    -64.451
154    -34.638
155    -64.207
156    -34.735
157    -65.24
158    -65.24
159    -34.642
160    -63.335
161    -34.648
162    -64.086
163    -34.251
164    -64.68
165    -34.33
166    -64.104
167    -34.351
168    -63.629
169    -34.233
170    -64.349
171    -34.257
172    -64.174
173    -34.604
174    -33.083
175    -64.472
176    -64.544
177    -34.072998
178    -65.035
179    -34.143
180    -64.325
181    -34.357
182    -64.514
183    -33.478
184    -64.444
185    -34.015
186    -64.494
187    -33.945
188    -64.5
189    -34.177
190    -64.249
191    -34.421
192    -64.362
193    -34.199
194    -64.402
195    -33.411
196    -64.21
197    -33.917
198    -34.408
199    -64.365
200    -32.687
201    -64.067
202    -34.508
203    -63.112
204    -33.516
205    -64.606
206    -34.055
207    -64.444
208    -34.469
209    -64.359
210    -34.366
211    -64.777
212    -33.536
213    -64.603
214    -34.094
215    -64.077
216    -34.883
217    -65.421
218    -32.387
219    -64.451
220    -33.196
221    -64.386
222    -34.48
223    -63.426
224    -34.135
225    -64.068
226    -34.224
227    -64.434
228    -34.432
229    -64.126
230    -34.7
231    -64.991
232    -34.683
233    -64.29
234    -34.439
235    -34.439
236    -69.621
237    -39.278
238    -69.269
239    -39.441
240    -69.294
241    -38.599
242    -71.492
243    -39.458
244    -68.427
245    -39.232
246    -69.655
247    -39.584
248    -68.344
249    -39.374
250    -69.408
251    -39.06
252    -69.881
253    -38.155
254    -39.395
255    -68.533
256    -70.238
257    -39.304
258    -37.444
259    -69.513
260    -39.525
261    -68.181
262    -37.882
263    -70.394
264    -34.508
265    -67.803
266    -34.358
267    -69.321
268    -34.529
269    -69.401
270    -34.168
271    -68.086
272    -34.305
273    -68.476
274    -33.421
275    -63.805
276    -34.195
277    -64.243
278    -34.393
279    -64.439
280    -34.468
281    -64.335
282    -64.335
283    -34.257
284    -63.917
285    -34.014
286    -63.714
287    -64.442
288    -34.476
289    -64.4
290    -34.608
291    -63.456
292    -28.376
293    -27.912
294    -28.692
295    -31.603
296    -32.55
297    -32.538
298    -32.391
299    -31.692
300    -31.365
301    -31.072
302    -32.456
303    -32.685
304    -32.346
305    -32.4
306    -32.849
307    -54.696
308    -55.094
309    -53.481
310    -54.308
311    -55.156
312    -54.447
313    -54.872
314    -52.984
315    -54.941
316    -55.195
317    -55.190998
318    -55.271
319    -55.597
320    -55.197998
321    -55.145
322    -54.723
323    -55.428
324    -54.319
325    -55.007
326    -55.331
327    -55.19
328    -55.291
329    -55.341
330    -53.361
331    -54.951
332    -56.209
333    -56.556
334    -55.802
335    -56.075
336    -56.016
337    -54.447998
338    -56.366
339    -54.94
340    -55.08
341    -54.847
342    -55.982
343    -55.725
344    -41.717
345    -55.964
346    -43.165
347    -51.195
348    -55.946
349    -43.112
350    -56.037
351    -43.072
352    -43.489
353    -54.934
354    -43.348
355    -43.168
356    -56.168
357    -43.05
358    -55.172
359    -43.126
360    -56.329
361    -42.225
362    -56.128
363    -43.415
364    -56.081
365    -43.107
366    -56.126
367    -51.081
368    -43.28
369    -55.917
370    -43.02
371    -43.494
372    -53.77
373    -51.518
374    -56.144
375    -43.156
376    -55.994
377    -42.259
378    -55.842
379    -41.972
380    -55.022
381    -51.236
382    -43.436
383    -56.512
384    -43.31
385    -54.922
386    -43.444
387    -51.235
388    -56.519
389    -43.442
390    -55.166
391    -41.606
392    -56.228
393    -43.22
394    -50.849
395    -55.987
396    -43.596
397    -56.241
398    -43.186
399    -51.18
400    -56.343
401    -43.443
402    -56.197
403    -43.105
404    -55.364
405    -43.345
406    -51.242
407    -43.154
408    -43.569
409    -51.042
410    -43.338
411    -43.413
412    -43.582
413    -55.203
414    -54.915
415    -43.43
416    -55.911
417    -50.25
418    -43.135
419    -56.027
420    -43.02
421    -43.259
422    -56.216
423    -43.314
424    -54.4
