0    -28.498
1    -28.61
2    -27.302
3    -28.71
4    -28.3
5    -28.494999
6    -28.432
7    -28.568
8    -28.175
9    -9.258
10    -6.574
11    -3.885
12    -7.966
13    -9.17
14    -8.831
15    -6.618
16    -6.328
17    -8.996
18    -5.608
19    -6.936
20    -5.97
21    -6.045
22    -5.5179996
23    -5.706
24    -7.553
25    -7.6359997
26    -7.3129997
27    -7.5959997
28    -4.616
29    -28.755
30    -28.534
31    -27.494
32    -28.774
33    -28.814
34    -28.993
35    -28.39
36    -27.628
37    -28.565
38    -28.555
39    -28.836
40    -28.725
41    -28.482
42    -28.685
43    -28.597
44    -28.209
45    -28.543
46    -28.211
47    -28.585
48    -28.589
49    -28.676
50    -28.504
51    -28.297
52    -28.195
53    -28.442
54    -57.605
55    -28.393
56    -58.611
57    -28.466
58    -57.342
59    -28.944
60    -58.597
61    -58.346
62    -26.967
63    -28.794
64    -27.484
65    -28.641
66    -58.753
67    -27.167
68    -58.869
69    -28.126999
70    -59.504
71    -28.679
72    -58.454
73    -27.604
74    -60.278
75    -27.011
76    -55.775
77    -28.489
78    -58.704
79    -28.209
80    -58.403
81    -28.458
82    -28.796
83    -58.697998
84    -28.645
85    -58.325
86    -28.716
87    -58.519
88    -27.862999
89    -57.341
90    -28.553
91    -58.943
92    -28.562
93    -58.678
94    -28.008
95    -58.653
96    -28.523
97    -28.523
98    -58.512
99    -27.434
100    -58.495
101    -28.546
102    -58.714
103    -28.629
104    -58.461
105    -34.161
106    -64.472
107    -33.411
108    -64.243
109    -34.483
110    -64.451
111    -32.671
112    -64.618
113    -34.564
114    -63.203
115    -33.345
116    -64.577
117    -34.583
118    -64.472
119    -34.484
120    -63.25
121    -34.565
122    -64.116
123    -33.383
124    -64.462
125    -32.658
126    -64.477
127    -32.351
128    -64.42
129    -34.384
130    -64.342
131    -33.192
132    -64.089
133    -33.471
134    -64.744
135    -34.718
136    -63.386
137    -34.71
138    -63.226
139    -34.456
140    -64.862
141    -34.473
142    -64.517
143    -34.486
144    -64.506
145    -34.487
146    -33.136
147    -65.445
148    -34.246
149    -34.566
150    -34.519
151    -64.763
152    -34.737
153    -65.59
154    -34.093
155    -64.516
156    -34.542
157    -64.254
158    -34.444
159    -64.257
160    -34.385
161    -64.254
162    -34.043
163    -64.586
164    -34.321
165    -64.045
166    -34.269
167    -64.355
168    -34.605
169    -64.522
170    -34.383
171    -64.67
172    -34.461
173    -64.452
174    -34.695
175    -65.127
176    -34.190998
177    -64.199
178    -33.294
179    -64.143
180    -34.203
181    -64.249
182    -33.461
183    -64.459
184    -33.586998
185    -64.633
186    -34.605
187    -64.345
188    -34.21
189    -64.031
190    -34.046
191    -64.148
192    -34.328
193    -64.747
194    -34.153
195    -64.323
196    -34.165
197    -64.148
198    -34.541
199    -64.019
200    -34.73
201    -64.067
202    -33.108
203    -65.277
204    -34.009
205    -63.659
206    -34.467
207    -64.814
208    -34.6
209    -64.835
210    -34.088
211    -64.212
212    -34.651
213    -63.769
214    -34.546
215    -64.063
216    -34.309
217    -63.178
218    -34.491
219    -63.635
220    -34.294
221    -64.292
222    -34.708
223    -64.401
224    -34.581
225    -64.792
226    -33.43
227    -34.36
228    -64.365
229    -64.055
230    -33.324
231    -65.109
232    -34.495
233    -34.41
234    -68.875
235    -39.239
236    -67.397
237    -39.431
238    -69.539
239    -39.555
240    -69.516
241    -38.639
242    -68.493
243    -38.746
244    -69.529
245    -38.191
246    -68.455
247    -38.409
248    -69.475
249    -38.455
250    -69.327
251    -39.456
252    -38.068
253    -68.157
254    -39.147
255    -68.161
256    -38.238
257    -69.382
258    -38.555
259    -69.491
260    -39.514
261    -68.11
262    -34.048
263    -69.604
264    -34.593
265    -67.398
266    -34.586
267    -69.087
268    -34.288
269    -69.25
270    -33.234
271    -67.74
272    -34.306
273    -64.44
274    -34.798
275    -65.328
276    -32.532
277    -64.755
278    -34.179
279    -64.366
280    -64.366
281    -34.336
282    -64.404
283    -34.278
284    -64.333
285    -33.835
286    -34.467
287    -64.559
288    -34.257
289    -64.734
290    -28.25
291    -28.504
292    -28.486
293    -32.413
294    -32.332
295    -32.3
296    -32.105
297    -32.77
298    -32.333
299    -32.085
300    -32.703
301    -32.271
302    -32.223
303    -31.815
304    -31.248
305    -55.249
306    -55.509
307    -53.911
308    -55.033
309    -55.026
310    -53.994
311    -54.955
312    -53.831
313    -55.11
314    -54.441
315    -53.291
316    -53.814
317    -54.528
318    -54.236
319    -53.398
320    -54.051
321    -54.908
322    -55.031
323    -55.34
324    -55.057
325    -55.575
326    -53.515
327    -54.472
328    -55.037
329    -55.208
330    -56.099
331    -55.458
332    -56.223
333    -55.834
334    -55.216
335    -56.126
336    -55.149
337    -55.859
338    -56.225
339    -55.73
340    -56.469
341    -55.836
342    -43.425
343    -54.772
344    -43.115
345    -56.186
346    -43.402
347    -54.999
348    -43.174
349    -43.194
350    -55.866
351    -43.171
352    -43.604
353    -54.057
354    -43.443
355    -56.024
356    -43.06
357    -55.164
358    -43.135
359    -55.907
360    -43.121
361    -56.298
362    -43.190998
363    -55.953
364    -50.227
365    -43.169
366    -55.88
367    -43.334
368    -54.277
369    -43.314
370    -51.056
371    -55.031
372    -42.164
373    -56.156
374    -43.631
375    -56.406
376    -43.354
377    -56.411
378    -50.234
379    -43.253
380    -56.08
381    -43.301
382    -56.167
383    -43.186
384    -51.17
385    -56.112
386    -43.204
387    -55.983
388    -43.375
389    -54.96
390    -43.147
391    -51.467
392    -54.82
393    -43.299
394    -55.224
395    -43.27
396    -51.363
397    -56.119
398    -42.188
399    -56.036
400    -42.288
401    -55.185
402    -43.221
403    -51.012
404    -43.457
405    -43.494
406    -50.964
407    -43.076
408    -43.221
409    -43.262
410    -56.002
411    -43.219
412    -56.0
413    -42.961998
414    -55.881
415    -51.109
416    -43.515
417    -55.495
418    -43.254
419    -42.92
420    -55.362
