0    -11.363
1    -10.552
2    -9.651
3    -10.447
4    -12.359
5    -17.093
6    -12.1
7    -10.275
8    -12.375
9    -11.4
10    -10.377
11    -10.087
12    -10.169
13    -11.323
14    -15.7369995
15    -18.434
16    -10.186
17    -16.95
18    -10.39
19    -10.317
20    -14.516
21    -12.291
22    -9.406
23    -18.555
24    -9.495
25    -15.875999
26    -10.222
27    -15.168
28    -10.262
29    -12.355
30    -10.281
31    -10.262
32    -12.306
33    -10.32
34    -3.698
35    -10.473
36    -10.407
37    -9.286
38    -12.454
39    -13.382
40    -10.253
41    -10.174
42    -9.207
43    -10.343
44    -10.144
45    -10.245
46    -11.893
47    -16.932
48    -9.519
49    -11.019
50    -13.466
51    -12.442
52    -8.099
53    -46.535
54    -14.353
55    -13.281
56    -10.117
57    -10.452
58    -10.387
59    -10.002
60    -19.7
61    -9.767
62    -12.173
63    -12.552
64    -17.469
65    -10.137
66    -10.091
67    -9.785
68    -11.74
69    -8.222
70    -9.891
71    -14.047
72    -14.5529995
73    -10.568
74    -9.434
75    -4.316
76    -12.882
77    -10.146
78    -12.14
79    -10.351
80    -16.434
81    -9.345
82    -10.399
83    -10.724
84    -16.658
85    -10.148
86    -10.637
87    -8.941
88    -13.205
89    -9.728
90    -10.198
91    -10.489
92    -11.504
93    -11.657
94    -13.213
95    -13.495
96    -9.198999
97    -9.198999
98    -10.498
99    -10.247
100    -9.524
101    -9.967
102    -7.341
103    -11.266
104    -9.846
105    -10.127
106    -11.126
107    -10.44
108    -11.1449995
109    -10.357
110    -10.383
111    -16.478
112    -9.031
113    -10.499
114    -10.5789995
115    -12.4869995
116    -14.072
117    -10.124
118    -10.3619995
119    -10.432
120    -12.43
121    -10.058
122    -12.213
123    -9.74
124    -11.036
125    -10.111
126    -9.797
127    -10.213
128    1.631
129    -2.74
130    -14.304
131    -10.352
132    -10.118
133    -15.712
134    -10.311
135    -10.1189995
136    -9.901
137    1.8280001
138    -9.99
139    -10.256
140    -12.715
141    -14.434
142    -8.954
143    -5.301
144    -9.718
145    -13.302
146    -10.285
147    -11.16
148    -13.209
149    -10.34
150    -12.312
151    -12.143
152    -14.267
153    -13.484
154    -12.458
155    -8.705
156    -12.443
157    -12.502
158    -10.289
159    -7.522
160    1.346
161    -12.123
162    -10.531
163    -14.43
164    -10.054
165    -10.504
166    -11.772
167    -9.778
168    -12.202
169    -10.36
170    -16.845
171    -9.693
172    -10.317
173    -12.459
174    -9.287
175    -9.351
176    -12.467
177    -46.503
178    -10.321
179    -10.196
180    -11.677
181    2.278
182    -10.366
183    -13.206
