0    3.39
1    2.88
2    3.3950002
3    4.0600004
4    3.821
5    3.0540001
6    2.8960001
7    4.0150003
8    3.8230002
9    3.2740002
10    3.0970001
11    3.709
12    3.7080002
13    -25.56
14    -25.11
15    -26.066
16    -24.846
17    -25.546
18    -25.063
19    -21.459
20    -21.445
21    -19.657
22    -21.252
23    -21.602
24    -20.11
25    -20.381
26    -11.775
27    -11.894
28    -11.72
29    -12.089
30    -19.621
31    -20.741
32    -21.197
33    -21.558
34    -21.298
35    -11.586
36    -21.424
37    -21.208
38    -21.449
39    -23.029
40    -22.45
41    -22.407999
42    -22.499
43    -21.276
44    -19.535
45    -19.619
46    -19.43
47    -19.794
48    -19.083
49    -16.993
50    -17.819
51    -17.698
52    -17.789
53    -17.67
54    -17.854
55    -19.704
56    -19.842
57    -19.069
58    -19.557
59    -16.854
60    -19.916
61    -12.55
62    -17.973999
63    -12.163
64    -17.936
65    -18.947
66    -11.713
67    -18.628
68    -17.612999
69    -17.933
70    -18.484
71    -18.597
72    -18.932
73    -18.787
74    -18.548
75    -17.64
76    -17.647
77    -17.556
78    -17.65
79    -12.346
80    -17.679
81    -17.869
82    -18.668
83    -18.715
84    -18.516
85    -18.783
86    -18.579
87    -12.239
88    -18.611
89    -12.096
90    -17.123
91    -12.218
92    -18.961
93    -19.808
94    -20.049
95    -19.537
96    -19.476
97    -19.643
98    -12.091
99    -19.446
100    -18.142
101    -19.776
102    -12.101
103    -17.794
104    -19.471
105    -11.89
106    -19.425
107    -19.438
108    -20.034
109    -19.806
110    -20.007
111    -18.964
112    -19.89
113    -19.968
114    -18.512
115    -19.838
116    -18.66
117    -18.605
118    -17.871
119    -19.772
120    -19.647
121    3.2670002
122    -19.829
123    -18.834
124    -19.71
125    -18.971
126    -19.456
127    -19.663
128    -19.597
129    -19.791
130    4.0820003
131    -19.657
132    -19.801
133    -19.512
134    3.684
135    -18.932
136    -19.081
137    -20.56
138    3.2970002
139    -21.746
140    -22.748
141    -22.914
142    -22.698
143    -22.644
144    -22.821
145    -13.551
146    -13.3029995
147    -13.341
148    3.23
149    -12.9279995
150    -13.257
151    -12.752
152    -13.047
153    -12.981
154    -12.848
155    -12.964
156    -12.837
157    -12.945
158    -13.229
159    -11.774
160    -11.879
161    -11.812
162    -11.94
163    -11.937
164    -11.82
165    -10.332
166    -11.971
167    -18.69
168    -11.84
169    -11.99
170    -11.491
171    -11.875999
172    -21.934
173    -12.249
174    -11.927
175    -12.14
176    -11.84
177    -12.177
178    -11.76
179    -12.0
180    -12.059
181    -12.168
182    -12.077
183    -12.052
184    -20.662
185    -12.144
186    -11.981
187    -20.71
188    -11.82
189    -12.432
190    -11.875999
191    -11.676
192    -11.389999
193    -11.84
194    -11.936
195    -21.991
196    -20.602
197    -21.995
198    -21.186
199    -21.987999
200    -22.126
201    -11.738
202    -11.9939995
203    -11.661
204    -21.975
205    -11.857
206    -7.0629997
207    -11.727
208    -12.261
209    -11.897
210    -20.666
211    -11.384
212    -16.614
213    -16.019
214    -16.586
215    -17.055
216    -16.772
217    -15.899
218    -15.666
219    -15.946
220    -17.84
221    -28.671
222    -16.263
223    -16.23
224    -24.905
225    -15.554
226    -15.826
227    -15.783
228    -26.618
229    -17.25
230    -26.554
231    -17.614
232    -16.744
233    -25.909
234    -24.905
235    -10.8619995
236    -10.868
237    -26.11
238    -27.129
239    -27.021
240    -15.698
241    -27.374
242    -15.713
243    -27.554
244    -25.786
245    -15.936
246    -27.735
247    -15.283
248    -14.855
249    -26.611
250    -15.305
251    -24.901
252    -24.779
253    -27.078
254    -25.81
255    -27.669
256    -17.302
257    -23.054
258    -17.272
259    -29.147
260    -16.604
261    -29.115
262    -17.236
263    -16.919
264    -16.919
265    -16.312
266    -29.089
267    -17.211
268    -30.042
269    -15.6779995
270    -29.04
271    -16.17
272    -16.955
273    -29.269
274    -16.2
275    -16.677
276    -27.063
277    -16.633
278    -16.79
279    -16.558
280    -16.433
281    -28.494
282    -32.848
283    -16.855
284    -17.46
285    -17.242
286    -16.627
287    -17.3
288    -17.119
289    -32.635
290    5.4490004
291    -32.818
292    -30.811
293    -30.531
294    -29.117
295    -17.684
296    -30.018
297    -16.696
298    -32.831
299    -32.731
300    -17.169
301    -26.546
302    -11.65
303    -12.046
304    -27.776
305    -23.646
306    -24.603
307    -32.603
308    -17.373
309    -16.549
310    -31.557
311    -16.8
312    -12.289
313    -11.757
314    -12.34
315    -11.664
316    -16.896
317    -16.669
318    -17.114
319    -11.407
320    -27.061
321    -11.908
322    -25.832
323    -32.113
324    -17.27
325    -31.072
326    -30.306
327    -32.735
328    -29.866
329    -29.838
330    -28.442
331    -27.641
332    -27.467
333    -27.628
334    -31.508
335    -29.926
336    -16.594
337    -31.685
338    -17.192
339    -32.65
340    -16.433
341    -12.048
342    -11.642
343    -27.598
344    -27.776
345    -32.619
346    -32.346
347    -48.403
348    -32.546
349    -31.75
350    -31.986
351    -32.484
352    -32.217
353    -32.779
354    -32.119
355    -30.668
356    -32.171
357    -32.257
358    -28.451
359    -32.594
360    -29.744999
361    -27.343
362    -28.573
363    -30.48
364    -30.585
365    -30.83
366    -26.472
367    -26.6
368    -28.676
369    -27.272
370    -27.053
371    -30.806
372    -28.384
373    -28.552
374    -30.66
375    -30.512
376    -27.789
377    -27.655
378    -28.984
379    -28.648
380    -30.188
381    -31.729
382    -30.634
383    -27.462
384    -27.674
385    -30.651
386    -28.716
387    -30.848
388    -32.539
389    -28.597
390    -26.929
391    -30.638
392    -30.715
393    -27.596
394    -28.653
395    -31.587
396    -27.654
397    -30.618
398    -28.581
399    -28.663
400    -30.645
401    -28.893
402    -28.534
403    -23.623
404    -30.539
405    -28.253
406    -28.538
407    -28.538
408    -30.564
409    -30.752
410    -22.825
411    -32.511
412    -23.691
413    -23.376
414    -18.351
415    -22.883999
416    -19.847
417    -20.651
418    -15.757999
419    -19.166
420    -23.902
421    -26.888
422    -23.532999
423    -20.936
424    -25.815
425    -23.816
426    -23.433
427    -23.956
428    -23.922
429    -23.824
430    -22.994
431    -23.567
432    -25.477
433    -24.02
434    -23.778
435    -22.504
436    -24.014
437    -25.754
438    -23.971
439    -23.832
440    -23.826
441    -23.922
442    -25.694
443    -22.88
444    -23.859
445    -24.365
446    -23.361
447    -23.848999
448    -21.432
449    -22.741
450    -23.569
451    -25.624
452    -20.684
453    -23.712
454    -23.635
455    -23.572
456    -22.548
457    -25.744
458    -22.897
459    -20.15
460    -23.778
461    -23.729
462    -25.59
463    -23.776
464    -23.709
465    -23.917
466    -3.132
467    -25.713
468    -23.804
469    -23.816
470    -23.918
471    -23.825
472    -23.838
473    -25.615
474    -23.971
475    -23.987999
476    -23.848
477    -22.001999
478    -25.407
479    -23.083
480    -23.794
481    -23.884
482    -25.65
483    -23.375
484    -23.991
485    -23.792
486    -23.711
487    -25.325
488    -22.832
489    -23.157999
490    -22.903
491    -23.635
492    -23.761
493    -22.899
494    -25.643
495    -23.782
496    -23.46
497    -23.884
498    -22.713
499    -23.825
500    -23.869
501    -23.904
502    -24.054
503    -24.887
504    -23.979
505    -23.048
506    -23.964
507    -23.115
508    -23.98
509    -23.645
510    -23.677
511    -22.597
512    -23.887
513    -23.815
514    -23.784
515    -23.721
516    -24.002
517    -23.778
518    -26.263
519    -23.048
520    -23.7
521    -23.794
522    -23.399
523    -26.579
524    -23.696
525    -23.895
526    -23.841
527    -26.624
528    -23.49
529    -22.806
530    -26.176
531    -23.814
532    -23.487999
533    -26.91
534    -23.787
535    -23.953
536    -26.936
537    -23.905
538    -23.484
539    -22.97
540    -23.23
541    -17.846
542    -20.564
543    -23.709
544    -23.914
545    -23.795
546    -23.975
547    -18.715
548    -23.709
549    -23.629
550    -23.899
551    -22.378
552    -23.63
553    -23.792
554    -18.296
555    -22.963
556    -22.585
557    -23.304
558    -23.63
559    -23.507
560    -23.777
561    -23.703
562    -23.819
563    -23.98
564    -22.671
565    -23.92
566    -23.828
567    -23.549
568    -22.711
569    -23.572
570    -23.936
571    -22.817
572    -21.812
573    -23.728
574    -23.902
575    -23.85
576    -23.921
577    -23.529
578    -23.02
579    -23.266
580    -23.098
581    -21.982
582    -22.799
583    -23.811
584    -23.9
585    -20.958
586    -23.065
587    -23.756
588    -23.657
589    -23.913
590    -23.706
591    -23.036
592    -22.764
593    -23.384
594    -23.876
595    -23.776
596    -23.838
597    -22.498
598    -23.998
599    -23.918
600    -22.689
601    -23.706
602    -23.811
603    -23.568
604    -23.371
605    -22.999
606    -23.838
607    -22.929
608    -23.183
609    -23.487999
610    -23.945
611    -23.785
612    -23.726
613    -23.72
614    -23.93
615    -23.172
616    -23.727
617    -23.492
618    -23.997
619    -23.875
620    -23.944
621    -22.82
622    -22.954
623    -23.886
624    -23.674
625    -23.54
626    -23.191
627    -23.871
628    -21.832
629    -23.959
630    -23.91
631    -23.786
632    -23.94
633    -23.980999
634    -23.355999
635    -22.886
636    -23.945
637    -23.882
638    -23.98
639    -22.618
640    -23.97
641    -23.796
642    -31.455
643    -28.694
644    -23.628
645    -22.603
646    -31.333
647    -23.799
648    -23.133
649    -28.635
650    -23.911
651    -23.844
652    -31.398
653    -28.664
654    -23.518
655    -23.933
656    -23.722
657    -28.344
658    -25.817
659    -23.638
660    -23.748
661    -23.748
662    -28.522
663    -25.662
664    -28.8
665    -27.78
666    -28.621
667    -27.73
668    -28.13
669    -28.49
670    -23.755
671    -23.799
672    -20.704
673    -23.503
674    -23.711
675    -23.81
676    -20.911
677    -22.927
678    -21.578
679    -23.552
680    -28.782
681    -28.817
682    -23.23
683    -23.843
684    -23.825
685    -23.994
686    -24.011
687    -23.629
688    -23.333
689    -20.546
690    -23.964
691    -23.74
692    -28.75
693    -23.883
694    -22.321
695    -23.817
696    -23.867
697    -23.775
698    -23.865
699    -22.941
700    -23.956
701    -23.893
702    -22.742
703    -22.018
704    -22.71
705    -23.786
706    -23.862999
707    -23.841
708    -23.83
709    -23.83
710    -23.785
711    -23.842
712    -28.894
713    -25.534
714    -28.522
715    -28.4
716    -28.156
717    -28.156
718    -28.579
719    -28.335
720    -28.693
721    -28.693
722    -28.306
723    -27.372
724    -27.57
725    -28.618
726    -28.735
727    -28.766
728    -28.653
729    -27.784
730    -27.514
731    -23.839
732    -23.727
733    -23.853
734    -28.466
735    -28.806
736    -27.668
737    -23.159
738    -23.867
739    -23.181
740    -23.926
741    -22.571
742    -24.005
743    -23.556
744    -23.901
745    -23.865
746    -23.896
747    -19.309
748    -23.767
749    -22.725
750    -19.964
751    -23.581
752    -23.82
753    -23.85
754    -23.392
755    -23.302
756    -23.823
757    -22.865
758    -27.612
759    -27.866
760    -23.959
761    -27.64
762    -23.788
763    -31.764
764    -32.347
765    -23.958
766    -31.594
767    -32.611
768    -32.733
769    -23.833
770    -32.622
771    -32.622
772    -32.745
773    -32.754
774    -23.18
775    -31.618
776    -28.753
777    -32.719
778    -32.508
779    -32.766
780    -32.715
781    -32.77
782    -32.779
783    -31.366
784    -31.366
785    -28.757
786    -32.623
787    -32.553
788    -32.703
789    -32.703
790    -31.762
791    -31.848
792    -32.729
793    -32.729
794    -32.531
795    -32.781
796    -32.32
797    -32.359
798    -32.62
799    -31.718
800    -32.796
801    -23.965
802    -32.757
803    -32.174
804    -31.616
805    -23.787
806    -31.85
807    -32.62
808    -32.538
809    -32.586998
810    -32.665
811    -23.864
812    -31.691
813    -23.4
814    -32.865
815    -32.706
816    -28.689
817    -28.784
818    -28.784
819    -28.598999
820    -28.739
821    -28.739
822    -32.602
823    -28.657
824    -28.81
825    -32.684
826    -28.091
827    -28.794
828    -31.845
829    -32.768
830    -27.159
831    -32.601
832    -31.732
833    -31.668
834    -23.65
835    -32.513
836    -23.744999
837    -30.75
838    -24.013
839    -23.776
840    -31.326
841    -31.326
842    -31.804
843    -31.859
844    -31.686
845    -32.583
846    -24.008
847    -31.612
848    -32.768
849    -32.768
850    -23.658
851    -32.475
852    -31.951
853    -23.449
854    -32.766
855    -32.766
856    -23.796
857    -28.545
858    -28.628
859    -27.892
860    -32.298
861    -32.302
862    -32.474
863    -31.554
864    -32.638
865    -32.756
866    -32.665
867    -32.524
868    -31.71
869    -32.759
870    -27.232
871    -27.732
872    -27.732
873    -34.729
874    -34.131
875    -33.79
876    -27.928
877    -34.08
878    -34.84
879    -22.489
880    -23.341
881    -27.873
882    -23.818
883    -22.664
884    -24.605999
885    -23.858
886    -23.458
887    -22.347
888    -23.901
889    -24.91
890    -23.018
891    -23.861
892    -22.57
893    -13.082
894    -23.943
895    -22.744999
896    -22.744999
897    -22.952
898    -23.401
899    -21.119
900    -24.592
901    -22.928
902    -22.796
903    -24.536
904    -10.93
905    -23.736
906    -23.736
907    -22.923
908    -22.923
909    -22.569
910    -22.767
911    -25.686
912    -20.646
913    -24.925
914    -24.925
915    -24.703
916    -24.703
917    -23.872
918    -23.872
919    -23.614
920    -10.517
921    -24.787
922    -23.824
923    -23.651
924    -22.913
925    -23.951
926    -10.96
927    -23.798
928    -23.884
929    -22.691
930    -23.94
931    -23.081
932    -23.081
933    -23.709
934    -9.912
935    -24.693
936    -24.693
937    -22.791
938    -11.926
939    -27.736
940    -27.94
941    -28.872
942    -27.429
