0    -5.029
1    -7.371
2    -7.105
3    -6.745
4    -6.963
5    4.9030004
6    -6.685
7    -6.913
8    -7.106
9    -7.031
10    -6.141
11    -6.304
12    -6.315
13    -6.369
14    -6.213
15    -6.312
16    -6.355
17    -5.775
18    -6.947
19    -6.632
20    -6.148
21    -5.805
22    -5.856
23    -5.776
24    -6.535
25    -6.321
26    -6.435
27    -6.756
28    -6.508
29    -7.147
30    -6.962
31    -6.455
32    -6.7679996
33    -0.674
34    -0.557
35    -5.981
36    -5.907
37    -5.7679996
38    -5.7
39    -5.2469997
40    -5.516
41    -6.555
42    -6.755
43    -6.406
44    -7.031
45    -7.145
46    -7.109
47    -6.358
48    -7.038
49    -6.976
50    -5.177
51    -5.984
52    -5.734
53    -5.607
54    -4.508
55    -8.474
56    -7.932
57    -8.451
58    -8.371
59    -8.379
60    -7.399
61    -8.416
62    -13.536
63    -12.367
64    -23.13
65    -21.397
66    -19.612
67    -18.588
68    -19.916
69    -19.696
70    -19.397
71    -19.619
72    -19.445
73    -19.642
74    -21.328
75    -22.592
76    -25.128
77    -25.734
78    -32.195
79    -31.938
80    -31.126999
81    -30.95
82    -30.193
83    -31.152
84    -30.985
85    -31.253
86    -29.276
87    -31.358
88    -32.031
89    -30.994
90    -31.241
91    -31.96
92    -31.18
93    -31.237
94    -31.026
95    -30.959
96    -24.31
97    -24.374
98    -18.031
99    -16.924
100    -13.827
101    -13.909
102    -14.167
103    -15.1
104    -17.925
105    -18.87
106    -17.943
107    -19.074
108    -18.794
109    -18.205
110    -18.216
111    -17.885
112    -19.042
113    -16.877
114    -17.18
115    -18.241
116    -18.025
117    -17.809
118    -16.862
119    -19.382
120    -17.803
121    -18.167
122    -20.347
123    -11.458
124    -11.79
125    -12.291
126    -12.216
127    -12.262
128    -12.2039995
129    -12.037
130    -12.371
131    -15.877
132    -15.564
133    -15.671
134    -12.344
135    -12.085
136    -11.923
137    -12.164
138    -12.189
139    -12.125
140    -12.105
141    -13.745
142    -13.519
143    -13.71
144    -13.916
145    -13.507999
146    -13.752
147    -13.761
148    -13.527
149    -13.8619995
150    -13.693
151    -13.506
152    -13.739
153    -13.554
154    -18.032999
155    -17.832
156    -19.82
157    -18.568
158    -18.852
159    -13.787
160    -13.804
161    -13.648
162    -19.52
163    -18.541
164    -18.627
165    -18.918
166    -18.733
167    -18.767
168    -18.74
169    -17.663
170    -18.964
171    -18.579
172    -18.885
173    -18.696
174    -18.535
175    -17.179
176    -18.575
177    -18.387
178    -18.901
179    -17.601
180    -18.225
181    -18.727
182    -18.275
183    -17.911
184    -18.733
185    -18.473999
186    -18.648
187    -18.494
188    -18.482
189    -16.63
190    -5.392
191    -18.616
192    -17.563
193    -18.695
194    -17.854
195    -18.701
196    -18.657
197    -18.735
198    -19.788
199    -18.803
200    -18.758
201    -18.694
202    -10.673
203    -10.894
204    -18.463
205    -18.891
206    -18.886
207    -19.597
208    -18.879
209    -18.94
210    -18.591
211    -18.516
212    -18.664
213    -18.704
214    -18.46
215    -18.626
216    -18.494999
217    -18.944
218    -18.907
219    -18.876
220    -19.911
221    -18.609
222    -18.539
223    -18.656
224    -18.841
225    -19.062
226    -18.918
227    -18.628
228    -18.857
229    -19.05
230    -18.739
231    -18.969
232    -12.018
233    -11.717
234    -11.528
235    -10.308
236    -11.657
237    -11.642
238    -11.8619995
239    -18.475
240    -18.945
241    -18.824
242    -18.612999
243    -18.888
244    -18.744
245    -18.623
246    -18.977
247    -18.742
248    -19.035
249    -19.908
250    -19.913
251    -19.539
252    -18.477
253    -18.296
254    -17.512
255    -18.793
256    -9.035
257    -23.55
258    -23.44
259    -23.669
260    -18.822
261    -19.715
262    -17.589
263    -18.543
264    -18.484
265    -18.298
266    -18.899
267    -18.6
268    -19.5
269    -19.355
270    -18.493
271    -18.635
272    -19.532999
273    -19.446
274    -18.86
275    -19.646
276    -18.966
277    -20.477
278    -20.989
279    -21.611
280    -20.475
281    -6.397
282    -7.029
283    -20.467
284    -20.535
285    -20.373
286    -20.556
287    -20.887
288    -20.805
289    -20.516
290    -19.895
291    -23.571
292    -6.213
293    -8.236
294    -25.808
295    -23.665
296    -20.927
297    -20.629
298    -20.716
299    -20.515
300    -20.451
301    -20.43
302    -19.848999
303    -20.404
304    -19.478
305    -20.644
306    -32.728
307    -32.107
308    -31.102
309    -32.505
310    -31.243
311    -32.23
312    -33.103
313    -33.047
314    -31.736
315    -31.383999
316    -32.233
317    -30.980999
318    -32.001
319    -31.896
320    -7.413
321    -32.146
322    -32.192
323    -7.009
324    -7.4589996
325    -32.023
326    -33.045
327    -7.003
328    -32.227
329    -32.65
330    -7.279
331    -6.862
332    -32.077
333    -31.947
334    -32.344
335    -12.719
336    -32.539
337    -12.892
338    -32.25
339    -32.189
340    -33.578
341    -33.023
342    -12.492
343    -12.552
344    -32.065998
345    -32.293
346    -7.818
347    -5.983
348    -32.086
349    -31.695
350    -32.099
351    -35.921
352    -36.499
353    -31.935
354    -35.43
355    -31.123
356    -32.427
357    -26.478
358    -32.753
359    -32.238
360    -27.316
361    -27.265
362    -32.296
363    -33.728
364    -27.391
365    -27.126999
366    -32.467
367    -31.966
368    -9.698999
369    -32.391
370    -32.038
371    -32.309
372    -32.283
373    -31.914
374    -33.281
375    -33.596
376    -32.364
377    -33.325
378    -32.25
379    -32.229
380    -31.256
381    -32.625
382    -32.497
383    -32.609
384    -31.706
385    -32.599
386    -32.378
387    -31.958
388    -32.467
389    -32.407
390    -31.885
391    -31.819
392    -32.457
393    -32.28
394    -32.293
395    -13.19
396    -32.321
397    -14.382999
398    -31.182
399    -32.301
400    -32.32
401    -32.537
402    -32.252
403    -32.097
404    -32.299
405    -32.063
406    -32.62
407    -12.609
408    -11.929
409    -32.411
410    -32.318
411    -32.353
412    -32.216
413    -32.382
414    -13.477
415    -11.922
416    -32.836998
417    -31.594
418    -32.47
419    -31.682
420    -2.881
421    -32.352
422    -3.2659998
423    -32.447998
424    -32.254
425    -32.117
426    -13.445
427    -12.798
428    -32.631
429    -32.697
430    -33.197998
431    -32.442
432    -32.442
433    -32.256
434    -33.697
435    -32.357
436    -31.199
437    -32.4
438    -31.480999
439    -3.475
440    -13.6779995
441    -13.45
442    -1.7449999
443    -21.213
444    -32.067
445    -32.296
446    -33.275
447    -13.427
448    -32.515
449    -20.27
450    -31.139
451    -32.096
452    -32.486
453    -31.607
454    -32.428
455    -32.427
456    -32.345
457    -32.132
458    -21.642
459    -32.498
460    -31.532999
461    -32.593
462    -32.292
463    -31.895
464    -32.457
465    -32.492
466    -22.048
467    -32.236
468    -32.065998
469    -32.254
470    -32.697
471    -32.491
472    -33.598
473    -32.306
474    -32.321
475    -31.753
476    -32.37
477    -32.161
478    -33.085
479    -33.088
480    -32.334
481    -32.318
482    -32.294
483    -32.396
484    -6.6949997
485    -32.56
486    -32.132
487    -31.235
488    -32.144
489    -32.083
490    -32.518
491    -31.308
492    -30.97
493    -32.507
494    -32.725
495    -7.5889997
496    -32.897
497    -32.324
498    -32.33
499    -32.362
500    -31.631
501    -32.164
502    -31.554
503    -24.778
504    -31.677
505    -33.592
506    -32.091
507    -32.46
508    -32.421
509    -32.419
510    -24.438
511    -23.679
512    -31.457
513    -32.54
514    -31.326
515    -30.942
516    -31.17
517    -32.546
518    -32.209
519    -32.085
520    -33.33
521    -32.651
522    -32.398
523    -32.726
524    -32.955
525    -32.339
526    -32.518
527    -32.471
528    -32.392
529    -31.473999
530    -32.172
531    -32.086
532    -32.51
533    -32.264
534    -32.248
535    -32.42
536    -32.566
537    -32.618
538    -32.158
539    -32.697
540    -31.823
541    -32.362
542    -32.188
543    -32.622
544    -32.192
545    -13.222
546    -13.745
547    -13.688
548    -12.35
549    -13.235
550    -12.582
551    -14.304
552    -14.101
553    -11.322
554    -28.354
555    -28.336
556    -32.565
557    -32.831
558    -32.7
559    -32.551
560    -33.518
561    -31.957
562    -32.325
563    -32.627
564    -32.878
565    -24.252
566    -24.412
567    -32.378
568    -31.402
569    -33.41
570    -32.846
571    -32.691
572    -32.853
573    -32.52
574    -32.631
575    -32.207
576    -32.315998
577    -32.557
578    -32.819
579    -32.255
580    -32.86
581    -33.818
582    -32.885
583    -32.605
584    -31.69
585    -32.095
586    -31.511
587    -32.399
588    -32.224
589    -32.871
590    -9.815
591    -24.131
592    -32.244
593    -32.195
594    -31.098999
595    -32.622
596    -32.884
597    -33.756
598    -32.312
599    -32.815
600    -32.141
601    -31.837
602    -32.293
603    -32.271
604    -20.685
605    -20.884
606    -32.328
607    -32.392
608    -32.455
609    -32.864
610    -20.713
611    -32.825
612    -32.219
613    -32.167
614    -33.386
615    -33.836
616    -32.19
617    -33.314
618    -32.108
619    -32.446
620    -31.934
621    -32.085
622    -32.637
623    -15.4279995
624    -35.937
625    -32.827
626    -34.355
627    -34.75
628    -16.11
629    -34.145
630    -33.743
631    -37.563
632    -36.898
633    -33.703
634    -34.023
635    -37.373
636    -37.406
637    -33.923
638    -33.029
639    -36.963
640    -36.417
641    -33.499
642    -34.02
643    -36.756
644    -37.483
645    -33.032
646    -34.718
647    -36.322
648    -37.117
649    -37.063
650    -37.056
651    -33.903
652    -33.841
653    -33.829
654    -32.688
655    -33.29
656    -33.493
657    -32.955
658    -33.842
659    -33.614
660    -32.836
661    -32.835
662    -33.288
663    -33.819
664    -33.271
665    -33.143
666    -33.38
667    -32.661
668    -33.27
669    -34.163
670    -33.152
671    -34.842
672    -33.78
673    -33.24
674    -32.691
675    -32.652
676    -33.018
677    -32.835
678    -33.624
679    -33.6
680    -33.809
681    -32.855
682    -33.858
683    -33.648
684    -33.279
685    -33.609
686    -32.875
687    -33.707
688    -33.822
689    -33.341
690    -33.096
691    -33.856
692    -33.639
693    -33.836
694    -32.844
695    -33.211
696    -32.332
697    -33.498
698    -32.155
699    -33.124
700    -33.234
701    -33.555
702    -33.16
703    -33.835
704    -32.671
705    -32.491
706    -33.412
707    -32.225
708    -34.367
709    -32.427
710    -33.35
711    -33.489
712    -33.332
713    -33.56
714    -32.381
715    -33.279
716    -33.392
717    -32.836
718    -33.835
719    -33.312
720    -33.179
721    -33.835
722    -33.041
723    -33.329
724    -33.423
725    -33.852
726    -33.32
727    -33.352
728    -33.845
729    -34.309
730    -33.352
731    -33.079
732    -33.492
733    -33.714
734    -33.83
735    -32.859
736    -32.394
737    -33.288
738    -33.522
739    -33.457
740    -33.71
741    -32.094
742    -32.624
743    -34.312
744    -32.665
745    -31.612999
746    -33.275
747    -32.429
748    -33.247
749    -32.473
750    -33.824
751    -32.822
752    -33.02
753    -33.174
754    -33.199
755    -33.406
756    -33.305
757    -33.261
758    -32.369
759    -32.529
760    -33.079
761    -33.969
762    -31.748
763    -33.517
764    -32.949
765    -33.487
766    -33.457
767    -32.701
768    -33.733
769    -20.42
770    -33.098
771    -34.424
772    -33.3
773    -33.581
774    -21.629
775    -33.334
776    -33.232
777    -21.597
778    -21.543
779    -33.6
780    -33.921
781    -33.067
782    -34.438
783    -33.688
784    -41.3
785    -43.905
786    -45.253
787    -43.932
788    -43.272
789    -44.309
790    -45.597
791    -45.461998
792    -45.190998
793    -43.4
794    -42.008
795    -45.204
796    -44.056
797    -44.662
798    -44.997
799    -44.739
800    -43.864
801    -42.655
802    -44.256
803    -44.241
804    -45.59
805    -44.389
806    -44.071
807    -43.898
808    -44.591
809    -45.324
810    -44.473
811    -44.093
812    -44.971
813    -44.022
814    -43.149
815    -44.383
816    -44.241
817    -45.411
818    -44.939
819    -44.927
820    -44.706
821    -45.557
822    -43.628
823    -43.067
824    -44.526
825    -46.222
826    -44.277
827    -45.026
828    -43.273
829    -44.353
830    -37.457
831    -34.584
832    -33.383
833    -46.353
834    -43.494
835    -33.38
836    -33.346
837    -44.067
838    -44.271
839    -34.093
840    -33.268
841    -45.18
842    -44.263
843    -44.644
844    -33.62
845    -33.409
846    -45.35
847    -46.264
848    -38.258
849    -21.135
850    -36.791
851    -43.025
852    -45.388
853    -20.353
854    -118.867
855    -37.233
856    -22.085
857    -44.973
858    -45.281
859    -21.742
860    -118.615
861    -19.095
862    -44.408
863    -45.516
864    -37.803
865    -20.684
866    -37.143
867    -37.447998
868    -37.411
869    -21.341
870    -45.98
871    -44.235
872    -37.225
873    -19.74
874    -37.068
875    -33.336
876    -45.108
877    -32.903
878    -45.192
879    -45.163
880    -43.835
881    -45.1
882    -44.945
883    -33.263
884    -34.336
885    -44.455
886    -43.168
887    -44.262
888    -43.738
889    -44.64
890    -35.642
891    -33.282
892    -44.232
893    -43.984
894    -45.411
895    -33.097
896    -44.39
897    -33.595
898    -44.599
899    -43.404
900    -44.187
901    -34.502
902    -33.359
903    -44.318
904    -43.142
905    -43.975
906    -44.517
907    -33.411
908    -34.374
909    -44.126
910    -44.53
911    -42.05
912    -44.862
913    -45.589
914    -33.591
915    -45.262
916    -45.308
917    -33.088
918    -44.348
919    -47.301
920    -33.49
921    -45.447998
922    -33.445
923    -45.115
924    -33.85
925    -33.135
926    -45.606
927    -44.232
928    -46.403
929    -33.192
930    -32.185
931    -45.132
932    -45.512
933    -43.709
934    -45.179
935    -33.161
936    -45.479
937    -33.419
938    -44.072998
939    -43.938
940    -43.509
941    -44.253
942    -33.717
943    -45.374
944    -44.277
945    -33.528
946    -44.065998
947    -43.282
948    -45.206
949    -44.365
950    -44.506
951    -32.79
952    -33.238
953    -43.319
954    -45.367
955    -46.615
956    -33.324
957    -35.804
958    -44.517
959    -45.287
960    -45.324
961    -43.147
962    -45.223
963    -43.621
964    -46.566
965    -33.455
966    -33.242
967    -44.535
968    -36.223
969    -45.875
970    -37.344
971    -44.505
972    -44.159
973    -43.763
974    -44.384
975    -14.083
976    -44.905
977    -37.204
978    -45.18
979    -44.339
980    -44.061
981    -44.556
982    -37.526
983    -38.352
984    -46.38
985    -44.502
986    -43.805
987    -37.41
988    -37.297
989    -44.513
990    -43.949
991    -44.146
992    -42.788
993    -44.074
994    -37.257
995    -44.645
996    -36.674
997    -45.471
998    -44.953
999    -43.298
1000    -17.117
1001    -42.675
1002    -14.999
1003    -44.223
1004    -43.799
1005    -45.101
1006    -16.073
1007    -43.076
1008    -36.934
1009    -44.49
1010    -44.061
1011    -43.953
1012    -45.676
1013    -33.383
1014    -45.375
1015    -33.326
1016    -45.282
1017    -44.393
1018    -43.4
1019    -33.403
1020    -33.376
1021    -45.322998
1022    -45.171
1023    -43.968
1024    -45.137
1025    -43.926
1026    -35.66
1027    -33.263
1028    -45.283
1029    -43.311
1030    -44.225
1031    -45.244
1032    -44.326
1033    -33.655
1034    -33.023
1035    -43.619
1036    -44.381
1037    -43.739
1038    -44.494
1039    -34.423
1040    -33.232
1041    -44.213
1042    -44.135
1043    -44.506
1044    -33.181
1045    -34.125
1046    -45.231
1047    -43.044
1048    -44.265
1049    -44.588
1050    -33.598
1051    -34.718
1052    -44.614
1053    -44.166
1054    -33.482
1055    -33.068
1056    -43.128
1057    -44.061
1058    -44.649
1059    -44.333
1060    -44.638
1061    -34.354
1062    -45.27
1063    -33.472
1064    -43.202
1065    -44.463
1066    -44.398
1067    -44.118
1068    -44.622
1069    -32.777
1070    -43.515
1071    -33.265
1072    -43.053
1073    -33.342
1074    -33.096
1075    -44.394
1076    -43.195
1077    -44.025
1078    -44.404
1079    -43.195
1080    -44.13
1081    -33.555
1082    -33.342
1083    -44.604
1084    -44.399
1085    -44.17
1086    -43.504
1087    -45.21
1088    -45.682
1089    -33.183
1090    -33.467
1091    -45.424
1092    -44.211998
1093    -32.298
1094    -44.079
1095    -33.658
1096    -43.344
1097    -43.562
1098    -44.351
1099    -43.643
1100    -44.287
1101    -33.145
1102    -33.458
1103    -43.282
1104    -44.24
1105    -43.91
1106    -43.778
1107    -44.765
1108    -33.559
1109    -33.437
1110    -44.48
1111    -44.197
1112    -43.098
1113    -45.313
1114    -45.234
1115    -33.267
1116    -32.975
1117    -44.001
1118    -44.194
1119    -43.109
1120    -34.28
1121    -32.551
1122    -43.058
1123    -43.188
1124    -43.942
1125    -44.178
1126    -42.925
1127    -43.498
1128    -33.305
1129    -33.664
1130    -43.861
1131    -42.949
1132    -43.986
1133    -33.365
1134    -44.265
1135    -44.504
1136    -33.485
1137    -44.133
1138    -43.926
1139    -45.357
1140    -32.068
1141    -44.072998
1142    -33.267
1143    -44.251
1144    -43.66
1145    -44.15
1146    -44.439
1147    -34.48
1148    -44.252
1149    -33.041
1150    -45.31
1151    -43.197998
1152    -33.301
1153    -44.408
1154    -43.351
1155    -43.987
1156    -33.291
1157    -43.192
1158    -44.352
1159    -45.272
1160    -33.302
1161    -44.05
1162    -33.585
1163    -42.433
1164    -44.395
1165    -44.257
1166    -43.118
1167    -33.396
1168    -33.555
1169    -44.422
1170    -44.105
1171    -44.067
1172    -44.396
1173    -44.229
1174    -34.345
1175    -34.549
1176    -44.033
1177    -42.967
1178    -44.244
1179    -45.196
1180    -33.178
1181    -32.927
1182    -43.222
1183    -44.193
1184    -44.076
1185    -44.122
1186    -43.251
1187    -47.331
1188    -42.647
1189    -42.246
1190    -49.307
1191    -50.056
1192    -48.711998
1193    -46.785
1194    -43.302
1195    -41.285
1196    -49.084
1197    -49.385
1198    -41.031
1199    -48.305
1200    -46.133
1201    -51.254
1202    -47.206
1203    -53.382
1204    -48.252
1205    -52.163
1206    -49.136
1207    -29.192
1208    -53.06
1209    -53.029
1210    -47.082
1211    -26.668
1212    -49.945
1213    -57.928
1214    -52.027
1215    -18.016
1216    -52.805
1217    -58.137
1218    -57.674
1219    -16.873
1220    -52.508
1221    -41.314
1222    -55.8
1223    -51.711998
1224    -51.393
1225    -28.154
1226    -41.869
1227    -42.003
1228    -26.969
1229    -54.046
1230    -54.059
1231    -29.88
1232    -41.19
1233    -35.518
1234    -29.07
1235    -28.212
1236    -42.449
1237    -42.028
1238    -54.083
1239    -52.86
1240    -42.051
1241    -40.501
1242    -53.131
1243    -52.483
1244    -46.877
1245    -49.02
1246    -55.457
1247    -45.208
1248    -49.179
1249    -52.96
1250    -54.403
1251    -53.295
1252    -54.116
1253    -53.045
1254    -54.742
1255    -48.295
1256    -48.961998
1257    -48.506
1258    -51.753
1259    -48.546
1260    -53.244
1261    -52.286
1262    -54.302
1263    -54.106
1264    -52.117
1265    -47.305
1266    -47.346
1267    -55.194
1268    -50.143
1269    -55.306
1270    -48.017
1271    -48.382
1272    -51.751
1273    -52.299
1274    -53.352
1275    -52.911
1276    -54.128
1277    -55.361
1278    -46.954
1279    -49.422
1280    -48.055
1281    -51.412
1282    -51.461
1283    -51.203
1284    -45.389
1285    -53.311
1286    -48.357
1287    -53.235
1288    -52.473
1289    -52.206
1290    -53.968
1291    -47.192
1292    -52.193
1293    -51.868
1294    -53.864
1295    -52.979
1296    -54.391
1297    -48.065998
1298    -54.255
1299    -52.137
1300    -47.912
1301    -47.603
1302    -53.432
1303    -44.268
1304    -46.539
1305    -53.817
1306    -51.094
1307    -51.048
1308    -54.009
1309    -47.624
1310    -46.547
1311    -53.276
1312    -53.298
1313    -51.184
1314    -52.939
1315    -46.959
1316    -46.176
1317    -50.188
1318    -51.872
1319    -47.207
1320    -48.478
1321    -52.033
1322    -56.248
1323    -47.224
1324    -54.304
1325    -53.241
1326    -53.438
1327    -54.069
1328    -54.438
1329    -53.955
1330    -54.346
1331    -53.327
1332    -54.402
1333    -54.176
1334    -55.299
1335    -56.216
1336    -54.195
1337    -53.356
1338    -55.434
1339    -55.002
1340    -54.308
1341    -53.186
1342    -53.973
1343    -54.038
1344    -54.822998
1345    -54.321
1346    -55.524
1347    -53.789
1348    -53.957
1349    -55.76
1350    -54.43
1351    -55.183
1352    -51.057
1353    -50.989
1354    -54.327
1355    -53.916
1356    -53.374
1357    -53.252
1358    -52.027
1359    -52.849
1360    -54.907
1361    -55.184
1362    -53.278
1363    -54.459
1364    -54.204
1365    -54.252
1366    -54.168
1367    -55.277
1368    -54.155
1369    -53.243
1370    -55.074
1371    -55.018
1372    -55.142
1373    -53.555
1374    -53.737
1375    -55.318
1376    -53.047
1377    -52.166
1378    -53.347
1379    -54.891
1380    -56.109
1381    -55.294
1382    -54.862
1383    -55.185
1384    -55.321
1385    -54.17
1386    -54.222
1387    -55.325
1388    -56.877
1389    -53.998
1390    -37.383
1391    -56.062
1392    -53.778
1393    -51.136
1394    -38.384
1395    -55.122
1396    -54.969
1397    -37.33
1398    -55.275
1399    -54.204
1400    -54.128
1401    -53.04
1402    -55.077
1403    -55.94
1404    -53.987
1405    -54.089
1406    -53.125
1407    -36.989
1408    -54.436
1409    -54.401
1410    -54.061
1411    -55.33
1412    -52.969
1413    -57.334
1414    -51.344
1415    -54.043
1416    -52.973
1417    -54.937
1418    -53.864
1419    -52.332
1420    -54.922
1421    -53.783
1422    -51.981
1423    -51.933
1424    -53.467
1425    26.303001
1426    -54.129
1427    -53.942
1428    -53.204
1429    -53.939
1430    -52.055
1431    -55.307
1432    -50.05
1433    -49.464
1434    -49.295
1435    -49.244
1436    -50.292
1437    -50.024
1438    -48.061
1439    -48.178
1440    -49.23
1441    -48.924
1442    -48.088
1443    -48.689
1444    -49.086
1445    -48.09
1446    -48.187
1447    -47.747
1448    -50.032
1449    27.887001
1450    -48.183
1451    -49.208
1452    -49.398
1453    -51.107
1454    -50.589
1455    -50.247
1456    -49.131
1457    -53.389
1458    -51.167
1459    -47.961998
1460    -40.079
1461    -47.79
1462    -48.936
1463    -39.084
1464    -47.342
1465    -48.299
1466    -47.322
1467    -49.441
1468    -49.55
1469    -40.39
1470    -48.166
1471    -49.249
1472    -39.374
1473    -49.796
1474    -48.277
1475    -47.19
1476    -49.508
1477    -48.09
1478    -49.376
1479    -49.065
1480    -49.181
1481    -48.891
1482    -48.511
1483    -49.268
1484    -50.209
1485    -49.395
1486    -50.5
1487    -50.208
1488    -50.257
1489    -48.223
1490    -49.155
1491    -48.195
1492    -39.182
1493    -40.24
1494    -47.982
1495    -50.113
1496    -50.478
1497    -48.368
1498    -38.993
1499    -39.278
1500    -49.168
1501    -51.221
1502    -49.281
1503    -50.195
1504    -43.425
1505    -44.33
1506    -44.019
1507    -80.984
1508    -80.939
1509    -81.922
1510    -81.855
1511    -79.268
1512    -74.297
1513    -84.009
1514    -79.987
1515    -81.724
1516    -82.008
1517    -83.958
1518    -78.113
1519    -81.001
1520    -78.808
1521    -80.02
1522    -81.798
1523    -82.888
1524    -79.87
1525    -81.087
1526    -79.227
1527    -79.11
1528    -81.022
1529    -81.985
1530    -80.105
1531    -78.185
1532    -76.562
1533    -79.997
1534    -79.756
1535    -79.287
1536    -79.981
1537    -78.768
1538    -81.164
1539    -79.923996
1540    -78.85
1541    -79.069
1542    -81.726
1543    -82.855
1544    -79.87
1545    -81.012
1546    -84.016
1547    -82.922
1548    -82.782
1549    -78.908
1550    -81.066
1551    -77.825
1552    -75.902
1553    -80.729
1554    -81.645
1555    -75.315
1556    -80.872
1557    -77.961
1558    -80.7
1559    -76.567
1560    -76.093
1561    -79.692
1562    -78.002
1563    -82.944
1564    -80.619
1565    -78.020996
1566    -81.773
1567    -78.123
1568    -80.009
1569    -78.96
1570    -78.802
1571    -79.934
1572    -78.917
1573    -81.866
1574    -79.752
1575    -77.239
1576    -80.171
1577    -79.673996
1578    -78.954
1579    -81.819
1580    -76.875
1581    -80.044
1582    -77.183
1583    -77.969
1584    -79.77
1585    -77.12
1586    -80.598
1587    -77.182
1588    -82.858
1589    -76.273
1590    -79.687
1591    -44.393
1592    -44.228
1593    -44.025
1594    -44.37
1595    -44.231
1596    -44.477
1597    -44.372
1598    -44.221
1599    -43.979
1600    -43.288
1601    -44.173
1602    -44.266
1603    -42.891
1604    -44.297
1605    -43.906
1606    -44.268
1607    -44.064
1608    -44.076
1609    -44.203
1610    -43.024
1611    -44.268
1612    -54.078
1613    -53.352
1614    -54.346
1615    -54.196
1616    -54.297
1617    -53.387
1618    -53.348
1619    -53.062
1620    -53.803
1621    -53.421
1622    -52.253
1623    -52.942
1624    -50.071
1625    -54.29
1626    -53.949
1627    -52.051
1628    -52.207
1629    -53.495
1630    -44.471
1631    -44.377
1632    -44.465
1633    -44.074
1634    -44.405
1635    -44.188
1636    -74.347
1637    -44.372
1638    -74.313
1639    -74.004
1640    -74.086
1641    -74.197
1642    -74.243
1643    -74.454
1644    -73.15
1645    -73.866
1646    -73.299
1647    -75.272
1648    -74.39
1649    -74.186
1650    -73.294
1651    -74.5
1652    -73.483
1653    -73.239
1654    -72.164
1655    -72.12
1656    -74.143
1657    -74.3
1658    -74.636
1659    -76.164
1660    -73.894
1661    -74.323
1662    -80.123
1663    -80.437
1664    -77.024
1665    -81.221
1666    -78.299
1667    -79.196
1668    -76.372
1669    -77.877
1670    -78.986
1671    -79.256
1672    -45.822
1673    -48.088
1674    -48.395
1675    -45.999
1676    -48.324
1677    -47.946
1678    -47.241
1679    -48.065
1680    -48.083
1681    -48.357
1682    -46.818
1683    -48.094
1684    -48.089
1685    -47.269
1686    -48.111
1687    -48.42
1688    -48.243
1689    -46.348
1690    -48.29
1691    -47.035
1692    -47.039
1693    -48.255
1694    -47.413
1695    -48.248
1696    -46.985
1697    -48.187
1698    -46.287
1699    -48.283
1700    -47.918
1701    -48.084
1702    -48.24
1703    -47.224
1704    -47.157
1705    -48.345
1706    -45.924
1707    -47.925
1708    -48.158
1709    -47.026
1710    -46.965
1711    -48.18
1712    -48.207
1713    -47.375
1714    -47.818
1715    -45.905
1716    -48.366
1717    -47.987
1718    -47.835
1719    -48.508
1720    -48.295
1721    -47.955
1722    -48.562
1723    -46.975998
1724    -48.159
1725    -46.453
1726    -46.668
1727    -48.506
1728    -48.312
1729    -48.13
1730    -48.078
1731    -48.26
1732    -46.25
1733    -47.776
1734    -47.041
1735    -48.16
1736    -48.261
1737    -48.105
1738    -48.229
1739    -48.08
1740    -46.068
1741    -48.334
1742    -45.78
1743    -48.186
1744    -48.193
1745    -48.363
1746    -47.25
1747    -48.223
1748    -48.4
1749    -48.2
1750    -48.103
1751    -48.189
1752    -47.29
1753    -48.366
1754    -48.225
1755    -48.091
1756    -47.42
1757    -47.146
1758    -47.328
1759    -48.335
1760    -45.187
1761    -47.555
1762    -48.294
1763    -47.222
1764    -47.241
1765    -47.322998
1766    -48.289
1767    -48.454
1768    -48.5
1769    -50.685
1770    -47.959
1771    -47.342
1772    -46.952
1773    -48.243
1774    -50.37
1775    -46.734
1776    -51.278
1777    -50.031
1778    -48.214
1779    -48.378
1780    -45.362
1781    -47.159
1782    -48.338
1783    -48.017
1784    -48.122
1785    -46.424
1786    -47.263
1787    -46.935
1788    -48.02
1789    -48.453
1790    -48.15
1791    -47.581
1792    -47.759
1793    -48.054
1794    -47.859
1795    -48.269
1796    -46.839
1797    -48.261
1798    -48.225
1799    -48.097
1800    -47.636
1801    -47.256
1802    -48.373
1803    -48.218
1804    -47.324
1805    -48.194
1806    -48.248
1807    -47.997
1808    -47.775
1809    -47.218
1810    -47.083
1811    -47.282
1812    -47.094
1813    -48.355
1814    -48.327
1815    1.0
1816    -48.418
1817    -48.315998
1818    -48.256
1819    -45.631
1820    -46.926
1821    -47.863
1822    -47.926
1823    -48.222
1824    -46.48
1825    -47.383
1826    -48.332
1827    -47.92
1828    -46.038
1829    -48.08
1830    -48.377
1831    -48.232
1832    -47.002
1833    -48.204
1834    -48.24
1835    -48.08
1836    -48.051
1837    -48.374
1838    -46.644
1839    -47.168
1840    -48.111
1841    -48.189
1842    -46.989
1843    -45.804
1844    -47.211998
1845    -48.064
1846    -48.097
1847    -46.324
1848    -48.253
1849    -48.059
1850    -47.031
1851    -47.984
1852    -48.261
1853    -45.916
1854    -46.988
1855    -47.13
1856    -45.897
1857    -47.413
1858    -48.167
1859    -48.076
1860    -47.857
1861    -47.181
1862    -47.961
1863    -45.902
1864    -47.266
1865    -47.441
1866    -47.898
1867    -48.175
1868    -46.368
1869    -48.322998
1870    -47.604
1871    -47.815
1872    -47.322998
1873    -48.185
1874    -46.504
1875    -47.297
1876    -48.089
1877    -48.122
1878    -47.113
1879    -46.334
1880    -48.112
1881    -48.414
1882    -43.222
1883    -42.769
1884    -43.057
1885    -42.187
1886    -43.46
1887    -43.319
1888    -43.574
1889    -43.045
1890    -43.111
1891    -43.247
1892    -43.371
1893    -43.18
1894    -43.451
1895    -42.154
1896    -43.259
1897    -42.828
1898    -43.18
1899    -43.365
1900    -42.426
1901    -43.461
1902    -42.167
1903    -43.549
1904    -43.285
1905    -43.306
1906    -43.471
1907    -43.373
1908    -42.869
1909    -41.786
1910    -43.341
1911    -42.228
1912    -43.258
1913    -42.958
1914    -43.072998
1915    -43.468
1916    -34.63
1917    -34.266
1918    -34.248
1919    -34.52
1920    -34.332
1921    -33.437
1922    -33.798
1923    -34.196
1924    -34.792
1925    -34.665
1926    -34.44
1927    -34.437
1928    -34.175
1929    -34.556
1930    -34.729
1931    -33.248
1932    -34.615
1933    -34.315
1934    -34.427
1935    -34.423
1936    -34.306
1937    -34.069
1938    -33.352
1939    -34.547
1940    -38.208
1941    -38.34
1942    -32.511
1943    -34.574
1944    -34.326
1945    -34.475
1946    -34.516
1947    -33.993
1948    -39.722
1949    -34.203
1950    -34.204
1951    -39.416
1952    -34.516
1953    -34.264
1954    -34.556
1955    -32.464
1956    -39.318
1957    -34.342
1958    -34.574
1959    -34.419
1960    -34.438
1961    -39.086
1962    -34.449
1963    -34.681
1964    -33.538
1965    -34.516
1966    -39.239
1967    -34.26
1968    -34.385
1969    -32.16
1970    -34.586998
1971    -34.586998
1972    -39.131
1973    -34.246
1974    -34.634
1975    -34.409
1976    -34.293
1977    -39.146
1978    -34.276
1979    -34.308
1980    -34.086998
1981    -34.482
1982    -34.671
1983    -34.131
1984    -37.156
1985    -34.503
1986    -34.527
1987    -34.324
1988    -34.384
1989    -34.366
1990    -34.538
1991    -34.459
1992    -34.428
1993    -34.456
1994    -34.395
1995    -34.285
1996    -32.882
1997    -33.91
1998    -34.292
1999    -34.524
2000    -33.277
2001    -34.456
2002    -34.657
2003    -34.293
2004    -34.789
2005    -33.23
2006    -34.826
2007    -34.472
2008    -34.649
2009    -34.023
2010    -32.107
2011    -34.145
2012    -33.494
2013    -34.363
2014    -34.377
2015    -33.338
2016    -34.399
2017    -34.103
2018    -34.508
2019    -34.116
2020    -34.326
2021    -33.4
2022    -32.906
2023    -33.671
2024    -38.253
2025    -38.232
2026    -38.772
2027    -39.114
2028    -32.913
2029    -37.596
2030    -39.404
2031    -34.084
2032    -38.483
2033    -39.685
2034    -39.779
2035    -38.519
2036    -37.068
2037    -28.612
2038    -28.927
2039    -27.671
2040    -28.494999
2041    -28.826
2042    -28.775
2043    -27.219
2044    -28.825
2045    -28.544
2046    -28.357
2047    -28.717
2048    -28.652
2049    -28.414
2050    -28.003
2051    -27.692
2052    -28.734
2053    -27.465
2054    -28.112
2055    -27.726
2056    -28.438
2057    -28.669
2058    -28.632
2059    -28.771
2060    -26.714
2061    -28.68
2062    -28.908
2063    -28.339
2064    -28.406
2065    -28.783
2066    -27.683
2067    -28.957
2068    -28.865
2069    -28.885
2070    -28.648
2071    -27.982
2072    -28.618
2073    -28.109
2074    -28.464
2075    -28.464
2076    -28.692
2077    -28.658
2078    -26.7
2079    -28.63
2080    -27.829
2081    -28.93
2082    -29.002
2083    -28.375
2084    -28.394
2085    -28.47
2086    -27.583
2087    -27.912
2088    -28.309
2089    -27.557
2090    -28.464
2091    -28.424
2092    -28.701
2093    -28.532
2094    -27.637
2095    -28.447
2096    -28.679
2097    -28.462
2098    -28.892
2099    -27.692
2100    -28.762
2101    -28.92
2102    -28.525
2103    -28.561
2104    -29.463
2105    -29.164
2106    -28.485
2107    -28.559
2108    -28.442
2109    -28.588
2110    -28.555
2111    -27.627
2112    -28.267
2113    -28.521
2114    -28.346
2115    -27.622
2116    -27.735
2117    -28.929
2118    -28.429
2119    -27.516
2120    -27.554
2121    -27.654
2122    -28.667
2123    -27.384
2124    -28.794
2125    -27.625
2126    -27.941
2127    -27.649
2128    -28.458
2129    -28.678
2130    -28.618
2131    -28.823
2132    -28.367
2133    -28.478
2134    -28.699
2135    -28.679
2136    -28.396
2137    -27.897
2138    -28.921
2139    -28.699
2140    -28.25
2141    -28.737999
2142    -28.042
2143    -28.397
2144    -28.401
2145    -28.5
2146    -28.472
2147    -28.687
2148    -27.454
2149    -28.172
2150    -28.196
2151    -27.888
2152    -28.598
2153    -28.286
2154    -28.534
2155    -28.379
2156    -28.514
2157    -28.517
2158    -27.298
2159    -28.782
2160    -28.9
2161    -28.323
2162    -28.827
2163    -28.598999
2164    -28.71
2165    -28.48
2166    -28.357
2167    -28.143
2168    -28.381
2169    -28.526
2170    -27.652
2171    -27.56
2172    -28.677
2173    -27.843
2174    -28.46
2175    -28.655
2176    -28.979
2177    -28.985
2178    -28.905
2179    -27.686
2180    -28.153
2181    -28.693
2182    -28.509
2183    -28.592
2184    -28.609
2185    -28.648
2186    -28.832
2187    -27.538
2188    -28.784
2189    -28.069
2190    -28.512
2191    -58.821
2192    -27.584
2193    -28.296
2194    -28.947
2195    -28.462
2196    -28.267
2197    -28.313
2198    -58.359
2199    -28.695
2200    -28.502
2201    -28.572
2202    -28.654
2203    -58.719
2204    -27.589
2205    -27.589
2206    -28.649
2207    -28.701
2208    -28.265
2209    -58.497
2210    -58.497
2211    -28.752
2212    -28.523
2213    -28.638
2214    -28.541
2215    -58.659
2216    -28.629
2217    -28.607
2218    -28.703
2219    -28.647
2220    -58.772
2221    -28.56
2222    -28.656
2223    -27.292
2224    -28.516
2225    -58.59
2226    -28.649
2227    -27.717
2228    -28.571
2229    -28.71
2230    -28.319
2231    -28.618
2232    -28.795
2233    -28.711
2234    -28.295
2235    -27.572
2236    -27.586
2237    -28.817
2238    -28.697
2239    -28.532999
2240    -27.546
2241    -28.868
2242    -26.585
2243    -28.603
2244    -27.326
2245    -27.671
2246    -28.761
2247    -27.983
2248    -26.948
2249    -28.339
2250    -28.472
2251    -28.559
2252    -28.47
2253    -28.451
2254    -28.419
2255    -28.131
2256    -27.426
2257    -28.512
2258    -28.445
2259    -28.322
2260    -27.407
2261    -28.058
2262    -28.587
2263    -28.209
2264    -28.751
2265    -28.382
2266    -28.548
2267    -26.989
2268    -26.823
2269    -28.582
2270    -27.806
2271    -28.782
2272    -28.464
2273    -28.354
2274    -28.627
2275    -28.952
2276    -28.822
2277    -28.802
2278    -27.585
2279    -28.61
2280    -27.056
2281    -8.1
2282    -27.789
2283    -6.744
2284    -28.398
2285    -8.241
2286    -9.095
2287    -26.819
2288    -27.5
2289    -7.174
2290    -28.87
2291    -8.64
2292    -28.821
2293    -3.827
2294    -28.785
2295    -4.034
2296    -5.753
2297    -28.253
2298    -28.587
2299    -7.8529997
2300    -28.177
2301    -5.748
2302    -28.457
2303    -6.5109997
2304    -27.961
2305    -8.814
2306    -28.246
2307    -6.659
2308    -28.75
2309    -9.837
2310    -28.72
2311    -7.808
2312    -28.893
2313    -5.81
2314    -28.753
2315    -8.464
2316    -27.588
2317    -7.058
2318    -28.858
2319    -5.588
2320    -27.616
2321    -7.851
2322    -28.56
2323    -7.723
2324    -27.467
2325    -6.923
2326    -28.515
2327    -6.811
2328    -6.811
2329    -28.355
2330    -8.949
2331    -28.483
2332    -10.156
2333    -7.873
2334    -28.383
2335    -28.746
2336    -7.9849997
2337    -28.764
2338    -5.782
2339    -28.506
2340    -8.887
2341    -9.072
2342    -28.723
2343    -33.241
2344    -9.118
2345    -33.771
2346    -5.658
2347    -34.694
2348    -34.721
2349    -33.583
2350    -34.851
2351    -33.449
2352    -33.624
2353    -34.498
2354    -33.417
2355    -34.517
2356    -33.384
2357    -34.653
2358    -33.539
2359    -34.473
2360    -34.425
2361    -33.356
2362    -33.291
2363    -34.42
2364    -34.175
2365    -34.578
2366    -34.274
2367    -32.793
2368    -34.431
2369    -34.302
2370    -34.477
2371    -34.001
2372    -34.557
2373    -33.618
2374    -33.618
2375    -34.219
2376    -33.52
2377    -34.321
2378    -34.232
2379    -33.622
2380    -33.59
2381    -33.475998
2382    -34.415
2383    -34.674
2384    -34.43
2385    -34.728
2386    -33.346
2387    -34.507
2388    -33.599
2389    -34.624
2390    -34.489
2391    -34.254
2392    -34.368
2393    -34.241
2394    -34.282
2395    -33.457
2396    -34.224
2397    -33.991
2398    -34.256
2399    -34.069
2400    -34.467
2401    -34.442
2402    -34.406
2403    -34.067
2404    -34.575
2405    -34.434
2406    -34.05
2407    -34.109
2408    -34.694
2409    -34.547
2410    -34.427
2411    -33.827
2412    -34.278
2413    -34.475
2414    -32.996
2415    -34.324
2416    -34.725
2417    -34.511
2418    -34.722
2419    -33.485
2420    -34.235
2421    -34.217
2422    -34.311
2423    -34.454
2424    -34.422
2425    -34.294
2426    -33.342
2427    -33.579
2428    -33.266
2429    -34.474
2430    -34.815
2431    -33.864
2432    -34.255
2433    -33.808
2434    -34.446
2435    -34.444
2436    -34.076
2437    -33.681
2438    -33.12
2439    -33.639
2440    -34.655
2441    -34.63
2442    -34.817
2443    -33.366
2444    -34.256
2445    -34.021
2446    -34.483
2447    -34.221
2448    -34.612
2449    -34.796
2450    -33.84
2451    -34.126
2452    -34.468
2453    -34.628
2454    -34.748
2455    -34.393
2456    -34.194
2457    -34.565
2458    -34.611
2459    -34.334
2460    -34.313
2461    -34.838
2462    -34.181
2463    -34.601
2464    -34.514
2465    -34.194
2466    -33.437
2467    -34.75
2468    -33.868
2469    -33.707
2470    -34.574
2471    -34.384
2472    -33.967
2473    -38.403
2474    -38.214
2475    -37.582
2476    -39.134
2477    -39.305
2478    -38.39
2479    -38.816
2480    -39.684
2481    -39.584
2482    -39.553
2483    -38.71
2484    -38.152
2485    -39.595
2486    -39.326
2487    -38.335
2488    -39.395
2489    -37.574
2490    -37.697998
2491    -39.474
2492    -39.487
2493    -39.257
2494    -38.273
2495    -38.436
2496    -39.517
2497    -38.366
2498    -39.084
2499    -39.424
2500    -38.36
2501    -38.384
2502    -39.265
2503    -39.304
2504    -39.453
2505    -39.32
2506    -39.383
2507    -39.647
2508    -38.247
2509    -38.426
2510    -38.871
2511    -39.176
2512    -39.569
2513    -39.486
2514    -37.543
2515    -39.621
2516    -39.463
2517    -38.621
2518    -38.479
2519    -39.364
2520    -39.09
2521    -39.601
2522    -34.412
2523    -34.542
2524    -34.443
2525    -34.619
2526    -34.077
2527    -33.928
2528    -34.435
2529    -34.833
2530    -34.396
2531    -34.299
2532    -34.2
2533    -34.489
2534    -33.133
2535    -34.263
2536    -33.521
2537    -34.738
2538    -34.289
2539    -28.782
2540    -28.515
2541    -28.074
2542    -33.187
2543    -31.855999
2544    -31.662
2545    -31.58
2546    -31.516
2547    -32.333
2548    -31.539
2549    -32.204
2550    -32.134
2551    -32.282
2552    -32.285
2553    -36.523
2554    -54.764
2555    -53.596
2556    -54.735
2557    -54.389
2558    -53.129
2559    -55.052
2560    -53.736
2561    -54.908
2562    -53.758
2563    -53.989
2564    -55.211998
2565    -53.156
2566    -55.148
2567    -53.789
2568    -55.351
2569    -54.609
2570    -54.91
2571    -54.229
2572    -53.558
2573    -52.995
2574    -54.135
2575    -52.645
2576    -54.53
2577    -54.925
2578    -54.418
2579    -54.691
2580    -56.006
2581    -55.825
2582    -56.415
2583    -55.396
2584    -56.031
2585    -54.457
2586    -55.753
2587    -54.243
2588    -55.926
2589    -55.277
2590    -55.974
2591    -55.833
2592    -56.151
2593    -51.267
2594    -55.704
2595    -55.864
2596    -42.152
2597    -53.219
2598    -56.089
2599    -55.492
2600    -55.369
2601    -55.604
2602    -53.847
2603    -54.673
2604    -55.014
2605    -43.603
2606    -55.748
2607    -56.429
2608    -54.925
2609    -56.48
2610    -51.213
2611    -54.732
2612    -56.077
2613    -55.515
2614    -56.267
2615    -55.542
2616    -56.321
2617    -50.933
2618    -55.734
2619    -55.162
2620    -55.481
2621    -54.881
2622    -54.621
2623    -55.92
2624    -51.17
2625    -53.969
2626    -55.059
2627    -55.668
2628    -55.94
2629    -51.151
2630    -54.604
2631    -53.934
2632    -55.522
2633    -55.304
2634    -55.617
2635    -54.865
2636    -49.994
2637    -54.901
2638    -54.328
2639    -55.747
2640    -56.137
2641    -54.665
2642    -55.263
2643    -51.36
2644    -55.387
2645    -56.178
2646    -54.584
2647    -55.908
2648    -55.35
2649    -54.941
2650    -51.246
2651    -55.608
2652    -56.112
2653    -54.536
2654    -55.059
2655    -51.092
2656    -55.439
2657    -42.416
2658    -56.134
2659    -55.628
2660    -56.047
2661    -56.141
2662    -54.928
2663    -56.031
2664    -50.536
2665    -53.822998
2666    -54.72
2667    -55.539
2668    -43.315998
2669    -56.31
2670    -54.341
2671    -56.159
2672    -54.704
2673    -43.421
2674    -51.156
2675    -56.146
2676    -55.923
2677    -55.071
2678    -54.311
2679    -55.705
2680    -43.472
2681    -50.822
2682    -54.001
