0    -7.373
1    -7.805
2    -6.686
3    -6.575
4    -7.233
5    -5.575
6    -5.749
7    -5.613
8    -6.296
9    -5.6359997
10    -5.748
11    -5.575
12    -5.716
13    -5.799
14    -4.5389996
15    -5.335
16    -5.989
17    -5.782
18    -5.1169996
19    -5.866
20    -7.303
21    -5.955
22    -4.9119997
23    -5.816
24    6.7200003
25    -3.8799999
26    -4.435
27    -5.007
28    -6.036
29    0.5560007
30    -4.6949997
31    -5.6879997
32    -5.56
33    -5.767
34    -5.803
35    -2.7759998
36    -3.71
37    -1.6309999
38    -5.257
39    -5.0889997
40    -5.546
41    -5.5179996
42    -5.179
43    -7.282
44    -5.1759996
45    -5.351
46    -4.21
47    -4.66
48    -5.7539997
49    -4.988
50    -5.605
51    -5.755
52    -5.559
53    -4.154
54    -7.9779997
55    -7.749
56    -5.246
57    -6.9919996
58    -6.795
59    -6.791
60    -7.2679996
61    -6.9849997
62    -3.2069998
63    -7.666
64    -7.124
65    -7.308
66    -8.45
67    -6.831
68    -5.713
69    -7.701
70    -7.357
71    -7.543
72    -7.502
73    -7.167
74    -6.744
75    -7.475
76    -6.862
77    -6.862
78    -7.031
79    -7.347
80    -7.299
81    -5.767
82    -7.388
83    -6.149
84    -7.548
85    -6.479
86    1.5110006
87    -4.783
88    -6.1019998
89    -5.146
90    -3.0089998
91    -7.348
92    -6.888
93    -7.1689997
94    -7.298
95    -7.054
96    -7.342
97    -5.3519998
98    -13.066999
99    -6.995
100    -6.3529997
101    -7.019
102    -7.314
103    -7.238
104    -6.835
105    -6.8529997
106    -6.314
107    -7.068
108    -9.395
109    -8.347
110    -6.446
111    -10.261
112    -8.827
113    -6.955
114    -12.774
115    -5.613
116    -5.821
117    -7.269
118    -12.778
119    -6.817
120    -6.897
121    -8.137
122    -6.717
123    -6.731
124    -4.083
125    -6.9919996
126    -42.931
127    -43.057
128    -4.3009996
129    -4.365
130    -4.375
131    -3.369
132    -4.433
133    -4.465
134    -4.285
135    -4.423
136    -4.2869997
137    -3.9599998
138    -3.783
139    -4.039
140    -4.24
141    -4.198
142    -5.481
143    -42.902
144    -4.5959997
145    -4.205
146    -8.1119995
147    -4.277
148    -4.462
149    -43.218
150    -3.9269998
151    -4.149
152    -4.27
153    -4.418
154    -4.072
155    -4.2939997
156    -4.6759996
157    -4.054
158    -4.29
159    -3.9299998
160    -3.9469998
161    -4.1809998
162    -3.0889997
163    -4.441
164    -4.2
165    -4.895
166    -47.942
167    -4.344
168    -4.6359997
169    -4.6429996
170    -3.7589998
171    -5.1949997
172    -4.4709997
173    -4.23
174    -4.197
175    -4.218
176    -5.453
177    -4.6359997
178    -4.207
179    -4.642
180    -4.409
181    -4.634
182    -4.345
183    -4.347
184    -4.5179996
185    -4.141
186    -4.387
187    -4.609
188    -5.038
189    -4.593
190    -4.345
191    -4.505
192    -5.0099998
193    -4.356
194    -4.557
195    -4.707
196    -4.468
197    -5.689
198    -3.9499998
199    -5.358
200    -11.622
201    -4.139
202    -4.107
203    -5.402
204    -3.632
205    -6.318
206    -6.069
207    -13.243
208    -4.4049997
209    -6.6949997
210    -6.939
211    -6.972
212    -6.727
213    -6.265
214    -7.671
215    -7.607
216    -7.597
217    -7.371
218    -4.302
219    -12.477
220    -6.758
221    -7.719
222    -14.65
223    -8.728
224    -6.588
225    -7.847
226    -6.178
227    -5.167
228    -7.599
229    -6.6289997
230    -6.71
231    -6.319
232    -6.8149996
233    -6.887
234    -6.751
235    -6.3929996
236    -6.771
237    -5.901
238    -6.625
239    -6.582
240    -7.042
241    -7.081
242    -6.845
243    -6.8059998
244    -6.76
245    -6.825
246    -11.712
247    -7.0439997
248    -5.7559996
249    -11.467
250    -5.7019997
251    -6.167
252    -12.063
253    -6.6289997
254    -6.7889996
255    -6.4309998
256    -7.118
257    -9.322
258    -5.404
259    -6.736
260    -6.258
261    -6.132
262    -6.219
263    -6.4139996
264    -6.568
265    -9.962999
266    -6.114
267    -6.876
268    -6.7860003
269    -10.084
270    -11.969
271    -6.363
272    -6.8549995
273    -6.993
274    -9.101
275    -6.904
276    -6.968
277    -6.495
278    -6.279
279    -7.042
280    -6.5909996
281    -6.555
282    -7.0439997
283    -5.8259997
284    -6.4049997
285    -6.791
286    -6.81
287    -6.7209997
288    -6.064
289    -6.041
290    -6.927
291    -6.686
292    -6.6829996
293    -12.1
294    -5.818
295    -6.793
296    -6.458
297    -6.519
298    -6.882
299    -4.444
300    -4.144
301    -4.512
302    -3.817
303    -4.682
304    -2.7719998
305    -4.864
306    -4.527
307    -4.9379997
308    -4.491
309    -4.285
310    -9.681
311    -3.0749998
312    -3.7529998
313    -2.8769999
314    -4.248
315    -3.892
316    -4.173
317    -3.5529997
318    -2.699
319    -3.889
320    -4.58
321    -3.3609998
322    -9.031
323    -3.8439999
324    -2.9129996
325    -4.1119995
326    -4.601
327    -4.182
328    -4.6359997
329    -3.6829998
330    -10.639
331    -4.554
332    -4.5579996
333    -4.259
334    -4.163
335    -10.344
336    -4.1119995
337    -9.964
338    -4.0889997
339    -7.586
340    -4.3789997
341    -3.6799998
342    -10.355
343    -2.554
344    -4.418
345    -4.418
346    -4.764
347    -4.8219995
348    -3.9959998
349    -4.5249996
350    -5.152
351    -4.818
352    -5.645
353    -4.647
354    -5.174
355    -4.148
356    -9.311
357    -11.065
358    -5.042
359    -4.597
360    -10.747
361    -8.783
362    -4.571
363    -11.659
364    -4.5719995
365    -4.4049997
366    -4.652
367    -4.696
368    -4.831
369    -8.091
370    -4.408
371    -4.5109997
372    -7.9919996
373    -5.014
374    -4.43
375    -4.05
376    -0.71799994
377    -4.837
378    -4.878
379    -4.7229996
380    -4.796
381    -3.764
382    -4.3289995
383    -4.59
384    -8.335
385    -6.402
386    -3.8669999
387    -4.1829996
388    -4.5039997
389    -6.0889997
390    -4.836
391    -4.418
392    -1.5189998
393    -6.458
394    -5.364
395    -4.67
396    -4.776
397    -4.812
398    -3.9509997
399    -4.873
400    -3.86
401    -7.729
402    -9.7439995
403    -3.2229998
404    -4.783
405    -10.242
406    -4.295
407    -3.465
408    -7.0249996
409    -9.525
410    -4.606
411    -4.805
412    -4.998
413    -4.427
414    -4.666
415    -4.502
416    -4.639
417    -4.8059998
418    -4.3669996
419    -4.6639996
420    -3.783
421    -4.0769997
422    -4.49
423    -4.613
424    -4.9119997
425    -3.656
426    -3.9999998
427    -4.545
428    -4.77
429    -9.372
430    -3.869
431    -4.333
432    -3.8799999
433    -4.305
434    -3.1839998
435    1.3590001
436    2.3760002
437    1.4380001
438    0.8
439    1.0710001
440    3.275
441    1.0200001
442    1.148
443    1.0680001
444    0.808
445    1.44
446    1.2160001
447    1.6550001
448    0.96900004
449    1.723
450    1.641
451    1.2670001
452    0.88400006
453    1.1980001
454    1.3460001
455    0.77500004
456    1.1910001
457    1.207
458    1.2420001
459    1.3900001
460    1.5300001
461    1.576
462    2.594
463    1.389
464    0.799
465    -6.725
466    -4.328
467    -1.3459997
468    -2.2159998
469    -8.065
470    -0.38399982
471    -1.9199998
472    -2.06
473    0.0070004463
474    -7.3879995
475    -2.445
476    -5.336
477    -7.8199997
478    -7.729
479    -4.4989996
480    -5.571
481    -1.9979999
482    -2.5459998
483    -2.8799999
484    -1.958
485    -2.8309999
486    -2.6179998
487    -1.9159999
488    -2.577
489    -2.287
490    -2.836
491    -5.693
492    -1.05
493    -2.2779999
494    -2.2229998
495    -2.3219998
496    -6.3219995
497    -2.031
498    -4.6549997
499    -2.995
500    -0.059999943
501    -6.623
502    -9.075
503    -2.646
504    -2.3419998
505    -2.11
506    -2.826
507    -2.373
508    -2.017
509    -0.65199995
510    -1.5159998
511    -2.4199998
512    -3.274
513    -3.639
514    -3.609
515    -3.574
516    -3.0939999
517    -3.2419999
518    -3.3439999
519    -3.1939998
520    -3.451
521    -3.783
522    -3.5419998
523    -3.617
524    -3.7489998
525    -3.546
526    -3.1399999
527    -2.7419999
528    -2.929
529    -2.977
530    -2.9829998
531    -3.1399999
532    -3.359
533    -7.5629997
534    -7.8129997
535    -2.649
536    -2.9599998
537    -2.921
538    -3.0579998
539    -9.014
540    -1.777
541    -3.1
542    -2.9399998
543    -3.0429997
544    -3.086
545    -3.46
546    -2.7879999
547    -2.514
548    -8.299
549    -2.5689998
550    -8.643
551    -1.0969999
552    -2.3679998
553    -2.7559998
554    -3.007
555    -2.702
556    -2.5259998
557    -2.642
558    -2.8049998
559    -2.0489998
560    -2.452
561    -2.9229999
562    -2.3419998
563    -3.067
564    -2.4029999
565    -2.2779999
566    -2.439
567    -2.911
568    -2.6439998
569    -2.9169998
570    -3.0759997
571    -3.1209998
572    -2.409
573    -2.662
574    -3.11
575    -2.2979999
576    -3.065
577    -2.8579998
578    -1.3069999
579    -3.0559998
580    -3.294
581    -2.988
582    -9.228
583    -2.7759998
584    -3.33
585    -9.384
586    -2.0559998
587    -6.9659996
588    -8.644
589    -2.8769999
590    -2.4239998
591    -3.269
592    -2.991
593    -2.929
594    -3.3669999
595    -2.78
596    -3.7619998
597    -4.727
598    -2.9599998
599    -2.5349998
600    -2.6309998
601    -2.725
602    -3.267
603    -7.132
604    -2.919
605    -3.218
606    -6.7349997
607    -3.1299999
608    -3.183
609    -8.682
610    -8.576
611    -2.518
612    -2.307
613    -3.1069999
614    -2.3679998
615    -3.234
616    -3.234
617    -2.018
618    -2.4799998
619    3.0990002
620    -3.0749998
621    -3.0549998
622    -1.7799997
623    -2.593
624    -2.597
625    -2.5579998
626    -2.385
627    -3.31
628    -8.656
629    -5.593
630    -2.517
631    -1.2479999
632    -2.274
633    -2.8339999
634    -3.6339998
635    -2.967
636    -3.466
637    -2.786
638    -6.036
639    -2.879
640    -3.3179998
641    -3.054
642    -2.8019998
643    -2.9699998
644    -3.014
645    -7.564
646    -3.2319999
647    -1.4179997
648    -2.639
649    -3.203
650    -8.434999
651    -2.829
652    -3.1399999
653    -2.524
654    -2.517
655    -1.856
656    -1.1929998
657    -8.24
658    -6.717
659    -2.2979999
660    -2.921
661    -2.156
662    -2.7359998
663    -2.1709998
664    -2.8009999
665    -1.0959997
666    -2.4469998
667    -2.747
668    -2.52
669    -2.9919999
670    -1.9519999
671    -8.644
672    -1.2899997
673    -1.4619999
674    -8.405
675    -17.948
676    -0.8779998
677    -2.2849998
678    -2.372
679    -1.3809998
680    -3.336
681    0.27100015
682    -2.9929998
683    0.69000006
684    -2.543
685    -2.073
686    -3.019
687    -2.218
688    -7.592
689    -2.767
690    -3.08
691    -3.111
692    -3.445
693    -2.35
694    -2.793
695    -2.8089998
696    -5.5129995
697    -1.81
698    -2.454
699    -2.59
700    -2.902
701    -3.511
702    -2.5049999
703    -2.6539998
704    -2.6799998
705    -1.6439998
706    -2.6829998
707    -2.2359998
708    -7.7
709    -2.0949998
710    -2.975
711    -2.303
712    -3.2459998
713    -2.211
714    -2.6179998
715    -2.919
716    -2.0249999
717    -3.37
718    -2.764
719    -3.381
720    -2.9469998
721    -2.873
722    -2.655
723    -3.146
724    -2.939
725    -2.839
726    -2.534
727    -2.472
728    -2.9199998
729    -2.001
730    -1.5229998
731    -2.1109998
732    -2.645
733    -3.05
734    -3.145
735    -2.1119998
736    -2.4889998
737    -2.6759999
738    -3.079
739    -2.704
740    -1.4029999
741    -2.7519999
742    -2.0819998
743    -1.7239997
744    -2.583
745    -2.3009999
746    -2.8509998
747    -2.2269998
748    -2.0949998
749    -1.9949999
750    -1.8579998
751    -1.6029999
752    -2.6829998
753    -2.889
754    -2.813
755    -3.02
756    -2.531
757    -2.977
758    -2.4399998
759    -2.2359998
760    -1.7659998
761    -1.9929998
762    -2.4629998
763    -2.3309999
764    -2.103
765    -2.4559999
766    -1.8489997
767    -2.133
768    -1.8509998
769    -1.882
770    -2.53
771    -2.817
772    -7.148
773    -2.8019998
774    -1.698
775    -1.4569998
776    -1.4259999
777    -1.7429998
778    -3.1499999
779    -0.24299991
780    -2.675
781    -2.5619998
782    -2.981
783    -3.244
784    -0.8539996
785    -2.6339998
786    -2.6149998
787    -7.3859997
788    -7.182
789    -3.296
790    -2.3149998
791    -2.5839999
792    -2.2489998
793    -2.52
794    -2.33
795    -1.3999999
796    -2.518
797    -2.267
798    -0.9029999
799    -2.5379999
800    -1.8799999
801    -2.393
802    -2.376
803    -11.142
804    -1.8699999
805    2.6360002
806    1.9520001
807    2.0930002
808    2.101
809    2.545
810    -2.87
811    -2.8539999
812    -2.968
813    -0.43799973
814    -2.511
815    -0.15699959
816    -1.4309998
817    -0.875
818    -2.603
819    -2.3409998
820    -2.57
821    -6.212
822    -2.004
823    -2.1439998
824    -12.62
825    -11.412
826    -8.284
827    -2.4819999
828    -12.668
829    -1.9309998
830    -2.5059998
831    -14.289
832    -2.33
833    -2.3059998
834    -10.21
835    -6.8849998
836    -3.0939999
837    -2.9789999
838    -50.086998
839    -7.56
840    -2.763
841    -12.759
842    -2.3909998
843    -2.754
844    -2.629
845    -2.4899998
846    -2.817
847    -2.78
848    -3.184
849    -10.959
850    -2.7259998
851    -2.429
852    -11.94
853    -3.192
854    -3.02
855    -0.34799957
856    -1.6299999
857    -1.7499998
858    -2.343
859    -1.8869998
860    -3.488
861    -2.925
862    -14.544
863    -3.085
864    -2.781
865    -12.519
866    -2.1609998
867    -7.27
868    -1.7589998
869    -2.764
870    -1.507
871    -1.285
872    -1.154
873    -2.36
874    -20.954
875    -20.895
876    -35.097
877    -20.78
878    -21.278
879    -52.749
880    -21.076
881    -21.309
882    -21.141
883    -18.246
884    -21.342
885    -21.322
886    -21.486
887    -21.486
888    -21.23
889    -20.438
890    -20.776
891    -21.139
892    -18.277
893    -21.236
894    -21.396
895    -21.389
896    -19.132
897    -18.386
898    -17.776
899    -18.076
900    -21.324
901    -18.401
902    -18.347
903    -18.37
904    -18.555
905    -18.37
906    -19.839
907    -18.888
908    -20.353
909    -18.24
910    -21.406
911    -18.315
912    -18.547
913    -21.257
914    -20.99
915    -18.447
916    -21.156
917    -20.497
918    -21.407
919    -18.471
920    -18.04
921    -21.296
922    -18.565
923    -19.282
924    -20.691
925    -18.228
926    -17.475
927    -22.151
928    -18.357
929    -18.689
930    -21.071
931    -21.157
932    -20.98
933    -18.458
934    -18.417
935    -18.506
936    -21.267
937    -19.746
938    -21.249
939    -21.133
940    -19.503
941    -21.28
942    -17.453
943    -21.293
944    -19.693
945    -20.767
946    -18.462
947    -18.304
948    -21.516
949    -19.872
950    -21.175
951    -18.473999
952    -18.343
953    -19.883
954    -18.919
955    -21.208
956    -19.244999
957    -18.26
958    -18.116
959    -19.812
960    -21.062
961    -18.249
962    -18.241
963    -21.37
964    -18.064
965    -19.254
966    -18.118
967    -19.068
968    -18.144
969    -21.091
970    -18.29
971    -21.207
972    -17.838
973    -19.792
974    -20.879
975    -18.335
976    -21.314
977    -21.392
978    -18.363
979    -21.992
980    -21.339
981    -21.389
982    -20.999
983    -21.277
984    -17.965
985    -20.993
986    -18.374
987    -21.121
988    -21.246
989    -20.995
990    -18.125
991    -20.887
992    -18.473
993    -21.278
994    -20.008
995    -18.402
996    -21.607
997    -21.381
998    -21.164
999    -21.515
1000    -21.097
1001    -21.082
1002    -21.222
1003    -19.115
1004    -21.482
1005    -21.275
1006    -18.473999
1007    -18.243
1008    -20.95
1009    -19.611
1010    -21.282
1011    -21.343
1012    -19.929
1013    -18.248
1014    -18.105999
1015    -18.51
1016    -18.322
1017    -18.083
1018    -18.512
1019    -19.38
1020    -19.651
1021    -18.253
1022    -18.276
1023    -18.114
1024    -21.142
1025    -21.085
1026    -17.933
1027    -18.226
1028    -20.897
1029    -20.97
1030    -20.723
1031    -21.284
1032    -18.079
1033    -18.394
1034    -18.192
1035    -19.436
1036    -21.398
1037    -20.665
1038    -18.764
1039    -10.396
1040    -10.498
1041    -10.32
1042    -13.18
1043    -10.331
1044    -13.32
1045    -8.091
1046    -10.425
1047    -10.213
1048    -9.826
1049    -10.375
1050    -13.146
1051    -10.448
1052    -13.095
1053    -11.482
1054    -10.438
1055    -11.514
1056    -10.441
1057    -13.373
1058    -9.825
1059    -9.719
1060    -10.209
1061    -13.223
1062    -10.124
1063    -12.919
1064    -12.475
1065    -13.144
1066    -12.779
1067    -13.4939995
1068    -13.044
1069    -6.211
1070    -6.159
1071    -6.657
1072    -6.157
1073    -6.308
1074    -4.382
1075    -6.016
1076    -6.036
1077    -6.3009996
1078    -6.8789997
1079    -6.731
1080    -8.843
1081    -5.83
1082    -7.264
1083    -7.398
1084    -9.638
1085    -6.039
1086    -5.68
1087    -6.151
1088    -6.466
1089    -6.151
1090    -5.0509996
1091    -6.092
1092    -6.196
1093    -8.129
1094    -6.356
1095    -6.462
1096    -6.094
1097    -6.036
1098    -7.068
1099    -6.211
1100    -1.198
1101    -1.194
1102    0.85300004
1103    0.78900003
1104    -7.463
1105    -1.9549999
1106    1.121
1107    -6.918
1108    -6.744
1109    -6.24
1110    -7.52
1111    -7.634
1112    -7.903
1113    -4.712
1114    -7.441
1115    -1.9399998
1116    -6.939
1117    -7.091
1118    -6.968
1119    -7.494
1120    -44.195
1121    -8.443
1122    -7.4969997
1123    -7.492
1124    -7.13
1125    -6.966
1126    -6.814
1127    -5.902
1128    -6.8719997
1129    -7.607
1130    -5.744
1131    -7.574
1132    -10.014999
1133    -7.6689997
1134    -7.568
1135    -6.564
1136    -7.0099998
1137    -8.483
1138    -6.738
1139    -7.017
1140    -6.43
1141    -26.298
1142    -26.601
1143    -7.751
1144    -26.076
1145    -7.229
1146    -25.392
1147    -6.975
1148    -26.239
1149    -8.745
1150    -7.7869997
1151    -8.605
1152    -6.727
1153    -7.664
1154    -6.987
1155    -6.5889997
1156    -6.9449997
1157    -9.415
1158    -7.503
1159    -6.517
1160    -6.547
1161    -6.578
1162    -25.212
1163    -7.0039997
1164    -6.396
1165    -6.579
1166    -7.442
1167    -7.638
1168    -7.689
1169    -6.706
1170    -6.595
1171    -6.396
1172    -6.469
1173    -6.428
1174    -6.8389997
1175    -7.019
1176    -6.96
1177    -6.656
1178    -6.947
1179    -6.9
1180    -6.817
1181    -6.495
1182    -6.347
1183    -7.034
1184    -5.7089996
1185    -6.54
1186    -5.957
1187    -7.001
1188    -5.821
1189    -6.957
1190    -6.608
1191    -4.899
1192    -6.876
1193    -6.775
1194    -50.347
1195    -7.734
1196    -6.807
1197    -6.606
1198    -6.796
1199    -5.5459995
1200    -6.1099997
1201    -6.453
1202    -7.907
1203    -6.149
