0    -0.779
1    -0.7789999
2    -1.581
3    -1.392
4    -0.28199995
5    -1.535
6    -0.9779999
7    -0.7579999
8    -1.494
9    -1.595
10    -1.135
11    -2.188
12    -1.654
13    -1.382
14    -2.447
15    -1.532
16    -0.86899996
17    -1.556
18    -1.381
19    -1.617
20    -1.083
21    -1.39
22    -1.725
23    -1.128
24    -0.022999942
25    -0.765
26    -0.04699993
27    -1.545
28    0.099000216
29    -0.81799996
30    -1.035
31    -1.448
32    -2.468
33    -2.05
34    -0.57
35    -0.73
36    -0.73099995
37    -1.4389999
38    -1.757
39    -1.492
40    2.1060004
41    -0.65
42    -0.61599994
43    -1.4679999
44    -1.341
45    -1.303
46    -1.657
47    -0.593
48    -1.214
49    -0.791
50    -1.388
51    -0.66199994
52    -0.765
53    -0.663
54    -0.746
55    -1.0799999
56    -1.154
57    -0.713
58    0.09100008
59    -0.54199994
60    -0.76199996
61    0.31200004
62    -0.553
63    -0.775
64    -0.435
65    -0.667
66    -0.64
67    -0.5519999
68    0.076000005
69    0.18300001
70    -0.399
71    0.30900002
72    1.7140002
73    0.24900007
74    -0.41599995
75    0.072000004
76    -0.67999995
77    -0.819
78    -0.832
79    0.074
80    -0.47599995
81    -0.839
82    0.13800001
83    -0.733
84    -0.584
85    -0.863
86    -0.935
87    0.067
88    -0.83599997
89    -0.74899995
90    -0.83599997
91    0.082
92    -0.638
93    0.106000006
94    -0.77199996
95    0.081
96    -0.18699998
97    0.069000006
98    -0.72099996
99    -0.375
100    -0.592
101    1.444
102    -0.725
103    -0.35999995
104    -0.67999995
105    0.078
106    1.371
107    2.631
108    0.067
109    -0.74
110    -0.888
111    -0.41499996
112    -0.707
113    -0.81799996
114    -2.497
115    -0.914
116    -0.348
117    -0.847
118    -0.13399994
119    -0.13399994
120    0.079
121    -0.837
122    -1.027
123    -0.763
124    -0.41899997
125    -1.589
126    -1.658
127    -0.55999994
128    0.063
129    0.064
130    -0.788
131    -0.79499996
132    -0.784
133    -0.58799994
134    0.091000006
135    -0.773
136    -1.8429999
137    -1.541
138    -0.631
139    -1.6589999
140    -0.797
141    0.054
142    0.08400001
143    0.076000005
144    0.076000005
145    -0.899
146    0.081
147    -0.8
148    -0.61
149    0.08400001
150    -0.824
151    0.078
152    0.060000002
153    0.079
154    -0.715
155    -3.386
156    -0.579
157    -0.7959999
158    -0.641
159    -1.1329999
160    0.7620001
161    -0.643
162    -2.42
163    -0.83299994
164    -1.622
165    -1.585
166    -1.124
167    -1.502
168    1.137
169    -1.79
170    -1.423
171    -1.527
172    -1.907
