0    -3.418
1    -2.523
2    -2.455
3    -3.4889998
4    -2.4359999
5    -2.538
6    -3.492
7    -4.581
8    -4.514
9    -4.584
10    -2.514
11    -4.531
12    -4.542
13    -4.625
14    -3.547
15    -4.604
16    -4.624
17    -4.584
18    -4.631
19    -2.615
20    -2.591
21    -3.4559999
22    -2.4359999
23    -3.579
24    -3.573
25    -4.574
26    -4.57
27    -4.5559998
28    -2.583
29    -4.521
30    -3.519
31    -3.584
32    -4.596
33    -3.583
34    -4.596
35    -2.471
36    -2.542
37    -2.484
38    -3.509
39    -3.5049999
40    -2.497
41    -3.521
42    -2.51
43    -3.426
44    -3.491
45    -2.531
46    -3.498
47    -3.536
48    -2.541
49    -3.5279999
50    -2.518
51    -2.517
52    -3.499
53    -2.498
54    -2.539
55    -2.511
56    -2.4889998
57    -2.438
58    -2.474
59    -2.5509999
60    -2.4029999
61    -1.502
62    -2.522
63    -2.4889998
64    -1.566
65    -1.5419999
66    -2.514
67    -2.471
68    -2.519
69    -1.459
70    -1.537
71    -1.509
72    -2.458
73    -1.515
74    -2.465
75    -2.49
76    -1.52
77    -2.459
78    -2.506
79    -1.5239999
80    -2.42
81    -2.557
82    -2.484
83    -1.56
84    -1.578
85    -2.5149999
86    -1.555
87    -2.523
88    -2.5149999
89    -2.468
90    -1.5139999
91    -2.511
92    -2.485
93    -1.5569999
94    -2.5509999
95    -2.545
96    -2.507
97    -2.57
98    -2.5479999
99    -2.575
100    -1.541
101    -1.5189999
102    -2.51
103    -3.506
104    -2.481
105    -1.4549999
106    -2.431
107    -1.539
108    -2.519
109    -2.501
110    -1.526
111    -2.499
112    -2.533
113    -1.531
114    -2.478
115    -2.504
116    -2.543
117    -1.571
118    -2.5349998
119    -2.501
120    -2.52
121    -1.541
122    -2.486
123    -2.5
124    -2.5019999
125    -1.657
126    -2.678
127    -2.662
128    -1.668
129    -2.531
130    -2.619
131    -2.643
132    -2.659
133    -2.617
134    -2.421
135    -2.558
136    -1.578
137    -2.504
138    -1.585
139    -2.565
140    -2.496
141    -1.42
142    0.326
143    -2.494
144    -2.554
145    -1.6029999
146    -2.542
147    -2.553
148    -2.538
149    -1.525
150    -2.537
151    -1.569
152    -2.545
153    -2.542
154    -1.532
155    -2.552
156    -2.525
157    -2.526
158    -1.554
159    -1.533
160    -2.486
161    -2.493
162    -1.55
163    -2.537
164    -1.569
165    -2.517
166    -2.537
167    -2.5349998
168    -2.531
169    -1.541
170    -2.488
171    -2.511
172    -1.503
173    -2.544
174    -1.5
175    -2.514
176    -2.571
177    -1.608
178    -2.602
179    -2.56
180    -2.5509999
181    -1.601
182    -2.555
183    -2.601
184    -1.602
185    -2.562
186    -2.562
187    -2.589
188    -1.56
189    -2.5349998
190    -2.586
191    -1.601
192    -1.545
193    -2.523
194    -2.509
195    -1.549
196    -2.52
197    -2.398
198    -2.556
199    -1.601
200    -2.588
201    -2.558
202    -1.597
203    -2.604
204    -2.571
205    -1.591
206    -2.59
207    -1.577
208    -2.563
209    -2.549
210    -2.578
211    -2.555
212    -2.389
213    -2.58
214    -1.578
215    -2.559
216    -2.55
217    -2.564
218    -1.545
219    -1.543
220    -2.54
221    -2.529
222    -2.526
223    -1.546
224    -2.589
225    -2.558
226    -1.587
227    -2.585
228    -2.579
229    -2.555
230    -1.569
231    -2.536
232    -2.6069999
233    -1.573
234    -1.576
235    -2.573
236    -1.599
237    -2.518
238    -2.537
239    -2.562
240    -1.568
241    -2.572
242    -1.574
243    -2.471
244    -2.582
245    -1.54
246    -2.571
247    -2.506
248    -1.576
249    -2.296
250    -2.56
251    -2.568
252    -1.522
253    -2.562
254    -2.5479999
255    -1.595
256    -2.511
257    -2.546
258    -2.576
259    -1.582
260    -2.538
261    -1.42
262    -1.531
263    -2.524
264    -2.578
265    -1.577
266    -2.5279999
267    -1.566
268    -2.57
269    -2.543
270    -1.584
271    -1.558
272    -2.565
273    -2.55
274    -1.555
275    -2.537
276    -1.5469999
277    -2.532
278    -1.541
279    0.23300001
280    -2.48
281    -2.507
282    -2.554
283    -2.536
284    -1.56
285    -2.56
286    -2.54
287    -2.514
288    -1.539
289    -2.5609999
290    -2.542
291    -1.359
292    -2.463
293    -2.549
294    -2.5479999
295    -1.561
296    -2.55
297    -1.556
298    -2.541
299    -2.56
300    -1.4979999
301    -2.611
302    -2.554
303    -1.572
304    -2.547
305    -2.44
306    -1.5899999
307    -2.5349998
308    -2.567
309    -1.453
310    -2.48
311    -1.575
312    -2.525
313    -2.572
314    -2.566
315    -1.4779999
316    -2.557
317    -1.5649999
318    -2.526
319    -2.525
320    -2.579
321    -1.5669999
322    -2.557
323    -2.513
324    -1.6919999
325    -2.526
326    -1.584
327    -2.542
328    -2.585
329    -1.5419999
330    -2.575
331    -2.584
332    -1.592
333    -1.581
334    -2.598
335    -2.596
336    -1.535
337    -1.536
338    -2.541
339    -2.543
340    -2.485
341    -2.485
342    -2.509
343    -2.596
344    -2.596
345    -2.574
346    -2.574
347    -1.563
348    -1.563
349    -2.54
350    -1.546
351    -1.546
352    -2.54
353    -2.595
354    -2.589
355    -1.543
356    -1.5339999
357    -2.595
358    -2.591
359    -1.543
360    -2.571
361    -2.554
362    -2.5809999
363    -2.486
364    -1.576
365    -2.549
366    -2.546
367    -2.545
368    0.272
369    -2.563
370    -2.5279999
371    -1.536
372    -1.5419999
373    -2.5
374    -1.553
375    -1.541
376    -1.515
377    -2.553
378    -2.5479999
379    -2.576
380    -1.605
381    -2.558
382    -1.5699999
383    -1.546
384    -2.5479999
385    -1.559
386    -2.545
387    -2.58
388    -1.561
389    -2.555
390    -2.651
391    -1.52
392    -2.5809999
393    -2.556
394    -1.5139999
395    -2.543
396    -2.589
397    -1.538
398    -2.5939999
399    -2.559
400    -1.55
401    -2.5609999
402    -2.575
403    -1.553
404    -2.596
405    -2.569
406    -1.573
407    -2.588
408    -2.59
409    -1.564
410    -2.599
411    -2.599
412    -1.584
413    -2.559
414    -2.522
415    -1.5699999
416    -2.59
417    -2.585
418    -2.59
419    -1.577
420    -2.543
421    -1.5669999
422    -2.537
423    -1.601
424    -1.594
425    -1.5929999
426    -2.58
427    -1.569
428    -1.61
429    -2.516
430    -2.552
431    -1.599
432    -1.599
433    -1.5699999
434    -2.567
435    -1.5879999
436    -1.5649999
437    -2.5609999
438    -1.599
439    -1.606
440    -2.56
441    -1.575
442    -1.571
443    -1.5929999
444    -2.5509999
445    -2.591
446    -1.579
447    -2.59
448    -2.592
449    -1.599
450    -2.591
451    -1.621
452    -2.576
453    -1.5799999
454    -2.58
455    -2.565
456    -2.611
457    -1.587
458    -2.565
459    -2.586
460    -1.554
461    -2.605
462    -2.578
463    -1.5799999
464    -2.585
465    -2.595
466    -1.598
467    -2.621
468    -2.598
469    -2.629
470    -1.631
471    -1.597
472    -1.64
473    -2.556
474    -2.59
475    -1.611
476    -2.643
477    -2.55
478    -2.598
479    -1.577
480    -2.577
481    -2.648
482    -2.589
483    -2.574
484    -1.569
485    -2.568
486    -2.621
487    -2.555
488    -2.622
489    -1.604
490    -1.5929999
491    -2.622
492    -2.576
493    -1.587
494    -2.552
495    -2.6269999
496    -1.595
497    -2.617
498    -2.596
499    -1.586
500    -1.6259999
501    -2.649
502    -2.61
503    -2.541
504    -2.566
505    -1.529
506    -2.62
507    -1.585
508    -2.549
509    -2.514
510    -2.616
511    -1.572
512    -2.562
513    -2.619
514    -1.582
515    -2.527
516    -2.615
517    -1.592
518    -1.627
519    -2.637
520    -2.582
