0    -34.405
1    -34.519
2    -34.308
3    -34.261
4    -34.061
5    -34.813
6    -34.48
7    -38.398
8    -34.291
9    -34.306
10    -39.12
11    -28.279
12    -28.353
13    -28.466
14    -28.894
15    -28.458
16    -28.551
17    -28.859
18    -29.002
19    -28.208
20    -28.251
21    -28.121
22    -28.22
23    -27.55
24    -28.428
25    -27.9
26    -27.951
27    -28.337
28    -28.459
29    -28.402
30    -28.59
31    -27.552
32    -28.674
33    -28.851
34    -28.129
35    -28.693
36    -28.513
37    -28.693
38    -28.899
39    -28.569
40    -28.538
41    -28.268
42    -27.303
43    -28.557
44    -27.732
45    -27.338
46    -28.977
47    -26.799
48    -9.67
49    -28.374
50    -7.126
51    -28.354
52    -11.622
53    -10.647
54    -28.403
55    -11.171
56    -28.567
57    -11.414
58    -28.589
59    -11.058
60    -27.652
61    -12.081
62    -28.537
63    -11.929
64    -28.546
65    -11.294
66    -27.691
67    -9.831
68    -28.436
69    -10.44
70    -28.621
71    -11.809999
72    -28.559
73    -11.867
74    -28.59
75    -5.179
76    -28.672
77    -10.988
78    -28.56
79    -12.222
80    -28.387
81    -5.422
82    -28.662
83    -5.094
84    -28.444
85    -12.878
86    -28.436
87    -6.2539997
88    -28.730999
89    -6.899
90    -28.282
91    -6.358
92    -28.454
93    -7.534
94    -28.215
95    -7.92
96    -28.616
97    -8.025
98    -28.643
99    -7.798
100    -27.285
101    -8.319
102    -28.561
103    -5.991
104    -8.583
105    -27.667
106    -6.0039997
107    -28.303
108    -8.749
109    -28.818
110    -4.9379997
111    -28.818
112    -3.908
113    -28.318
114    -8.458
115    -28.872
116    -9.098
117    -28.393
118    -7.798
119    -28.489
120    -5.974
121    -26.865
122    -6.538
123    -28.549
124    -5.68
125    -28.437
126    -6.553
127    -28.715
128    -6.9189997
129    -27.326
130    -6.097
131    -28.437
132    -28.827
133    -8.339
134    -29.013
135    -7.7349997
136    -28.388
137    -7.844
138    -28.346
139    -9.000999
140    -28.433
141    -8.092
142    -27.491
143    -8.014
144    -28.832
145    -12.676
146    -28.203
147    -7.9449997
148    -28.189
149    -7.31
150    -28.475
151    -7.092
152    -28.869
153    -8.02
154    -28.875
155    -3.6729999
156    -28.798
157    -7.315
158    -26.851
159    -6.633
160    -28.487999
161    -8.707
162    -28.927
163    -8.291
164    -28.306
165    -6.732
166    -28.519
167    -8.688
168    -28.539
169    -4.8059998
170    -28.666
171    -7.684
172    -28.556
173    -2.931
174    -27.683
175    -6.689
176    -28.485
177    -8.105
178    -28.782
179    -5.465
180    -28.67
181    -7.778
182    -28.943
183    -7.7209997
184    -26.343
185    -9.858
186    -28.405
187    -3.995
188    -27.325
189    -7.128
190    -33.892
191    -6.539
192    -34.108
193    -7.923
194    -33.94
195    -5.231
196    -33.08
197    -34.874
198    -34.532
199    -34.596
200    -34.489
201    -33.548
202    -34.528
203    -34.304
204    -33.034
205    -33.225
206    -34.427
207    -34.608
208    -33.055
209    -34.756
210    -34.441
211    -34.615
212    -33.808
213    -34.467
214    -34.828
215    -34.586998
216    -34.866
217    -34.569
218    -34.404
219    -34.351
220    -34.361
221    -33.768
222    -34.328
223    -34.666
224    -34.05
225    -34.162
226    -33.543
227    -34.715
228    -34.801
229    -34.728
230    -33.485
231    -34.488
232    -34.572998
233    -34.237
234    -34.371
235    -34.223
236    -34.717
237    -34.237
238    -34.014
239    -34.405
240    -34.733
241    -33.327
242    -34.184
243    -34.182
244    -34.577
245    -34.54
246    -33.867
247    -33.389
248    -34.832
249    -34.428
250    -34.096
251    -33.187
252    -33.991
253    -33.664
254    -33.321
255    -33.525
256    -34.608
257    -34.299
258    -34.185
259    -34.342
260    -34.43
261    -34.265
262    -34.246
263    -34.449
264    -34.275
265    -33.549
266    -34.611
267    -33.873
268    -33.896
269    -33.988
270    -34.657
271    -34.415
272    -34.033
273    -32.739
274    -34.190998
275    -34.588
276    -34.629
277    -33.535
278    -34.697998
279    -34.131
280    -34.314
281    -34.466
282    -34.498
283    -34.609
284    -34.376
285    -34.507
286    -34.503
287    -34.668
288    -34.308
289    -34.341
290    -33.312
291    -34.417
292    -34.407
293    -34.327
294    -33.606
295    -34.565
296    -34.379
297    -34.58
298    -33.64
299    -34.311
300    -33.547
301    -34.25
302    -33.26
303    -33.057
304    -34.36
305    -33.363
306    -34.272
307    -33.344
308    -33.628
309    -33.375
310    -33.205
311    -33.744
312    -34.382
313    -33.969
314    -34.507
315    -34.327
316    -34.49
317    -34.722
318    -34.484
319    -34.792
320    -38.768
321    -39.063
322    -39.285
323    -39.336
324    -39.141
325    -39.51
326    -38.363
327    -37.174
328    -37.116
329    -39.511
330    -38.577
331    -38.473
332    -39.176
333    -37.892
334    -37.759
335    -39.463
336    -39.166
337    -39.644
338    -39.572
339    -38.372
340    -38.26
341    -39.517
342    -38.457
343    -38.202
344    -39.3
345    -39.601
346    -38.616
347    -38.13
348    -38.105
349    -39.331
350    -37.691
351    -38.546
352    -37.776
353    -39.329
354    -39.709
355    -38.13
356    -39.209
357    -38.273
358    -38.427
359    -39.259
360    -37.34
361    -39.016
362    -38.484
363    -39.115
364    -39.409
365    -38.502
366    -39.422
367    -39.063
368    -37.567
369    -32.597
370    -34.571
371    -34.52
372    -33.551
373    -34.465
374    -33.508
375    -32.474
376    -33.467
377    -34.42
378    -34.321
379    -34.478
380    -33.541
381    -34.075
382    -33.635
383    -33.383
384    -27.669
385    -28.333
386    -27.453
387    -28.492
388    -31.914
389    -32.417
390    -32.302
391    -32.251
392    -32.457
393    -32.717
394    -32.197
395    -32.621
396    -32.096
397    -32.249
398    -32.812
399    -54.602
400    -54.015
401    -54.987
402    -53.475998
403    -54.768
404    -55.035
405    -53.181
406    -55.205
407    -53.599
408    -54.171
409    -54.534
410    -54.487
411    -55.202
412    -54.585
413    -54.532
414    -54.517
415    -54.481
416    -54.541
417    -53.402
418    -54.222
419    -53.393
420    -54.61
421    -54.384
422    -55.453
423    -54.079
424    -54.83
425    -55.609
426    -55.443
427    -56.418
428    -53.681
429    -55.205
430    -55.115
431    -55.395
432    -55.013
433    -55.362
434    -55.856
435    -55.556
436    -54.018
437    -55.682
438    -55.975
439    -50.916
440    -55.686
441    -56.038
442    -55.654
443    -43.521
444    -53.997
445    -56.053
446    -55.627
447    -54.381
448    -55.444
449    -56.045
450    -54.752
451    -56.04
452    -43.378
453    -55.453
454    -56.072998
455    -55.542
456    -56.236
457    -49.98
458    -55.659
459    -56.372
460    -55.444
461    -55.235
462    -55.511
463    -56.327
464    -50.906
465    -55.329
466    -56.028
467    -54.59
468    -56.091
469    -55.583
470    -55.349
471    -51.478
472    -55.38
473    -56.053
474    -55.55
475    -55.282
476    -51.398
477    -54.48
478    -55.886
479    -56.003
480    -56.079
481    -55.728
482    -55.484
483    -51.027
484    -55.517
485    -56.307
486    -54.858
487    -55.184
488    -55.767
489    -54.755
490    -51.283
491    -54.596
492    -54.964
493    -55.499
494    -55.153
495    -55.633
496    -56.0
497    -51.252
498    -55.563
499    -55.207
500    -54.502
501    -55.114
502    -50.8
503    -52.572998
504    -42.465
505    -56.131
506    -55.906
