0    0.01700008
1    0.314
2    -0.39999998
3    0.7190001
4    2.072
5    -3.138
6    1.427
7    0.27400005
8    -3.01
9    1.44
10    1.843
11    1.154
12    0.9760001
13    0.84700006
14    0.72900003
15    0.81500006
16    0.78800005
17    0.712
18    0.93600005
19    0.768
20    0.76900005
21    0.68700004
22    0.77900004
23    0.813
24    0.78900003
25    0.827
26    0.81700003
27    1.6570001
28    0.808
29    0.75500005
30    -1.89
31    0.81700003
32    4.81
33    0.2240001
34    0.77800006
35    -7.1639996
36    -1.3519999
37    -0.76
38    1.253
39    0.86800003
40    41.719
41    -0.567
42    1.895
43    0.06500006
44    0.75900006
45    0.76600003
46    0.79200006
47    0.78900003
48    0.78200006
49    0.874
50    0.77800006
51    0.91300005
52    0.851
53    0.81200004
54    1.542
55    11.084
56    1.667
57    3.736
58    -1.9749999
59    2.282
60    -4.253
61    5.698
62    -1.127
63    -0.5309999
64    0.7670001
65    2.2
66    -1.032
67    0.95500004
68    -1.29
69    1.212
70    -2.059
71    1.212
72    4.225
73    1.207
74    -0.24399996
75    2.429
76    0.28900003
77    1.8840001
78    -0.61899996
79    1.927
80    0.26500002
81    -1.696
82    -0.468
83    3.158
84    -0.7019999
85    0.048000097
86    1.9460001
87    1.234
88    1.7880001
89    3.0740001
90    1.4250001
91    -0.7739999
92    1.8340001
93    2.637
94    1.1650001
95    -4.208
96    1.098
97    1.375
98    5.789
99    13.488
100    3.9190001
101    0.38500023
102    0.573
103    -1.493
104    1.403
105    2.2180004
106    2.674
107    1.317
108    1.408
