0    -0.38
1    -1.8199999
2    -1.407
3    -1.611
4    -0.17099994
5    -1.8269999
6    -1.3959999
7    -1.1629999
8    -1.6589999
9    -1.3879999
10    -0.911
11    -6.865
12    -7.019
13    -8.401999
14    -6.7209997
15    -7.271
16    -8.124
17    -12.12
18    -6.256
19    -7.2819996
20    -11.519
21    -8.594
22    -7.8789997
23    -15.444
24    -8.088
25    -14.985
26    -12.04
27    -11.668
28    -7.382
29    -12.594
30    -2.2859998
31    -12.491
32    -8.066
33    -2.4409997
34    -8.547
35    -1.3619998
36    -7.535
37    -8.718
38    -9.766
39    -8.48
40    -9.097
41    -8.828
42    -1.4309998
43    -1.3609998
44    -1.4109998
45    -1.3649998
46    -4.237
47    -11.72
48    -7.736
49    -9.109
50    -7.216
51    -10.160999
52    -7.506
53    -6.4309998
54    -7.042
55    -10.077
56    -3.5229998
57    -7.33
58    -3.85
59    -6.399
60    -3.27
61    -6.448
62    -9.457
63    -7.1349998
64    -9.857
65    -6.512
66    -4.238
67    -7.707
68    -9.617
69    -11.718
70    -11.228
71    -11.554
72    -11.941
73    -15.298
74    -9.69
75    -12.132
76    -6.803
77    -14.727
78    -5.418
79    -5.966
80    -6.034
81    -9.723
82    -9.797
83    -4.337
84    -8.656
85    -5.318
86    -7.225
87    -11.689
88    -7.6029997
89    -9.51
90    -8.353
91    -45.432
92    -1.864
93    -13.145
94    -9.72
95    -8.294
96    -9.015
97    -6.561
98    -9.684
99    -6.911
100    -6.42
101    -1.86
102    -9.747
103    -11.443
104    -8.762
105    -6.151
106    -10.698
107    -5.277
108    -5.429
109    -5.5439997
110    -8.816999
111    -6.935
112    -8.905
113    -10.518
114    -3.531
115    -6.7889996
116    -8.763
117    -13.212
118    -9.841
119    -8.973
120    -1.863
121    -13.287
122    -1.861
123    -15.386
124    -1.836
125    -1.839
126    -16.031
127    -6.283
128    -11.405
129    -9.023
130    -12.93
131    -12.797
132    -7.012
133    -13.172
134    -13.236
135    -6.3129997
136    -13.083
137    -8.141
138    -13.948
139    -12.999
140    -4.5
141    -7.199
142    -8.891
143    -5.792
144    -7.153
145    -20.396
146    -17.388
147    -16.28
148    -17.541
149    -15.427
150    -14.132999
151    -15.572
152    -16.764
153    -14.759
154    -15.638
155    -13.867
156    -10.24
157    -11.506
158    -14.654
159    -14.353
160    -19.855999
161    -14.187
162    -14.482
163    -15.218
164    -16.9
165    -14.991
166    -16.996
167    -16.808
168    -15.839
169    -19.499
170    -13.979
171    -15.441999
172    -54.607
173    -17.847
174    -18.305
175    -19.834
176    -58.036
177    -15.912
178    -15.128
179    -17.313
180    -16.677
181    -23.457
182    -18.66
183    -18.685
184    -63.839
185    -17.239
186    -17.365
187    -18.11
188    -25.962
189    -18.352
190    -19.563
191    -20.496
192    -16.477
193    -25.635
194    -17.351
195    -19.321
196    -17.706
197    -19.222
198    -15.066999
199    -15.967
200    -17.692
201    -21.801
202    -13.849
203    -15.154
204    -14.593
205    -9.529
206    -12.121
207    -15.159
208    -11.202
209    -50.603
210    -13.537
211    -12.984
212    -12.308
213    -14.58
214    -12.702
215    -12.833
216    -19.439
217    -16.344
218    -19.936
219    -15.793
220    -18.914
221    -13.86
222    -25.109
223    -20.176
224    -18.494999
225    -59.349
226    -18.86
227    -22.777
228    -18.979
229    -18.226
230    -22.188
231    -18.711
232    -19.657
233    -30.357
234    -17.678
235    -19.292
236    -17.235
237    -18.788
238    -17.907
239    -17.939
240    -17.766
241    -18.758
242    -17.905
243    -17.88
244    -17.878
245    -17.92
246    -17.882
247    -17.945
248    -17.815
249    -17.814
250    -17.797
251    -17.987999
252    -18.862999
253    -17.921
254    -19.167
255    -17.845
256    -16.959
257    -17.496
258    -19.63
259    -10.499
260    -4.627
261    -10.851
262    -12.01
263    -4.591
264    -4.612
265    -12.796
266    -4.6219997
267    -11.881
268    -13.509
269    -4.636
270    -12.108
271    -11.653999
272    -10.753
273    -11.757999
274    -46.179
275    -11.955
276    -11.945
277    -11.011
278    -10.245
279    -10.829
280    -11.874
281    -11.098
282    -10.618
283    -11.104
284    -8.264999
285    -11.8689995
286    -11.096
287    -11.8
288    -11.728
289    -12.938
290    -12.019
291    -10.046
292    -10.177
293    -11.977
294    -51.29
295    -14.672
296    -11.457
297    -8.632
298    -11.05
299    -10.161
300    -11.687
301    -10.503
302    -10.797
303    -53.703
304    -9.969
305    -10.959
306    -12.318
307    -12.054
308    -11.507
309    -12.9939995
310    -16.254
311    -9.283
312    -11.639999
313    -11.789
314    -11.927
315    -52.239
316    -10.041
317    -10.082
318    -9.681
319    -9.892
320    -10.636
321    -8.936
322    -8.226999
323    -10.919
324    -10.966
325    -9.566
326    -10.104
327    -11.637
328    -8.826
329    -8.94
330    -10.09
331    -44.949
332    -10.017
333    -4.744
334    -20.802
335    -4.757
336    -4.751
337    -8.711
338    -10.433
