0    -18.903
1    -19.785
2    -20.2
3    -18.847
4    -19.199
5    -18.078
6    -20.134
7    -20.309
8    -19.980999
9    -16.998
10    -13.23
11    -14.182
12    -13.156
13    -14.235
14    -11.566
15    -13.94
16    -13.983
17    -13.734
18    -16.045
19    -12.712
20    -13.268
21    -14.203
22    -13.256
23    -12.179
24    -13.1779995
25    -13.934999
26    -14.118
27    -13.288
28    -14.148
29    -17.127
30    -14.085
31    -14.152
32    -13.951
33    -21.258
34    -21.006
35    -21.009
36    -21.066
37    -21.283
38    -21.21
39    -14.149
40    -21.163
41    -12.483
42    -20.233
43    -20.967
44    -19.001
45    -13.992
46    -11.812
47    -14.154
48    -14.08
49    -13.922
50    -13.129
51    -13.169
52    -14.2439995
53    -12.257
54    -13.038
55    -12.684
56    -14.17
57    -14.059
58    -19.596
59    -21.169
60    -20.979
61    -19.885
62    -20.844
63    -19.903
64    -21.001
65    -21.13
66    -20.104
67    -29.952
68    -20.796
69    -32.047
70    -20.502
71    -20.987999
72    -21.143
73    -31.162
74    -30.816
75    -20.761
76    -21.532999
77    -20.638
78    -20.2
79    -19.829
