0    7.032
1    6.5740004
2    5.141
3    8.12
4    3.202
5    5.361
6    5.053
7    5.55
8    5.287
9    5.287
10    2.264
11    4.32
12    5.284
13    4.3190002
14    8.762
15    5.361
16    4.267
17    5.285
18    7.414
19    7.414
20    5.362
21    5.362
22    5.362
23    5.362
24    5.362
25    8.379
26    5.669
27    7.359
28    2.938
29    2.968
30    0.739
31    2.986
32    2.3140001
33    2.895
34    2.726
35    2.308
36    2.375
37    2.593
38    2.792
39    2.567
40    3.172
41    2.8200002
42    2.578
43    2.396
44    3.329
45    2.488
46    2.703
47    -19.575
48    -21.579
49    -127.495
50    -127.468
51    -127.537
52    -127.499
53    -127.532
54    -127.452
55    -127.529
56    -127.681
57    -127.539
58    -127.542
59    -127.548996
60    -127.565
61    -127.522
62    -127.45
63    -127.516
64    -127.528
65    -127.496
66    -127.493
67    -127.558
68    -127.451
69    -127.643
70    -127.574
71    -127.485
72    -127.508
73    -127.419
74    -127.474
75    -127.465
76    -127.611
77    -127.447
78    -127.517
79    -127.458
80    -127.546
81    -127.523
82    -127.439
83    -127.657
84    -127.547
85    -127.455
86    -127.519
87    -127.391
88    -127.541
89    -127.449
90    -127.523
91    -127.58
92    -127.639
93    -127.625
94    -127.615
95    -127.543
96    -127.602
97    -127.469
98    -127.46
99    -127.585
100    -127.442
101    -127.414
102    -127.632
103    -127.598
104    -127.669
105    -127.491
106    -127.514
107    -127.491
108    -127.51
109    -127.699
110    -127.52
111    -127.456
112    -127.487
113    -127.575
114    -127.676
115    -127.555
116    -127.632
117    -127.514
118    -127.612
119    -127.477
120    -127.475
121    -127.57
122    -127.515
123    -127.636
124    -127.482
125    -127.473
126    -127.649
127    -127.651
128    -127.632
129    -127.578
130    -127.522
131    -127.547
132    -127.65
133    -127.6
134    -127.501
135    -127.519
136    -127.537
137    -127.415
138    -127.41
139    -127.697
140    -127.607
141    -127.607
142    -127.335
143    -127.659
144    -127.482
145    -156.993
146    -127.494
147    -127.561
148    -127.387
149    -127.378
150    -127.496
151    -127.463
152    -127.507
153    -127.516
154    -127.61
155    -127.605
156    -127.637
157    -127.455
158    -127.525
159    -127.442
160    -127.552
161    -127.478
162    -127.506
163    -127.535
164    -127.51
165    -127.458
166    -127.449
167    -127.401
168    -127.546
169    -127.649
170    -127.672
171    -127.665
172    -127.545
173    -127.654
174    -127.393
175    -127.534
176    -127.649
177    -127.716
178    -127.773
179    -127.712
180    -127.785
181    -127.754
182    -127.778
183    -127.737
184    -127.711
185    -127.736
186    -127.703
187    -127.704
188    -127.781
189    -127.783
190    -127.74
191    -127.758
192    -127.763
193    -127.728
194    -127.65
195    -127.819
196    -127.906
197    -127.315
198    -127.405
199    -127.332
200    -127.359
201    -127.418
202    -127.343
203    -128.209
204    -128.206
205    -128.246
206    -127.42
207    -127.516
208    -127.513
209    -127.708
210    -127.612
211    -127.512
212    -4.383
213    -3.76
214    -2.3189998
215    -3.766
216    -1.964
217    -3.699
218    -2.558
219    -3.493
220    -1.716
221    -3.2779999
222    -3.797
223    -2.729
224    -2.098
225    -4.592
226    -3.393
227    -3.1729999
228    -3.603
229    -2.534
230    -2.231
231    -3.574
232    -2.058
233    -4.368
234    -3.591
235    -3.666
236    -3.343
237    -2.49
238    -3.6269999
239    -3.31
240    -2.445
241    -3.618
242    -0.94099975
243    -3.312
244    -3.687
245    -3.299
246    -3.9169998
247    -1.0489998
248    -2.5609999
249    -3.0509999
250    -2.888
251    -3.671
252    -2.3509998
253    -2.547
254    -6.965
255    -5.467
256    -6.762
257    -6.3719997
258    -3.0
259    -5.185
260    -6.469
261    -6.463
262    -6.641
263    -5.948
264    -5.984
265    -6.003
266    -6.635
267    -6.1219997
268    -6.265
269    -5.9440002
270    -5.999
271    -6.84
272    -6.514
273    -5.9049997
274    -6.528
275    -5.601
276    -5.128
277    -6.686
278    -6.603
279    -4.403
280    -6.832
281    -5.389
282    -6.244
283    -3.6609998
284    -2.6279998
285    -3.5
286    -3.4039998
287    -3.692
288    -3.9
289    -3.464
290    -3.001
291    -5.159
292    -3.774
293    -3.584
294    -3.781
295    -4.922
296    -4.104
297    -4.051
298    -5.94
299    -2.392
300    -3.039
301    -4.052
302    -4.376
303    -4.245
304    -3.382
305    -2.67
306    -3.319
307    -3.402
308    -3.185
309    -3.537
310    -3.451
311    -3.5349998
312    -3.42
313    -6.5559998
314    -3.2979999
315    -3.611
316    -6.327
317    -5.39
318    -6.439
319    -6.4379997
320    -5.46
321    -5.399
322    -6.484
323    -5.8
324    -7.357
325    -6.792
326    -6.976
327    -17.554
328    -1.907
329    -2.1729999
330    -1.885
331    -3.721
332    -16.345
333    -1.888
334    -1.894
335    -1.895
336    -1.87
337    -4.157
338    -4.368
339    -3.362
340    -7.1949997
341    -4.532
342    -6.685
343    -6.766
344    -7.084
345    -2.58
346    0.48100042
347    -3.223
348    -3.829
349    -6.991
350    -1.931
351    -6.088
352    -3.0279999
353    -1.152
354    -1.8539999
355    -3.6859999
356    -4.111
357    -3.869
358    -3.869
359    -3.914
360    -3.102
361    -2.174
362    -7.437
363    -6.512
364    -7.179
365    -4.233
366    -3.154
367    -3.06
368    -3.973
369    -4.043
370    -4.208
371    -3.6739998
372    -3.868
373    -3.909
374    -3.853
375    -4.1019998
376    -3.822
377    -4.756
378    -4.807
379    -4.329
380    -3.7519999
381    -3.867
382    -3.944
383    -3.201
384    -3.954
385    -4.016
386    -3.486
387    -7.2799997
388    -2.112
389    -7.402
390    -3.876
391    -3.7779999
392    -4.048
393    -3.599
394    -2.425
395    -3.942
396    -3.931
397    -3.3209999
398    -3.3769999
399    -4.101
400    -5.119
401    -4.454
402    -4.913
403    -4.957
404    -5.257
405    -4.232
406    -4.928
407    -7.409
408    -8.476
409    -3.4329998
410    -3.5229998
411    -1.311
412    -2.463
413    -2.4559999
414    -2.146
415    -2.146
416    -1.628
417    -10.43
418    -1.0899999
419    -2.034
420    -2.071
421    -2.15
422    -2.2979999
423    -2.152
424    -1.2479999
425    -1.928
426    -1.91
427    -2.0149999
428    -1.909
429    -4.4189997
430    -7.359
431    -2.184
432    -1.9369999
433    -3.862
434    -11.846
435    -1.867
436    -3.4589999
437    -1.878
438    -6.0559998
439    -2.267
440    -2.362
441    -1.312
442    -2.2
443    -1.861
444    -1.893
445    -1.873
446    -2.043
447    -2.0419998
448    -2.238
449    -1.7229999
450    -4.139
451    -2.347
452    -1.66
453    -4.798
454    -4.867
455    -4.83
456    0.58500004
457    0.95800006
458    2.148
459    0.47800002
460    1.8870001
461    -4.1029997
462    -1.882
463    -4.911
464    -2.258
465    -3.236
466    -3.712
467    -4.396
468    -3.2889998
469    -6.706
470    -1.891
471    -1.878
472    -4.428
473    0.53000003
474    -5.515
475    -5.616
476    -5.991
477    -7.463
478    -1.886
479    -1.878
480    -6.071
481    -6.101
482    -6.101
483    -6.101
484    -5.9969997
485    -1.6429999
486    -2.21
487    -1.905
488    -5.194
489    -5.8619995
490    -5.171
491    -1.87
492    -2.003
493    -2.25
494    -6.091
495    -6.091
496    -6.091
497    -6.387
498    -6.387
499    -6.387
500    -4.708
501    -2.258
502    -1.129
503    -1.372
504    -6.941
505    -7.201
506    -7.092
507    -8.661
508    -6.9449997
509    -6.9449997
510    -5.68
511    -2.076
512    -5.319
513    -1.852
514    -7.168
515    -6.641
516    -5.913
517    -5.5699997
518    -6.712
519    -6.712
520    -6.977
521    -6.734
522    -6.58
523    -1.907
524    -6.053
525    -1.704
526    -8.042
527    -6.165
528    -6.776
529    -5.769
530    -7.016
531    -6.062
532    -6.814
533    -6.652
534    -6.91
535    -1.859
536    -1.881
537    -1.887
538    -1.93
539    -1.875
540    -2.257
541    -5.929
542    -3.985
543    -4.047
544    -1.871
545    -1.875
546    -2.026
547    -7.1
548    -3.934
549    -3.988
550    -3.065
551    -4.164
552    -3.846
553    -1.872
554    -2.349
555    -1.829
556    -3.293
557    -5.79
558    -6.957
559    -3.718
560    -2.7299998
561    -3.7729998
562    -4.1
563    -3.981
564    -3.769
565    -3.183
566    -3.458
567    -4.156
568    -3.144
569    -3.203
570    -4.128
571    -3.159
572    -3.757
573    -4.925
574    -1.893
575    -1.891
576    -1.897
577    -5.057
578    -4.189
579    -4.109
580    -3.229
581    -9.387
582    -2.1929998
583    -2.162
584    -2.039
585    -3.9109998
586    -4.028
587    -4.076
588    -2.411
589    -1.905
590    -1.909
591    -1.878
592    -2.2129998
593    -1.8269999
594    -4.084
595    -1.907
596    -2.008
597    -1.3119999
598    -5.772
599    -7.013
600    -4.082
601    -3.6399999
602    -4.194
603    -6.606
604    -6.415
605    -6.057
606    -2.109
607    -1.448
608    -2.308
609    -1.1259999
610    -2.284
611    -5.751
612    -6.513
613    -5.667
614    -1.4389999
615    -1.8069999
616    -6.819
617    -6.245
618    -6.716
619    -2.078
620    -2.078
621    -1.894
622    -1.897
623    -1.897
624    -3.049
625    -3.118
626    -2.056
627    -0.112999916
628    -2.189
629    -2.401
630    -1.869
631    -2.146
632    -3.1759999
633    -3.132
634    -3.5609999
635    -4.101
636    -4.108
637    -1.461
638    -1.461
639    0.25100017
640    0.25100017
641    -1.907
642    -1.9
643    -1.0329999
644    -1.777
645    -1.216
646    -1.004
647    -1.561
648    -1.561
649    -1.875
650    -1.875
651    -1.88
652    -1.88
653    -0.93299985
654    -1.379
655    -2.191
656    -2.2549999
657    -1.5749999
658    -6.424
659    1.7950001
660    -1.775
661    -1.476
662    -13.701
663    -2.717
664    -3.2589998
665    -2.2389998
666    -1.4449999
667    1.462
668    -1.737
669    -1.8199999
670    0.44200003
671    -0.16599995
672    -0.46699995
673    -0.48499995
674    -1.961
675    -1.886
676    -15.301
677    -1.921
678    0.18500006
679    -0.06999993
680    -1.864
681    -6.248
682    -6.239
683    -6.416
684    0.23500001
685    1.906
686    1.566
687    -2.297
688    -5.913
689    0.9490001
690    -0.27899998
691    -3.053
692    0.58900005
693    -2.169
694    -0.02399993
695    -0.08699995
696    -0.35499996
697    -0.42899996
698    4.372
699    -0.24799997
700    0.59900004
701    -12.493
702    0.11500001
703    -3.4889998
704    -13.232
705    -0.463
706    -0.463
707    -0.36999995
708    -13.238
709    -0.552
710    3.0900002
711    -11.751
712    -0.495
713    -0.07199997
714    -0.031999946
715    1.557
716    -0.24799997
717    -0.33099997
718    1.7590001
719    2.128
720    -0.11199993
721    1.866
722    2.2670002
723    0.11400008
724    1.911
725    -0.17099994
726    1.9820001
727    -0.38699996
728    -0.38699996
729    0.30900002
730    -0.459
731    1.542
732    0.72900003
733    0.72900003
734    -1.279
735    0.549
736    0.957
737    1.666
738    0.76400006
739    0.86500007
740    0.86500007
741    -2.126
742    0.785
743    0.794
744    -2.0049999
745    -1.0279999
746    1.741
747    1.0500001
748    1.0040001
749    0.832
750    -1.7509999
751    0.79300004
752    -2.172
753    -2.172
754    1.695
755    2.97
756    -1.5239999
757    0.57600003
758    -1.888
759    -1.905
760    1.439
761    1.5320001
762    -1.881
763    0.46400002
764    -1.9
765    0.84000003
766    -1.8889999
767    1.3590001
768    -3.1759999
769    0.555
770    2.398
771    -1.6109998
772    1.156
773    -3.369
774    0.70900005
775    -1.954
776    -1.954
777    -0.095999956
778    -0.21499991
779    -3.333
780    -1.326
781    -3.295
782    -3.021
783    -2.73
784    -1.0049999
785    -1.162
786    -1.958
787    -2.446
788    -0.21599996
789    -1.936
790    -1.936
791    -1.931
792    -1.186
793    -1.186
794    -3.407
795    -2.3509998
796    -2.1209998
797    -1.152
798    -2.984
799    -3.413
800    -2.177
801    -2.603
802    -2.9299998
803    -0.678
804    -0.27099997
805    -3.3309999
806    -0.84099996
807    0.43400002
808    -1.305
809    -1.1199999
810    -2.7529998
811    -1.936
812    -3.2389998
813    -1.282
814    -1.977
815    0.522
816    0.95400006
817    0.757
818    -1.8659999
819    -3.542
820    1.312
821    0.595
822    0.522
823    0.961
824    0.674
825    -0.376
826    0.025000095
827    0.08400011
828    0.5370002
829    -0.025999963
830    2.596
831    -1.035
832    1.411
833    2.4380002
834    1.7520001
835    1.7390001
836    1.974
837    1.2639999
838    1.724
839    1.493
840    1.661
841    1.743
842    1.537
843    1.58
844    2.639
845    2.005
846    1.37
847    1.656
848    1.426
849    1.6620001
850    1.47
851    1.365
852    2.756
853    -0.21399999
854    1.4300001
855    1.404
856    1.334
857    1.984
858    1.9250001
859    2.928
860    2.161
861    1.413
862    2.639
863    1.501
864    1.517
865    1.3740001
866    1.278
867    1.9250001
868    1.455
869    1.599
870    1.694
871    2.2220001
872    1.6600001
873    1.599
874    1.376
875    1.376
876    2.02
877    1.768
878    1.6760001
879    1.613
880    1.4430001
881    1.451
882    1.5780001
883    1.539
884    1.723
885    2.0830002
886    1.79
887    2.581
888    -1.638
889    1.468
890    1.1600001
891    0.53900003
892    0.61700004
893    0.245
894    1.383
895    1.6990001
896    1.639
897    1.632
898    1.632
899    2.13
900    1.553
901    1.406
902    -0.31899995
903    1.507
904    2.618
905    -0.486
906    1.609
907    1.609
908    1.586
909    1.5710001
910    -2.543
911    1.702
912    1.776
913    3.135
914    1.618
915    1.511
916    -0.39
917    1.3870001
918    1.723
919    1.735
920    1.4860001
921    -0.49799997
922    1.524
923    1.774
924    2.012
925    2.2350001
926    1.39
927    1.977
928    -0.41999996
929    0.99200004
930    0.99200004
931    1.454
932    1.7090001
933    1.189
934    0.623
935    1.424
936    1.727
937    2.144
938    1.316
939    1.316
940    1.464
941    2.165
942    2.404
943    1.646
944    1.646
945    1.418
946    0.84200007
947    1.289
948    0.40700006
949    1.207
950    1.9250001
951    1.7550001
952    1.974
953    1.55
954    2.099
955    0.708
956    1.4250001
957    1.413
958    2.17
959    1.5380001
960    1.391
961    1.71
962    1.702
963    1.72
964    0.804
965    1.1700001
966    2.996
967    0.98600006
968    1.5480001
969    1.455
970    1.455
971    -1.903
972    1.523
973    1.633
974    1.468
975    1.2980001
976    0.22100002
977    0.83100003
978    0.53300005
979    0.98
980    1.355
981    1.463
982    1.7360001
983    2.567
984    2.567
985    3.0470002
986    0.87000006
987    1.434
988    1.0250001
989    0.619
990    1.691
991    1.875
992    -3.095
993    1.789
994    1.491
995    1.529
996    3.328
997    0.61700004
998    0.73600006
999    1.339
1000    1.504
1001    1.511
1002    1.8340001
1003    1.695
1004    0.83000004
1005    2.4080002
1006    0.81200004
1007    0.795
1008    1.363
1009    1.445
1010    0.79700005
1011    1.602
1012    1.6530001
1013    1.313
1014    1.593
1015    1.368
1016    0.71900004
1017    1.823
1018    1.773
1019    1.626
1020    2.79
1021    1.498
1022    0.61
1023    1.625
1024    1.625
1025    1.702
1026    1.621
1027    0.92100006
1028    1.167
1029    1.306
1030    1.7030001
1031    1.7030001
1032    1.61
1033    1.5320001
1034    1.658
1035    -1.4649999
1036    1.881
1037    1.6170001
1038    1.9030001
1039    1.5910001
1040    1.411
1041    0.89400005
1042    1.348
1043    0.65900004
1044    0.76400006
1045    1.3740001
1046    9.005
1047    1.491
1048    1.477
1049    1.905
1050    1.677
1051    1.246
1052    1.839
1053    1.418
1054    1.418
1055    0.675
1056    1.7980001
1057    1.327
1058    -3.179
1059    0.75900006
1060    0.90000004
1061    0.99300003
1062    0.05000007
1063    3.5310001
1064    0.55
1065    1.487
1066    1.418
1067    0.60300004
1068    1.7960001
1069    2.911
1070    0.74
1071    -2.36
1072    0.61600006
1073    2.055
1074    1.669
1075    1.6040001
1076    0.80500007
1077    0.73800004
1078    2.1350002
1079    0.989
1080    1.649
1081    1.5780001
1082    1.84
1083    1.327
1084    1.612
1085    0.99700004
1086    -0.082999945
1087    1.769
1088    2.3590002
1089    1.603
1090    0.77300006
1091    1.2550001
1092    1.6620001
1093    1.369
1094    1.143
1095    0.95100003
1096    1.07
1097    1.73
1098    1.763
1099    1.2240001
1100    1.687
1101    1.348
1102    1.75
1103    1.296
1104    -0.75399995
1105    0.776
1106    1.6
1107    0.51900005
1108    1.6530001
1109    1.501
1110    2.9310002
1111    1.9200001
1112    1.449
1113    0.71300006
1114    0.79
1115    0.813
1116    0.76900005
1117    1.7950001
1118    0.874
1119    1.4810001
1120    1.592
1121    0.94500005
1122    1.9560001
1123    2.7530003
1124    1.1930001
1125    2.137
1126    0.721
1127    0.64900005
1128    1.658
1129    0.767
1130    1.6040001
1131    2.284
1132    0.9480001
1133    1.396
1134    1.4330001
1135    0.94900006
1136    1.369
1137    1.504
1138    1.2750001
1139    1.7880001
1140    2.023
1141    1.513
1142    0.60700005
1143    0.83500004
1144    0.70600003
1145    1.7960001
1146    1.7880001
1147    1.7880001
1148    3.0470002
1149    1.714
1150    0.51900005
1151    1.446
1152    1.5680001
1153    0.80100006
1154    0.97400004
1155    1.217
1156    0.65800005
1157    1.5020001
1158    1.609
1159    1.559
1160    1.151
1161    1.623
1162    2.078
1163    0.763
1164    2.3930001
1165    -1.413
1166    0.86700004
1167    2.164
1168    0.87500006
1169    1.655
1170    2.178
1171    1.608
1172    1.619
1173    1.472
1174    -1.288
1175    1.8370001
1176    1.593
1177    1.3870001
1178    0.72400004
1179    1.4860001
1180    1.498
1181    1.418
1182    0.93200004
1183    -2.126
1184    0.68600005
1185    1.369
1186    0.99700004
1187    1.352
1188    2.1220002
1189    2.134
1190    1.8
1191    0.628
1192    0.86600006
1193    0.998
1194    0.84800005
1195    1.437
1196    1.487
1197    1.577
1198    0.71900004
1199    1.918
1200    1.922
1201    0.82500005
1202    1.217
1203    0.605
1204    1.047
1205    2.299
1206    1.583
1207    3.068
1208    2.072
1209    1.371
1210    1.781
1211    0.97300005
1212    0.93900007
1213    0.588
1214    0.90000004
1215    0.92200005
1216    1.7160001
1217    1.465
1218    1.465
1219    1.313
1220    0.924
1221    1.404
1222    1.616
1223    3.176
1224    0.76500005
1225    2.088
1226    1.682
1227    0.836
1228    1.9860001
1229    1.816
1230    1.383
1231    0.86100006
1232    0.725
1233    0.74100006
1234    0.58400005
1235    1.6860001
1236    1.6860001
1237    2.124
1238    1.576
1239    1.9250001
1240    1.553
1241    1.4350001
1242    0.97400004
1243    0.734
1244    0.78300005
1245    0.64400005
1246    2.395
1247    1.8360001
1248    1.654
1249    1.654
1250    1.654
1251    1.654
1252    1.9460001
1253    1.325
1254    1.325
1255    1.621
1256    1.141
1257    3.2940001
1258    1.362
1259    1.3640001
1260    1.5
1261    2.376
1262    1.464
1263    1.964
1264    1.891
1265    0.757
1266    -2.209
1267    1.026
1268    0.994
1269    1.474
1270    0.59800005
1271    1.575
1272    2.087
1273    1.334
1274    2.0370002
1275    -0.23599994
1276    3.91
1277    0.93500006
1278    1.675
1279    1.1240001
1280    2.2800002
1281    1.3510001
1282    2.652
1283    1.585
1284    1.491
1285    0.97
1286    1.014
1287    1.373
1288    0.554
1289    1.6300001
1290    1.7160001
1291    1.521
1292    1.521
1293    0.77800006
1294    1.299
1295    0.94000006
1296    1.58
1297    0.97700006
1298    2.012
1299    1.4660001
1300    0.61300004
1301    1.565
1302    1.418
1303    1.612
1304    0.65800005
1305    0.532
1306    0.97800004
1307    1.622
1308    1.602
1309    2.555
1310    1.563
1311    1.563
1312    0.78800005
1313    0.2240001
1314    0.93700004
1315    1.263
1316    1.4070001
1317    1.636
1318    1.4120001
1319    0.76500005
1320    1.335
1321    1.4300001
1322    1.4070001
1323    1.98
1324    0.63900006
1325    1.794
1326    0.568
1327    1.2090001
1328    1.747
1329    1.747
1330    1.786
1331    1.7260001
1332    1.415
1333    1.609
1334    1.609
1335    1.6930001
1336    0.73200005
1337    0.69100004
1338    1.53
1339    -0.89199996
1340    1.598
1341    1.7520001
1342    1.668
1343    2.1290002
1344    1.8410001
1345    1.396
1346    -6.678
1347    0.896
1348    0.78800005
1349    0.924
1350    1.994
1351    0.712
1352    1.6800001
1353    1.868
1354    0.85700005
1355    1.803
1356    1.8470001
1357    1.76
1358    1.0250001
1359    1.6040001
1360    2.9120002
1361    1.498
1362    0.67300004
1363    0.823
1364    1.708
1365    1.427
1366    1.521
1367    2.0
1368    1.843
1369    1.385
1370    1.546
1371    1.4790001
1372    -1.497
1373    1.334
1374    -2.9559999
1375    1.687
1376    1.687
1377    -5.149
1378    1.684
1379    0.78800005
1380    0.77800006
1381    0.9480001
1382    -0.19599998
1383    1.944
1384    -0.22499996
1385    -0.22399998
1386    0.55700004
1387    0.726
1388    0.94200003
1389    0.18900001
1390    1.842
1391    0.87200004
1392    0.674
1393    -0.811
1394    0.68600005
1395    1.7870001
1396    0.96900004
1397    0.809
1398    -0.42799997
1399    0.637
1400    -0.065999985
1401    0.82500005
1402    -0.23499995
1403    -0.082999945
1404    1.031
1405    0.9480001
1406    0.9710001
1407    1.905
1408    0.596
1409    0.67300004
1410    1.075
1411    0.74500006
1412    0.758
1413    0.726
1414    0.614
1415    0.82600003
1416    0.665
1417    0.78200006
1418    0.95900005
1419    -2.979
1420    0.06800008
1421    -1.208
1422    -3.189
1423    -1.339
1424    -1.201
1425    -1.2219999
1426    -0.27599996
1427    -0.01699996
1428    1.0830001
1429    -0.052999973
1430    0.67700005
1431    -0.22799999
1432    1.6630001
1433    -0.269
1434    0.943
1435    0.91800004
1436    0.30400002
1437    0.666
1438    0.97700006
1439    0.88500005
1440    0.38300002
1441    0.832
1442    0.697
1443    0.91
1444    0.683
1445    0.95400006
1446    0.92300004
1447    -0.27099997
1448    1.8100001
1449    0.89100003
1450    0.65800005
1451    -0.18399996
1452    -1.486
1453    -0.10499996
1454    1.8240001
1455    1.069
1456    -0.06499994
1457    1.0630001
1458    -0.072999954
1459    -0.13799995
1460    0.07200003
1461    0.66300005
1462    1.159
1463    0.110000014
1464    0.8880001
1465    -0.37199998
1466    1.0250001
1467    -0.15699995
1468    0.808
1469    -0.04399997
1470    1.0550001
1471    -0.38199997
1472    -0.0019999743
1473    -4.119
1474    0.222
1475    0.78700006
1476    0.938
1477    1.006
1478    1.678
1479    1.1090001
1480    0.82100004
1481    0.98800004
1482    -0.09199995
1483    1.1240001
1484    0.814
1485    0.74
1486    0.70100003
1487    0.80500007
1488    0.59000003
1489    -0.15099996
1490    0.71300006
1491    -0.56799996
1492    -0.22299999
1493    -0.22799999
1494    0.76500005
1495    0.11500001
1496    0.606
1497    -0.054999948
1498    0.823
1499    -0.5919999
1500    1.717
1501    -0.37399995
1502    0.20700002
1503    0.68100005
1504    -0.11099994
1505    -0.46599996
1506    0.814
1507    -0.45799994
1508    0.91400003
1509    1.08
1510    -0.052999973
1511    0.71800005
1512    0.20000005
1513    1.0480001
1514    0.31300008
1515    -0.16799998
1516    0.95100003
1517    -1.262
1518    1.8540001
1519    0.58400005
1520    0.69200003
1521    0.052000046
1522    -0.13699996
1523    -0.16199994
1524    -0.26
1525    0.12400007
1526    1.891
1527    0.11500001
1528    -0.31699997
1529    0.21000004
1530    0.84300005
1531    0.23600006
1532    0.757
1533    -0.17999995
1534    -0.07499993
1535    -0.051999927
1536    0.08100009
1537    1.0780001
1538    -0.082999945
1539    0.771
1540    -5.871
1541    1.8310001
1542    -0.28099996
1543    -0.014999926
1544    0.67
1545    -0.25499994
1546    -0.068999946
1547    0.88400006
1548    -0.10099995
1549    0.4690001
1550    0.772
1551    -0.34699994
1552    -0.08899993
1553    0.15900004
1554    1.0430001
1555    -0.12999994
1556    0.76600003
1557    0.76600003
1558    0.99300003
1559    0.93000007
1560    0.35100007
1561    0.86
1562    -0.21999997
1563    0.67300004
1564    0.75000006
1565    0.3080001
1566    0.13700008
1567    1.6830001
1568    -0.36399996
1569    1.276
1570    1.289
1571    -0.27599996
1572    -0.037999928
1573    -0.265
1574    0.758
1575    1.0200001
1576    0.0
1577    0.80500007
1578    0.059000015
1579    0.65500003
1580    0.98700005
1581    0.69600004
1582    0.906
1583    0.83800006
1584    -0.872
1585    0.87600005
1586    -0.22299999
1587    0.97
1588    0.40400004
1589    1.2540001
1590    -0.09699994
1591    1.2900001
1592    0.77500004
1593    0.657
1594    0.89600015
1595    1.036
1596    0.455
1597    0.07000005
1598    0.84000003
1599    -0.34199995
1600    0.61800003
1601    1.7990001
1602    -0.29599994
1603    0.80100006
1604    0.116000056
1605    0.78200006
1606    0.883
1607    0.046000004
1608    1.1730001
1609    0.148
1610    -0.18799996
1611    -0.306
1612    0.52400005
1613    -0.061999977
1614    2.204
1615    1.8280001
1616    0.66700006
1617    -0.11399996
1618    0.018000007
1619    0.675
1620    0.86100006
1621    0.785
1622    -0.408
1623    0.097
1624    0.94200003
1625    -0.43199998
1626    0.04100001
1627    0.89900005
1628    1.0530001
1629    0.799
1630    1.0840001
1631    0.754
1632    1.3460001
1633    1.952
1634    -1.869
1635    -1.883
1636    -1.5949999
1637    0.7570001
1638    -0.17199993
1639    0.025000095
1640    -0.36699998
1641    -1.6559999
1642    -1.5869999
1643    -0.20899999
1644    -2.014
1645    0.08700001
1646    -1.8679999
1647    -1.897
1648    -1.888
1649    0.0010000467
1650    -1.6609999
1651    -0.33999997
1652    -1.8399999
1653    0.4840001
1654    0.6780001
1655    -1.881
1656    0.84400004
1657    0.76400006
1658    -0.42999995
1659    -0.21199995
1660    -0.31599998
1661    -1.8909999
1662    -1.893
1663    -3.044
1664    -2.644
1665    -1.949
1666    -1.9159999
1667    -0.40599996
1668    -2.171
1669    -0.23899996
1670    -2.0379999
1671    -0.0029999614
1672    -8.651
1673    0.07300007
1674    -1.589
1675    -0.47499996
1676    0.25300002
1677    0.025000095
1678    -2.069
1679    0.06400001
1680    -2.156
1681    0.0020000935
1682    -2.077
1683    -0.11799997
1684    -2.1859999
1685    -0.36699998
1686    -1.7129999
1687    -0.20299995
1688    -0.30799997
1689    -1.902
1690    -0.46499997
1691    -1.879
1692    5.6
1693    -1.899
1694    -1.87
1695    0.22000003
1696    -2.109
1697    -1.875
1698    -4.223
1699    -2.032
1700    -0.16299999
1701    -2.401
1702    0.11900008
1703    -0.27899998
1704    -1.913
1705    0.286
1706    -1.878
1707    -0.16999996
1708    -2.0379999
1709    0.23700011
1710    -1.887
1711    0.63500005
1712    -1.901
1713    0.39200008
1714    -1.895
1715    0.006000042
1716    -2.215
1717    -2.093
1718    -1.8889999
1719    -0.13999999
1720    -1.88
1721    0.1960001
1722    -1.9
1723    -1.946
1724    0.23800004
1725    -1.891
1726    -1.893
1727    -0.46699995
1728    -1.918
1729    0.34800005
1730    -1.878
1731    -0.07899994
1732    -1.896
1733    0.86100006
1734    -1.872
1735    -1.909
1736    -1.876
1737    -1.882
1738    -1.1459999
1739    -1.2739999
1740    -1.811
1741    0.85300004
1742    1.0150001
1743    -0.07999992
1744    0.143
1745    0.19200003
1746    -1.8
1747    -0.027999938
1748    -2.007
1749    0.060000062
1750    -2.164
1751    0.712
1752    -0.24799997
1753    0.99000007
1754    -2.012
1755    -0.39699996
1756    -1.9779999
1757    -0.18699998
1758    -0.28099996
1759    0.734
1760    -2.201
1761    -0.11199993
1762    -1.923
1763    -0.23699999
1764    -2.15
1765    0.06400001
1766    -0.311
1767    -0.29399997
1768    -0.13499993
1769    -0.17499995
1770    -0.05799997
1771    1.0150001
1772    0.01700008
1773    0.07300007
1774    -1.885
1775    -1.882
1776    -0.32099998
1777    0.35200012
1778    -0.031999946
1779    -1.895
1780    -1.885
1781    -0.25299996
1782    -2.183
1783    0.71300006
1784    0.74
1785    -1.3429999
1786    -2.217
1787    -0.22899997
1788    0.3390001
1789    -1.8449999
1790    0.066000104
1791    -1.3529999
1792    -0.14599997
1793    -0.08699995
1794    -3.48
1795    -2.1209998
1796    0.103000045
1797    0.73700005
1798    -1.5739999
1799    -0.08799994
1800    -0.80999994
1801    -2.1139998
1802    -0.04699993
1803    -2.1299999
1804    -0.33999997
1805    -1.7019999
1806    1.2600001
1807    -1.7379999
1808    -1.9619999
1809    0.10400009
1810    -1.5079999
1811    -2.319
1812    0.03000009
1813    0.05700004
1814    -2.308
1815    0.38600004
1816    -2.162
1817    -1.3389999
1818    -1.3189999
1819    0.34600008
1820    -0.26999998
1821    -2.1399999
1822    -1.971
1823    0.4000001
1824    -0.43799996
1825    -2.218
1826    0.019000053
1827    -1.894
1828    -0.12399995
1829    -0.01999998
1830    -2.0049999
1831    1.8690001
1832    -2.221
1833    0.05400002
1834    -1.8189999
1835    -0.032999933
1836    1.3060001
1837    -2.125
1838    -0.34999996
1839    -0.22899997
1840    -2.1859999
1841    -1.8199999
1842    -2.406
1843    -1.1689999
1844    -0.77699995
1845    -0.63199997
1846    -1.8039999
1847    -2.03
1848    -0.9159999
1849    -2.161
1850    -1.3039999
1851    -2.2
1852    -0.99399996
1853    -2.116
1854    -0.89199996
1855    -1.085
1856    -1.887
1857    -1.2409999
1858    -1.798
1859    -0.992
1860    2.5140004
1861    -1.9619999
1862    -2.133
1863    -0.91499996
1864    -2.146
1865    -2.034
1866    -0.67499995
1867    -0.93799996
1868    -1.823
1869    -0.4619999
1870    -1.897
1871    -0.673
1872    -1.9469999
1873    -1.892
1874    -1.16
1875    -1.154
1876    -1.1129999
1877    -1.7559999
1878    -1.0519999
1879    -1.708
1880    -1.252
1881    -1.9629999
1882    0.98100007
1883    -1.3039999
1884    -1.798
1885    -1.5029999
1886    -1.846
1887    -4.015
1888    -1.385
1889    -0.576
1890    -2.12
1891    -1.269
1892    -1.4819999
1893    -1.369
1894    -1.788
1895    -0.844
1896    -1.5049999
1897    -0.9619999
1898    -2.124
1899    -1.016
1900    -1.185
1901    -0.8449999
1902    -1.5159999
1903    0.4080001
1904    -1.8149999
1905    -0.85899997
1906    -1.6739999
1907    0.1910001
1908    -1.4729999
1909    0.0
1910    -1.5029999
1911    -0.37899995
1912    -1.8139999
1913    0.485
1914    -1.171
1915    -1.848
1916    0.20400012
1917    -1.9169999
1918    -0.04699993
1919    -1.888
1920    3.273
1921    -1.887
1922    0.10900009
1923    -1.887
1924    0.051
1925    -0.024999976
1926    -1.757
1927    0.13600004
1928    -1.918
1929    -1.6179999
1930    0.18800008
1931    -1.923
1932    -1.5009999
1933    -0.041999936
1934    -2.065
1935    0.0010000467
1936    -0.979
1937    -1.8
1938    0.42600012
1939    -1.249
1940    -1.3979999
1941    -0.709
1942    0.6940001
1943    -1.9449999
1944    0.3160001
1945    -1.852
1946    0.273
1947    0.33300006
1948    -1.851
1949    -1.949
1950    0.038000107
1951    0.8510001
1952    -0.86899996
1953    -2.069
1954    0.40100002
1955    -2.131
1956    -0.03699994
1957    -1.864
1958    0.50100005
1959    -1.2349999
1960    0.5200001
1961    -0.10899997
1962    0.8390001
1963    -1.3469999
1964    -1.78
1965    -0.07399994
1966    -1.928
1967    0.90600014
1968    0.6070001
1969    5.191
1970    -1.183
1971    -1.6919999
1972    -1.311
1973    -1.398
1974    -2.049
1975    -1.112
1976    -1.8779999
1977    -1.856
1978    0.86300004
1979    -1.871
1980    -1.2
1981    -1.9009999
1982    -1.1759999
1983    -0.9929999
1984    -1.9369999
1985    -1.352
1986    -1.8939999
1987    -1.7629999
1988    -1.852
1989    -1.0639999
1990    -1.237
1991    -1.873
1992    -3.1599998
1993    -1.865
