0    -2.416
1    -2.523
2    -2.451
3    -3.4889998
4    -2.432
5    -2.508
6    -4.581
7    -4.512
8    -4.582
9    -2.514
10    -4.529
11    -4.54
12    -4.625
13    -3.545
14    -4.6
15    -4.6219997
16    -4.582
17    -4.629
18    -2.613
19    -2.5609999
20    -3.458
21    -2.4359999
22    -3.579
23    -3.573
24    -4.574
25    -4.568
26    -4.552
27    -2.583
28    -4.521
29    -3.547
30    -3.573
31    -3.517
32    -3.584
33    -4.596
34    -4.595
35    -3.5809999
36    -2.4689999
37    -2.536
38    -2.484
39    -3.5049999
40    -3.5
41    -2.497
42    -3.519
43    -2.508
44    -3.454
45    -3.521
46    -2.5609999
47    -3.501
48    -3.519
49    -2.518
50    -3.511
51    -2.499
52    -3.4819999
53    -2.5
54    -2.483
55    -2.538
56    -2.4689999
57    -2.552
58    -2.48
59    -2.447
60    -2.499
61    -2.521
62    -1.502
63    -2.522
64    -1.563
65    -1.533
66    -2.506
67    -2.473
68    -2.509
69    -2.481
70    -1.4849999
71    -1.533
72    -1.51
73    -2.446
74    -1.512
75    -2.463
76    -2.486
77    -3.458
78    -1.52
79    -1.523
80    -2.501
81    -3.42
82    -2.5279999
83    -1.528
84    -2.454
85    -1.546
86    -2.5149999
87    -1.555
88    -2.523
89    -2.51
90    -2.467
91    -1.52
92    -2.517
93    -1.529
94    -2.525
95    -2.485
96    -1.5189999
97    -2.523
98    -2.485
99    -2.5479999
100    -2.5279999
101    -2.555
102    -1.5189999
103    -3.508
104    -2.511
105    -2.48
106    -1.454
107    -2.4299998
108    -1.518
109    -2.49
110    -2.4720001
111    -1.497
112    -2.47
113    -2.504
114    -1.502
115    -2.451
116    -2.474
117    -2.514
118    -1.5419999
119    -2.519
120    -1.517
121    -2.473
122    -2.492
123    -1.509
124    -2.459
125    -2.473
126    -2.463
127    -1.539
128    -2.56
129    -2.544
130    -1.55
131    -2.413
132    -2.509
133    -2.525
134    -2.543
135    -2.556
136    -2.533
137    -2.396
138    -1.545
139    -2.471
140    -1.579
141    -2.562
142    -2.485
143    -1.428
144    -2.509
145    -2.5
146    -2.5609999
147    -1.619
148    -2.518
149    -2.52
150    -2.516
151    -1.487
152    -2.5019999
153    -1.555
154    -2.5049999
155    -2.506
156    -1.507
157    -2.521
158    -2.508
159    -2.497
160    -1.525
161    -2.5349998
162    -1.577
163    -2.533
164    -2.517
165    -1.549
166    -2.492
167    -2.522
168    -2.523
169    -1.536
170    -2.508
171    -2.53
172    -1.5209999
173    -2.563
174    -1.518
175    -2.514
176    -1.5669999
177    -2.5349998
178    -2.556
179    -2.5
180    -1.527
181    -2.559
182    -2.547
183    -1.579
184    -2.571
185    -2.529
186    -2.52
187    -1.571
188    -2.531
189    -2.562
190    -1.573
191    -2.5349998
192    -1.5189999
193    -2.523
194    -2.504
195    -1.538
196    -1.537
197    -2.382
198    -1.571
199    -2.56
200    -1.709
201    -2.531
202    -2.563
203    -2.542
204    -1.545
205    -2.529
206    -1.551
207    -2.537
208    -2.518
209    -2.55
210    -2.527
211    -2.362
212    -2.582
213    -1.574
214    -2.5609999
215    -2.553
216    -2.567
217    -1.546
218    -2.5609999
219    -1.528
220    -2.534
221    -2.52
222    -2.526
223    -1.5339999
224    -2.57
225    -2.565
226    -1.594
227    -2.552
228    -2.578
229    -1.5699999
230    -2.557
231    -1.575
232    -2.532
233    -2.582
234    -1.576
235    -1.579
236    -2.598
237    -2.553
238    -1.578
239    -2.52
240    -2.554
241    -2.563
242    -1.569
243    -2.538
244    -1.575
245    -2.4759998
246    -2.54
247    -1.525
248    -2.549
249    -2.491
250    -1.568
251    -2.2849998
252    -2.55
253    -2.56
254    -1.5139999
255    -2.554
256    -2.54
257    -1.594
258    -2.504
259    -2.576
260    -2.58
261    -1.4189999
262    -2.566
263    -1.582
264    -1.5239999
265    -2.4889998
266    -2.567
267    -1.579
268    -2.553
269    -1.5699999
270    -2.539
271    -2.549
272    -1.5699999
273    -1.5699999
274    -2.563
275    -2.501
276    -1.527
277    -1.528
278    -1.55
279    -2.544
280    -2.542
281    -1.548
282    -2.533
283    -1.545
284    -2.585
285    -2.481
286    -2.503
287    -2.554
288    -2.54
289    -1.562
290    -1.582
291    -2.573
292    -2.5279999
293    -2.52
294    -1.656
295    -2.675
296    -2.549
297    -1.3629999
298    -2.4689999
299    -2.549
300    -2.5479999
301    -1.563
302    -2.5609999
303    -1.5439999
304    -2.546
305    -2.557
306    -1.495
307    -2.571
308    -2.546
309    -1.5649999
310    -2.536
311    -2.438
312    -1.583
313    -2.53
314    -2.532
315    -1.448
316    -2.477
317    -1.572
318    -2.522
319    -2.577
320    -2.565
321    -1.4749999
322    -2.554
323    -1.562
324    -2.523
325    -2.522
326    -2.579
327    -1.564
328    -2.554
329    -2.51
330    -1.577
331    -2.517
332    -1.581
333    -2.539
334    -2.582
335    -1.53
336    -2.574
337    -2.5609999
338    -2.5809999
339    -1.576
340    -1.576
341    -2.484
342    -2.5019999
343    -1.533
344    -2.538
345    -2.541
346    -1.531
347    -2.4819999
348    -2.593
349    -2.571
350    -1.56
351    -2.593
352    -2.571
353    -1.56
354    -2.537
355    -1.543
356    -1.543
357    -2.537
358    -2.595
359    -2.586
360    -1.532
361    -1.549
362    -2.592
363    -2.583
364    -1.543
365    -2.467
366    -1.365
367    -2.605
368    -2.483
369    -1.573
370    -2.5479999
371    -2.543
372    -2.534
373    -2.55
374    -2.582
375    -2.525
376    -1.531
377    -1.54
378    -2.497
379    -1.548
380    -1.538
381    -1.51
382    -2.55
383    -2.543
384    -2.573
385    -1.6
386    -2.555
387    -1.5669999
388    -1.543
389    -2.545
390    -1.559
391    -2.545
392    -2.579
393    -1.558
394    -2.544
395    -2.5279999
396    -1.517
397    -2.575
398    -2.553
399    -1.5109999
400    -2.54
401    -2.586
402    -1.535
403    -2.589
404    -2.556
405    -1.5469999
406    -2.586
407    -2.572
408    -1.5239999
409    -2.591
410    -2.542
411    -1.5439999
412    -2.585
413    -2.589
414    -1.562
415    -2.626
416    -2.572
417    -1.581
418    -2.56
419    -2.519
420    -1.5669999
421    -2.592
422    -2.582
423    -2.587
424    -1.574
425    -2.54
426    -1.564
427    -2.534
428    -1.598
429    -1.591
430    -1.5899999
431    -2.6069999
432    -1.564
433    -1.599
434    -2.5049999
435    -2.549
436    -1.596
437    -1.596
438    -1.5669999
439    -2.564
440    -1.585
441    -1.562
442    -2.558
443    -1.596
444    -1.602
445    -2.557
446    -1.572
447    -1.568
448    -1.5899999
449    -2.5479999
450    -2.588
451    -1.576
452    -2.587
453    -2.589
454    -1.596
455    -2.588
456    -1.599
457    -2.573
458    -1.578
459    -2.577
460    -2.562
461    -2.608
462    -1.584
463    -2.562
464    -2.583
465    -1.551
466    -2.602
467    -2.575
468    -1.577
469    -2.582
470    -2.592
471    -1.5669999
472    -2.567
473    -2.591
474    -1.589
475    -2.579
476    -2.62
477    -1.622
478    -2.538
479    -1.623
480    -1.605
481    -2.55
482    -1.563
483    -2.6269999
484    -2.546
485    -2.62
486    -1.601
487    -2.53
488    -2.6269999
489    -2.578
490    -2.593
491    -1.571
492    -2.541
493    -2.62
494    -2.526
495    -2.621
496    -1.6029999
497    -1.592
498    -2.617
499    -2.543
500    -1.582
501    -2.52
502    -2.625
503    -1.5929999
504    -2.614
505    -2.567
506    -1.583
507    -1.619
508    -2.57
509    -2.621
510    -2.526
511    -2.549
512    -1.538
513    -2.516
514    -2.613
515    -1.584
516    -2.486
517    -2.61
518    -1.568
519    -2.532
520    -2.615
521    -1.578
522    -2.499
523    -2.613
524    -1.592
525    -1.622
526    -2.626
527    -2.543
