0    -34.0
1    -34.352
2    -33.468
3    -34.495
4    -33.995
5    -33.445
6    -33.69
7    -37.722
8    -34.38
9    -34.405
10    -38.052
11    -28.434
12    -28.382
13    -27.722
14    -28.502
15    -28.901
16    -28.762
17    -28.723
18    -28.717
19    -27.48
20    -28.591
21    -27.579
22    -28.405
23    -27.795
24    -28.963
25    -28.773
26    -28.484
27    -27.652
28    -28.208
29    -28.559
30    -28.761
31    -27.413
32    -28.595
33    -28.243
34    -28.944
35    -28.579
36    -28.274
37    -28.817
38    -28.555
39    -28.44
40    -28.226
41    -28.507
42    -28.722
43    -28.218
44    -28.34
45    -28.653
46    -28.521
47    -28.494
48    -28.632
49    -12.075
50    -11.715
51    -28.916
52    -11.545
53    -28.797
54    -13.099
55    -28.682
56    -13.04
57    -28.319
58    -12.23
59    -28.953
60    -10.305
61    -28.742
62    -10.887
63    -28.674
64    -10.226
65    -28.332
66    -12.1189995
67    -28.506
68    -11.93
69    -27.75
70    -9.169
71    -28.288
72    -12.016
73    -10.931
74    -28.598999
75    -26.729
76    -11.848
77    -28.582
78    -10.761
79    -27.496
80    -7.222
81    -28.921
82    -11.64
83    -28.453
84    -9.982
85    -27.861
86    -11.791
87    -28.516
88    -28.654
89    -7.845
90    -28.411
91    -28.845
92    -7.833
93    -28.744
94    -28.744999
95    -5.606
96    -28.316
97    -6.906
98    -26.829
99    -6.8389997
100    -29.034
101    -28.635
102    -26.068
103    -7.437
104    -6.812
105    -27.531
106    -28.254
107    -8.402
108    -27.589
109    -5.044
110    -27.568
111    -28.871
112    -6.366
113    -28.654
114    -8.894
115    -28.467
116    -7.267
117    -28.898
118    -11.892
119    -27.704
120    -9.058
121    -28.374
122    -8.634
123    -28.814
124    -8.97
125    -27.491
126    -5.831
127    -28.76
128    -6.342
129    -28.971
130    -8.526
131    -26.784
132    -8.964
133    -28.537
134    -11.21
135    -8.472
136    -28.579
137    -28.753
138    -11.922
139    -28.411
140    -9.176
141    -27.554
142    -7.502
143    -11.792
144    -28.556
145    -11.207
146    -27.226
147    -5.927
148    -26.761
149    -11.532
150    -27.622
151    -7.167
152    -28.955
153    -9.873
154    -10.976
155    -28.624
156    -12.039
157    -28.758
158    -9.845
159    -28.783
160    -9.845
161    -28.007
162    -11.965
163    -28.494999
164    -11.605
165    -28.230999
166    -12.0
167    -28.325
168    -7.2019997
169    -28.873
170    -13.027
171    -11.222
172    -28.373
173    -27.727
174    -6.22
175    -28.578
176    -10.961
177    -28.471
178    -5.1949997
179    -28.358
180    -10.995
181    -28.53
182    -8.181
183    -28.531
184    -10.934
185    -28.314
186    -6.444
187    -28.573
188    -12.034
189    -27.427
190    -9.043
191    -28.534
192    -11.1119995
193    -10.89
194    -28.893
195    -12.012
196    -28.267
197    -28.729
198    -12.049
199    -28.912
200    -11.605
201    -33.995
202    -10.438
203    -33.48
204    -11.413
205    -34.134
206    -10.871
207    -34.608
208    -34.18
209    -34.256
210    -34.426
211    -34.1
212    -34.1
213    -33.351
214    -33.828
215    -33.922
216    -33.786
217    -33.986
218    -34.721
219    -34.481
220    -33.362
221    -34.426
222    -34.293
223    -34.366
224    -34.099
225    -34.327
226    -34.815
227    -34.404
228    -34.071
229    -34.135
230    -34.684
231    -34.592
232    -34.436
233    -34.284
234    -34.291
235    -34.548
236    -34.165
237    -34.646
238    -34.414
239    -34.336998
240    -34.56
241    -34.179
242    -34.54
243    -34.661
244    -34.214
245    -33.439
246    -34.27
247    -34.065998
248    -34.225
249    -33.333
250    -34.36
251    -34.34
252    -34.309
253    -33.95
254    -34.488
255    -34.356
256    -34.599
257    -34.165
258    -34.808
259    -34.515
260    -34.54
261    -34.393
262    -33.634
263    -32.961998
264    -34.156
265    -34.297
266    -34.391
267    -34.386
268    -33.7
269    -33.414
270    -34.267
271    -33.387
272    -34.756
273    -33.161
274    -33.967
275    -34.217
276    -34.096
277    -34.261
278    -33.049
279    -34.342
280    -34.111
281    -34.869
282    -33.701
283    -34.275
284    -34.434
285    -34.682
286    -34.425
287    -34.373
288    -33.39
289    -34.622
290    -34.5
291    -34.67
292    -34.583
293    -34.536
294    -34.759
295    -34.368
296    -34.494
297    -34.565
298    -33.274
299    -31.527
300    -33.944
301    -34.52
302    -33.798
303    -34.472
304    -34.42
305    -31.423
306    -34.669
307    -34.335
308    -34.805
309    -34.13
310    -34.189
311    -34.031
312    -34.423
313    -34.659
314    -34.643
315    -34.598
316    -34.406
317    -33.258
318    -34.113
319    -34.27
320    -34.643
321    -34.325
322    -34.133
323    -34.213
324    -34.348
325    -34.064
326    -34.298
327    -33.895
328    -34.472
329    -34.487
330    -34.42
331    -34.613
332    -33.57
333    -34.615
334    -34.815
335    -39.426
336    -38.491
337    -39.497
338    -39.136
339    -37.422
340    -38.291
341    -38.468
342    -39.416
343    -39.397
344    -38.556
345    -39.318
346    -38.155
347    -39.084
348    -38.627
349    -37.268
350    -39.675
351    -39.506
352    -37.569
353    -39.606
354    -39.193
355    -39.457
356    -39.269
357    -38.453
358    -39.279
359    -38.798
360    -38.283
361    -38.865
362    -33.25
363    -39.156
364    -34.172
365    -39.659
366    -34.412
367    -39.423
368    -34.306
369    -38.074
370    -34.538
371    -38.229
372    -33.443
373    -34.431
374    -34.458
375    -34.348
376    -34.478
377    -34.635
378    -34.815
379    -34.463
380    -34.565
381    -34.395
382    -34.677
383    -34.608
384    -34.478
385    -34.498
386    -33.817
387    -33.613
388    -28.851
389    -27.807
390    -27.545
391    -32.748
392    -32.333
393    -31.575
394    -31.512
395    -32.216
396    -32.432
397    -32.152
398    -32.279
399    -32.889
400    -32.609
401    -31.993
402    -31.174
403    -47.208
404    -54.906
405    -55.093
406    -55.473
407    -55.317
408    -54.86
409    -54.284
410    -54.741
411    -54.276
412    -55.077
413    -55.042
414    -55.28
415    -54.077
416    -55.12
417    -54.895
418    -55.05
419    -54.428
420    -54.621
421    -54.325
422    -54.942
423    -54.155
424    -55.157
425    -54.182
426    -53.668
427    -53.821
428    -55.314
429    -55.312
430    -55.439
431    -55.398
432    -54.215
433    -53.23
434    -55.935
435    -56.017
436    -55.807
437    -55.679
438    -55.937
439    -55.067
440    -56.104
441    -56.243
442    -55.864
443    -55.811
444    -55.996
445    -51.077
446    -56.043
447    -56.221
448    -56.211998
449    -55.347
450    -43.344
451    -55.403
452    -55.339
453    -53.988
454    -55.41
455    -55.014
456    -56.226
457    -56.192
458    -56.077
459    -55.336998
460    -43.442
461    -56.232
462    -56.266
463    -55.997
464    -55.887
465    -51.313
466    -55.084
467    -55.989
468    -55.977
469    -55.457
470    -51.19
471    -55.985
472    -55.945
473    -55.317
474    -54.882
475    -55.141
476    -56.28
477    -56.105
478    -49.846
479    -56.164
480    -56.586
481    -56.071
482    -55.049
483    -56.14
484    -51.325
485    -56.118
486    -56.243
487    -56.242
488    -56.094
489    -55.164
490    -56.168
491    -50.142
492    -55.182
493    -56.42
494    -56.22
495    -56.418
496    -51.181
497    -55.146
498    -56.065
499    -55.284
500    -56.131
501    -56.031
502    -56.106
503    -51.299
504    -56.413
505    -54.997
506    -54.867
507    -54.057
508    -51.31
509    -56.363
510    -42.23
511    -55.325
512    -55.188
513    -55.803
514    -51.145
515    -54.065
516    -55.019
517    -43.559
518    -55.893
519    -55.451
520    -55.975998
521    -51.23
522    -56.165
523    -55.209
524    -51.125
525    -43.246
526    -56.335
527    -56.305
528    -54.945
529    -55.871
