0    -6.6099997
1    1.133
2    0.841
3    -5.875
4    -5.779
5    -5.1949997
6    -5.687
7    -7.045
8    -7.058
9    -7.014
10    -6.755
11    -7.995
12    -5.467
13    -6.873
14    -6.572
15    -6.953
16    -5.371
17    -5.66
18    -5.513
19    -5.653
20    -5.726
21    -7.449
22    -8.273
23    -9.046
24    -8.33
25    -13.359
26    -21.81
27    -27.698
28    -19.602
29    -19.4
30    -19.333
31    -21.095
32    -19.837
33    -25.554
34    -25.25
35    -30.871
36    -30.99
37    -30.734
38    -30.905
39    -32.214
40    -27.8
41    -30.84
42    -31.426
43    -32.288
44    -24.435
45    -14.9
46    -14.88
47    -15.04
48    -19.13
49    -18.803
50    -18.032
51    -17.374
52    -18.788
53    -18.005
54    -18.276
55    -16.987
56    -18.205
57    -17.982
58    -12.02
59    -12.208
60    -12.288
61    -12.32
62    -15.346
63    -12.159
64    -12.049
65    -11.948
66    -12.011
67    -13.5789995
68    -13.813
69    -13.892
70    -14.1
71    -13.898
72    -13.964
73    -13.949
74    -11.356
75    -18.892
76    -18.97
77    -13.78
78    -13.658
79    -18.948
80    -19.194
81    -18.773
82    -17.598
83    -18.928
84    -18.715
85    -18.918
86    -18.704
87    -17.793
88    -18.737
89    -18.67
90    -18.903
91    -18.469
92    -18.545
93    -18.605
94    -17.879
95    -18.698
96    -12.073
97    -18.772
98    -18.799
99    -18.784
100    -18.833
101    -18.609
102    -18.842
103    -18.532999
104    -18.558
105    -18.86
106    -18.76
107    -18.895
108    -18.759
109    -18.536
110    -18.604
111    -18.748
112    -18.719
113    -18.643
114    -18.658
115    -18.757
116    -18.666
117    -11.517
118    -11.116
119    -9.500999
120    -11.132
121    -18.696
122    -18.445
123    -18.771
124    -18.621
125    -17.528
126    -18.624
127    -18.558
128    -20.081
129    -8.587
130    -22.933
131    -18.54
132    -18.678
133    -20.031
134    -17.432
135    -18.461
136    -19.574
137    -17.304
138    -19.917
139    -19.86
140    -21.799
141    -20.404
142    -7.693
143    -7.6099997
144    -20.656
145    -20.685
146    -20.512
147    -24.804
148    -24.781
149    -21.509
150    -20.494999
151    -20.246
152    -20.904
153    -31.862
154    -32.19
155    -32.486
156    -31.178
157    -32.035
158    -32.531
159    -31.855
160    -32.04
161    -32.693
162    -31.969
163    -33.147
164    -8.046
165    -13.624
166    -12.934
167    -7.618
168    -5.678
169    -35.471
170    -37.609
171    -31.923
172    -30.798
173    -27.426
174    -27.179
175    -27.549
176    -27.339
177    -32.144
178    -32.345
179    -31.376
180    -32.499
181    -32.317
182    -32.469
183    -32.228
184    -32.12
185    -32.378
186    -32.265
187    -32.102
188    -13.448999
189    -32.447998
190    -15.292
191    -32.538
192    -32.133
193    -14.723
194    -32.412
195    -32.325
196    -11.822
197    -32.658
198    -0.936
199    -32.154
200    -13.969
201    -33.646
202    -12.731
203    -32.361
204    -33.646
205    -33.111
206    -31.964
207    -33.397
208    -13.035
209    -33.33
210    -11.719
211    -32.643
212    -32.331
213    -32.112
214    -0.33099997
215    -32.119
216    -32.567
217    -31.36
218    -32.352
219    -33.3
220    -32.149
221    -30.493
222    -32.515
223    -32.617
224    -32.549
225    -31.577
226    -32.659
227    -32.241
228    -32.656
229    -33.406
230    -31.412
231    -32.292
232    -33.236
233    -33.426
234    -32.398
235    -32.5
236    -32.092
237    -32.353
238    -32.491
239    -32.738
240    -32.704
241    -31.505
242    -32.455
243    -24.601
244    -32.192
245    -25.461
246    -32.41
247    -32.484
248    -31.922
249    -32.539
250    -32.394
251    -31.21
252    -32.536
253    -32.364
254    -31.806
255    -32.628
256    -32.27
257    -32.546
258    -32.413
259    -33.389
260    -33.207
261    -33.758
262    -32.142
263    -32.252
264    -32.106
265    -32.586998
266    -32.135
267    -32.572998
268    -12.749
269    -12.342
270    -12.907
271    -13.106
272    -31.146
273    -32.838
274    -32.447998
275    -23.391
276    -32.887
277    -31.845
278    -33.294
279    -23.562
280    -32.412
281    -32.231
282    -31.345
283    -24.598999
284    -32.262
285    -32.828
286    -32.233
287    -33.172
288    -31.85
289    -31.827
290    -31.835
291    -32.866
292    -23.772
293    -32.51
294    -25.303
295    -32.229
296    -33.882
297    -32.282
298    -31.65
299    -20.162
300    -31.841
301    -31.203
302    -20.445
303    -32.862
304    -32.835
305    -32.855
306    -32.317
307    -31.327
308    -32.846
309    -36.287
310    -36.343
311    -36.255
312    -35.785
313    -37.542
314    -37.42
315    -37.502
316    -36.324
317    -15.276
318    -36.977
319    -38.22
320    -37.882
321    -14.101
322    -36.244
323    -36.777
324    -37.307
325    -35.639
326    -33.167
327    -33.673
328    -33.831
329    -32.834
330    -36.262
331    -33.269
332    -33.537
333    -33.475
334    -33.748
335    -33.821
336    -32.994
337    -33.315998
338    -30.947
339    -33.442
340    -32.305
341    -34.512
342    -33.215
343    -33.178
344    -33.838
345    -33.144
346    -32.814
347    -33.341
348    -33.655
349    -32.107
350    -33.799
351    -32.345
352    -32.528
353    -33.666
354    -32.177
355    -33.082
356    -32.706
357    -33.042
358    -33.346
359    -33.203
360    -33.15
361    -33.632
362    -33.153
363    -32.535
364    -32.197
365    -33.237
366    -33.827
367    -32.639
368    -33.358
369    -32.291
370    -32.414
371    -33.396
372    -33.342
373    -33.867
374    -33.744
375    -33.16
376    -33.457
377    -33.646
378    -33.389
379    -32.999
380    -33.516
381    -33.331
382    -33.566
383    -33.465
384    -33.489998
385    -33.672
386    -33.599
387    -33.619
388    -34.094
389    -33.395
390    -35.428
391    -20.682
392    -33.243
393    -20.333
394    -33.351
395    -34.183
396    -45.058
397    -43.342
398    -45.447998
399    -45.366
400    -45.034
401    -44.048
402    -42.834
403    -46.196
404    -43.793
405    -39.269
406    -44.269
407    -43.969
408    -42.396
409    -44.896
410    -45.341
411    -43.969
412    -41.39
413    -44.883
414    -44.011
415    -44.953
416    -41.798
417    -43.921
418    -43.116
419    -34.432
420    -41.704
421    -34.238
422    -42.306
423    -33.294
424    -43.43
425    -33.41
426    -44.382
427    -44.183
428    -37.233
429    -46.08
430    -45.352
431    -37.541
432    -45.006
433    -44.378
434    -37.017
435    -44.839
436    -37.0
437    -46.268
438    -44.321
439    -44.223
440    -33.548
441    -42.321
442    -45.322
443    -44.325
444    -33.489
445    -43.516
446    -33.673
447    -43.899
448    -44.258
449    -45.285
450    -32.991
451    -43.228
452    -34.169
453    -44.355
454    -33.55
455    -43.172
456    -46.399
457    -45.327
458    -45.027
459    -44.281
460    -33.308
461    -42.461
462    -33.439
463    -42.304
464    -34.307
465    -41.743
466    -44.271
467    -43.605
468    -33.473
469    -41.513
470    -33.482
471    -42.157
472    -33.485
473    -44.648
474    -44.256
475    -44.412
476    -45.309
477    -45.471
478    -34.403
479    -41.987
480    -33.721
481    -43.311
482    -45.167
483    -44.015
484    -15.174
485    -45.645
486    -46.093
487    -44.076
488    -36.281
489    -44.045
490    -46.311
491    -44.167
492    -15.054
493    -46.335
494    -13.863
495    -45.142
496    -45.677
497    -42.572998
498    -16.159
499    -45.124
500    -36.153
501    -46.236
502    -44.443
503    -36.877
504    -44.029
505    -45.918
506    -33.493
507    -41.237
508    -33.529
509    -44.538
510    -43.319
511    -44.058
512    -44.17
513    -44.224
514    -33.307
515    -42.233
516    -33.507
517    -41.669
518    -44.001
519    -33.296
520    -42.274
521    -44.275
522    -45.529
523    -33.292
524    -42.664
525    -32.668
526    -43.115
527    -34.203
528    -42.351
529    -33.367
530    -44.322998
531    -44.33
532    -42.258
533    -44.045
534    -44.413
535    -33.041
536    -42.226
537    -33.16
538    -42.051
539    -44.054
540    -44.425
541    -33.23
542    -43.332
543    -44.125
544    -42.576
545    -33.284
546    -41.296
547    -34.204
548    -42.145
549    -44.294
550    -44.352
551    -33.543
552    -42.995
553    -41.32
554    -33.166
555    -44.123
556    -43.466
557    -44.285
558    -33.518
559    -43.241
560    -41.098
561    -44.371
562    -33.278
563    -40.814
564    -44.263
565    -33.574
566    -42.349
567    -33.549
568    -42.982
569    -44.25
570    -41.04
571    -33.392
572    -43.977
573    -41.872
574    -44.091
575    -33.372
576    -42.197
577    -44.413
578    -33.083
579    -44.176
580    -42.586
581    -33.256
582    -42.424
583    -45.288
584    -33.253
585    -45.02
586    -42.083
587    -33.519
588    -44.015
589    -46.324
590    -48.972
591    -43.242
592    -49.488
593    -49.133
594    -46.951
595    -42.457
596    -46.538
597    -41.065
598    -51.045
599    -53.909
600    -41.401
601    -54.418
602    -54.276
603    -51.161
604    -54.036
605    -57.234
606    -56.428
607    -43.159
608    -46.28
609    -53.011
610    -43.2
611    -53.083
612    -46.37
613    -42.221
614    -45.109
615    -42.13
616    -45.684
617    -54.086998
618    -42.227
619    -54.019
620    -51.906
621    -48.928
622    -54.041
623    -52.285
624    -51.301
625    -54.204
626    -47.474
627    -54.572
628    -50.375
629    -46.321
630    -51.177
631    -47.076
632    -52.171
633    -53.943
634    -49.379
635    -52.223
636    -47.617
637    -54.376
638    -51.941
639    -48.307
640    -51.934
641    -48.16
642    -50.032
643    -54.268
644    -53.947998
645    -54.167
646    -53.2
647    -46.973
648    -46.464
649    -51.699
650    -46.164
651    -52.696
652    -53.865
653    -51.324
654    -46.202
655    -51.358
656    -55.354
657    -51.23
658    -53.189
659    -55.203
660    -55.509
661    -54.485
662    -52.886
663    -51.432
664    -53.657
665    -51.964
666    -53.954
667    -54.05
668    -54.497
669    -52.933
670    -55.307
671    -54.299
672    -55.059
673    -53.27
674    -55.049
675    -51.869
676    -53.85
677    -51.306
678    -50.983
679    -54.077
680    -54.998
681    -51.865
682    -51.363
683    -53.865
684    -54.293
685    -57.08
686    -54.884
687    -50.081
688    -54.265
689    -51.971
690    -54.334
691    -54.196
692    -37.25
693    -37.217
694    -55.196
695    -55.695
696    -51.402
697    -54.329
698    -53.233
699    -53.283
700    -53.158
701    -55.37
702    -54.139
703    -52.31
704    -49.144
705    -49.398
706    -46.973
707    -48.975998
708    -45.4
709    -49.906
710    -49.761
711    -48.113
712    -48.791
713    -49.97
714    -46.567
715    -48.099
716    -49.264
717    -50.089
718    -48.116
719    -49.146
720    -48.338
721    -50.047
722    -47.913
723    -47.311
724    -47.078
725    -49.935
726    -46.119
727    -49.483
728    -49.308
729    -45.156
730    -49.027
731    -49.093
732    -48.245
733    -50.297
734    -40.169
735    -47.889
736    -39.345
737    -42.058
738    -50.041
739    -42.086
740    -82.064
741    -80.169
742    -79.162
743    -78.25
744    -78.918
745    -81.883
746    -80.642
747    -78.939
748    -78.874
749    -77.108
750    -79.921
751    -72.303
752    -82.057
753    -76.54
754    -79.223
755    -78.972
756    -77.641
757    -79.72
758    -81.056
759    -76.63
760    -79.111
761    -77.985
762    -78.114
763    -78.876
764    -77.046
765    -78.826
766    -82.08
767    -77.035
768    -79.959
769    -79.043
770    -77.974
771    -77.767
772    -78.044
773    -79.855
774    -78.209
775    -79.907
776    -76.902
777    -79.595
778    -76.779
779    -77.681
780    -78.144
781    -42.464
782    -43.997
783    -44.364
784    -42.312
785    -44.425
786    -42.339
787    -44.286
788    -44.536
789    -43.94
790    -44.226
791    -42.512
792    -53.334
793    -54.349
794    -54.356
795    -52.084
796    -54.101
797    -51.295
798    -52.892
799    -43.799
800    -44.243
801    -42.159
802    -43.964
803    -77.969
804    -73.476
805    -73.25
806    -74.18
807    -73.973
808    -72.324
809    -74.551
810    -74.423
811    -72.243
812    -73.432
813    -73.35
814    -75.386
815    -72.044
816    -79.106
817    -76.548
818    -79.231
819    -78.441
820    -45.021
821    -47.704
822    -48.054
823    -45.046
824    -46.801
825    -48.129
826    -48.199
827    -46.362
828    -48.461998
829    -48.17
830    -47.014
831    -46.249
832    -46.956
833    -48.172
834    -46.461
835    -47.086
836    -48.504
837    -45.971
838    -48.305
839    -47.848
840    -45.099
841    -47.31
842    -48.018
843    -48.022
844    -44.085
845    -47.35
846    -45.97
847    -46.85
848    -48.194
849    -45.938
850    -47.923
851    -48.259
852    -47.174
853    -46.205
854    -47.939
855    -48.329
856    -46.132
857    -48.195
858    -47.822998
859    -47.879
860    -45.027
861    -48.016
862    -45.483
863    -47.041
864    -48.59
865    -47.048
866    -46.392
867    -48.311
868    -46.276
869    -45.442
870    -48.471
871    -48.142
872    -46.285
873    -47.879
874    -46.528
875    -48.285
876    -45.242
877    -51.434
878    -46.16
879    -51.097
880    -47.071
881    -46.275
882    -51.188
883    -50.027
884    -48.311
885    -46.209
886    -48.451
887    -47.812
888    -45.203
889    -48.546
890    -48.121
891    -45.097
892    -48.303
893    -47.848
894    -47.457
895    -45.158
896    -48.39
897    -47.123
898    -48.207
899    -46.427
900    -47.031
901    -48.381
902    -45.298
903    -47.16
904    -47.853
905    -45.225
906    -47.957
907    -48.311
908    -47.088
909    -46.133
910    -48.197998
911    -48.295
912    -46.983
913    -46.352
914    -48.365
915    -46.95
916    -47.012
917    -45.128
918    -48.021
919    -45.333
920    -48.319
921    -47.033
922    -48.29
923    -46.181
924    -47.559
925    -47.969
926    -48.06
927    -46.261
928    -47.849
929    -48.471
930    -47.039
931    -46.202
932    -47.202
933    -48.403
934    -48.121
935    -45.257
936    -48.173
937    -46.432
938    -48.269
939    -47.148
940    -48.531
941    -46.593
942    -47.196
943    -48.335
944    -47.992
945    -43.513
946    -48.224
947    -48.488
948    -42.268
949    -41.237
950    -42.081
951    -40.874
952    -43.072
953    -43.059
954    -41.286
955    -43.445
956    -43.328
957    -42.054
958    -41.404
959    -41.383
960    -43.243
961    -43.205
962    -43.315998
963    -42.897
964    -41.629
965    -43.571
966    -43.209
967    -43.348
968    -40.487
969    -42.779
970    -43.16
971    -31.517
972    -32.8
973    -34.111
974    -34.532
975    -34.286
976    -34.019
977    -34.3
978    -34.614
979    -34.485
980    -33.655
981    -34.257
982    -34.387
983    -34.086
984    -34.331
985    -33.438
986    -34.541
987    -34.071
988    -39.612
989    -34.321
990    -34.612
991    -34.633
992    -38.037
993    -34.325
994    -34.447
995    -34.746
996    -33.3
997    -39.304
998    -34.179
999    -34.453
1000    -39.562
1001    -34.586998
1002    -33.569
1003    -38.711
1004    -34.308
1005    -34.465
1006    -34.616
1007    -38.703
1008    -34.077
1009    -34.464
1010    -34.43
1011    -34.536
1012    -39.216
1013    -34.431
1014    -34.364
1015    -34.616
1016    -38.481
1017    -34.368
1018    -34.427
1019    -34.295
1020    -39.365
1021    -34.548
1022    -33.561
1023    -33.626
1024    -33.334
1025    -34.439
1026    -39.213
1027    -33.615
1028    -34.343
1029    -34.457
1030    -34.13
1031    -34.465
1032    -34.537
1033    -34.496
1034    -33.779
1035    -34.246
1036    -34.161
1037    -34.084
1038    -34.331
1039    -34.575
1040    -34.509
1041    -34.733
1042    -34.384
1043    -34.126
1044    -34.679
1045    -33.916
1046    -34.304
1047    -34.336998
1048    -34.769
1049    -34.844
1050    -33.945
1051    -34.721
1052    -34.429
1053    -33.345
1054    -34.471
1055    -33.346
1056    -33.389
1057    -34.731
1058    -34.317
1059    -39.326
1060    -39.089
1061    -38.379
1062    -34.174
1063    -38.568
1064    -39.482
1065    -34.207
1066    -39.421
1067    -39.325
1068    -39.443
1069    -39.296
1070    -38.534
1071    -28.769
1072    -28.486
1073    -28.581
1074    -28.741
1075    -28.598999
1076    -28.217
1077    -27.734
1078    -28.44
1079    -28.576
1080    -28.732
1081    -28.319
1082    -27.819
1083    -27.468
1084    -27.444
1085    -27.684
1086    -27.595
1087    -28.796
1088    -28.269
1089    -28.866
1090    -28.367
1091    -27.598
1092    -27.614
1093    -28.748
1094    -28.535
1095    -28.442
1096    -28.555
1097    -28.717
1098    -28.272
1099    -28.489
1100    -28.293
1101    -28.763
1102    -28.641
1103    -28.91
1104    -28.334
1105    -28.681
1106    -28.663
1107    -28.517
1108    -28.323
1109    -28.294
1110    -28.746
1111    -27.837
1112    -28.797
1113    -28.073
1114    -28.509
1115    -28.571
1116    -28.655
1117    -28.562
1118    -28.448
1119    -28.288
1120    -27.501
1121    -28.808
1122    -28.042
1123    -28.789
1124    -27.616
1125    -29.732
1126    -28.624
1127    -28.309
1128    -27.361
1129    -28.641
1130    -28.829
1131    -28.809
1132    -28.827
1133    -28.132
1134    -28.387
1135    -28.218
1136    -28.823
1137    -28.669
1138    -28.427
1139    -27.704
1140    -28.773
1141    -28.718
1142    -28.278
1143    -27.369
1144    -27.524
1145    -28.579
1146    -28.396
1147    -28.59
1148    -28.433
1149    -28.537
1150    -28.499
1151    -28.618
1152    -27.498
1153    -28.432
1154    -27.894
1155    -28.457
1156    -28.352
1157    -27.821
1158    -28.581
1159    -28.638
1160    -28.619
1161    -28.545
1162    -28.56
1163    -28.271
1164    -28.482
1165    -27.486
1166    -28.595
1167    -28.347
1168    -27.555
1169    -27.94
1170    -27.868
1171    -27.622
1172    -28.793
1173    -26.677
1174    -28.164
1175    -27.978
1176    -28.42
1177    -28.375
1178    -28.511
1179    -27.56
1180    -27.94
1181    -28.735
1182    -27.924
1183    -27.102
1184    -28.827
1185    -28.91
1186    -28.4
1187    -28.298
1188    -28.434
1189    -28.575
1190    -28.43
1191    -27.827
1192    -27.714
1193    -28.512
1194    -28.7
1195    -26.984
1196    -28.23
1197    -28.431
1198    -28.662
1199    -28.799
1200    -27.788
1201    -28.504
1202    -27.01
1203    -28.307
1204    -28.471
1205    -28.534
1206    -28.415
1207    -28.421
1208    -28.711
1209    -28.899
1210    -28.38
1211    -28.197
1212    -27.176
1213    -28.696
1214    -7.633
1215    -11.750999
1216    -28.472
1217    -11.67
1218    -28.587
1219    -4.116
1220    -28.529
1221    -7.099
1222    -12.061
1223    -26.831
1224    -5.062
1225    -28.334
1226    -5.374
1227    -10.919
1228    -11.892
1229    -5.363
1230    -9.986
1231    -9.857
1232    -3.817
1233    -12.085
1234    -12.267
1235    -12.058
1236    -27.385
1237    -11.657
1238    -10.951
1239    -11.142
1240    -5.244
1241    -5.825
1242    -12.034
1243    -7.554
1244    -10.478
1245    -6.858
1246    -5.8459997
1247    -11.346
1248    -6.555
1249    -7.404
1250    -6.85
1251    -7.1219997
1252    -5.7679996
1253    -10.998
1254    -6.83
1255    -10.795
1256    -7.664
1257    -11.004
1258    -6.895
1259    -11.7
1260    -7.428
1261    -11.79
1262    -7.492
1263    -12.756
1264    -7.943
1265    -11.448
1266    -6.646
1267    -12.11
1268    -8.225
1269    -11.769
1270    -8.023
1271    -10.732
1272    -7.24
1273    -11.677
1274    -7.286
1275    -11.243
1276    -7.324
1277    -11.488
1278    -4.778
1279    -8.24
1280    -6.101
1281    -12.029
1282    -10.209
1283    -7.008
1284    -8.802
1285    -11.087
1286    -5.881
1287    -8.308
1288    -8.49
1289    -11.871
1290    -7.542
1291    -10.996
1292    -8.171
1293    -11.858
1294    -8.034
1295    -11.735
1296    -4.7139997
1297    -11.094
1298    -7.516
1299    -12.956
1300    -6.583
1301    -11.136
1302    -8.844
1303    -8.16
1304    -6.9119997
1305    -10.979
1306    -3.617
1307    -6.081
1308    -6.237
1309    -11.771
1310    -34.412
1311    -34.53
1312    -34.412
1313    -34.493
1314    -33.766
1315    -33.153
1316    -34.523
1317    -33.373
1318    -34.419
1319    -34.231
1320    -34.109
1321    -34.622
1322    -34.481
1323    -34.472
1324    -34.47
1325    -32.997
1326    -34.061
1327    -34.257
1328    -32.75
1329    -34.111
1330    -33.711998
1331    -34.48
1332    -34.092
1333    -34.258
1334    -33.214
1335    -34.392
1336    -34.263
1337    -34.366
1338    -34.358
1339    -34.132
1340    -34.292
1341    -34.326
1342    -34.085
1343    -34.114
1344    -34.305
1345    -34.601
1346    -34.417
1347    -33.459
1348    -34.386
1349    -33.445
1350    -33.302
1351    -34.458
1352    -34.299
1353    -33.54
1354    -34.727
1355    -33.006
1356    -34.659
1357    -33.238
1358    -34.303
1359    -33.786
1360    -34.528
1361    -34.181
1362    -34.456
1363    -34.4
1364    -34.195
1365    -34.164
1366    -34.752
1367    -33.388
1368    -34.389
1369    -34.752
1370    -34.163
1371    -33.655
1372    -33.815
1373    -34.115
1374    -34.149
1375    -34.349
1376    -34.392
1377    -33.634
1378    -34.455
1379    -34.784
1380    -33.666
1381    -34.263
1382    -34.387
1383    -34.589
1384    -34.185
1385    -34.629
1386    -34.415
1387    -33.792
1388    -34.412
1389    -34.398
1390    -34.294
1391    -33.355
1392    -34.696
1393    -34.344
1394    -34.432
1395    -33.258
1396    -34.67
1397    -34.296
1398    -34.518
1399    -34.386
1400    -34.12
1401    -34.313
1402    -33.584
1403    -33.95
1404    -34.171
1405    -34.215
1406    -34.141
1407    -34.33
1408    -34.416
1409    -34.496
1410    -34.388
1411    -34.411
1412    -34.826
1413    -33.404
1414    -33.412
1415    -34.103
1416    -34.131
1417    -33.314
1418    -34.566
1419    -34.594
1420    -33.534
1421    -34.047
1422    -34.204
1423    -33.108
1424    -34.113
1425    -34.348
1426    -34.627
1427    -33.849
1428    -34.493
1429    -34.665
1430    -34.755
1431    -34.434
1432    -38.596
1433    -39.488
1434    -37.434
1435    -39.254
1436    -39.465
1437    -38.232
1438    -38.449
1439    -38.468
1440    -39.404
1441    -38.357
1442    -37.838
1443    -39.552
1444    -38.058
1445    -36.605
1446    -39.586
1447    -39.093
1448    -38.127
1449    -38.536
1450    -39.697998
1451    -39.19
1452    -38.463
1453    -39.476
1454    -39.811
1455    -38.69
1456    -39.232
1457    -39.592
1458    -38.856
1459    -39.723
1460    -39.644
1461    -38.381
1462    -39.17
1463    -38.83
1464    -37.63
1465    -39.144
1466    -34.432
1467    -34.497
1468    -34.765
1469    -34.736
1470    -34.495
1471    -34.214
1472    -34.467
1473    -34.467
1474    -34.284
1475    -34.67
1476    -34.634
1477    -34.244
1478    -34.156
1479    -33.753
1480    -33.719
1481    -34.403
1482    -28.435
1483    -28.684
1484    -28.649
1485    -28.417
1486    -31.92
1487    -32.912
1488    -32.606
1489    -32.032
1490    -32.609
1491    -32.366
1492    -32.665
1493    -32.478
1494    -32.665
1495    -32.49
1496    -47.157
1497    -55.051
1498    -54.224
1499    -53.384
1500    -55.133
1501    -54.027
1502    -54.909
1503    -54.995
1504    -54.599
1505    -54.278
1506    -54.91
1507    -54.55
1508    -54.853
1509    -54.733
1510    -55.069
1511    -54.733
1512    -52.997
1513    -53.218
1514    -54.227
1515    -54.342
1516    -54.225998
1517    -54.305
1518    -53.678
1519    -55.461
1520    -54.007
1521    -55.184
1522    -55.227
1523    -54.914
1524    -56.229
1525    -55.438
1526    -56.106
1527    -56.384
1528    -54.811
1529    -56.162
1530    -52.326
1531    -56.2
1532    -55.881
1533    -56.231
1534    -55.715
1535    -54.824
1536    -51.311
1537    -54.44
1538    -54.243
1539    -53.541
1540    -43.348
1541    -54.93
1542    -55.761
1543    -56.164
1544    -54.456
1545    -56.123
1546    -55.458
1547    -56.143
1548    -53.631
1549    -54.294
1550    -54.681
1551    -43.44
1552    -56.309
1553    -55.733
1554    -53.11
1555    -51.022
1556    -54.562
1557    -55.358
1558    -54.855
1559    -56.511
1560    -55.848
1561    -51.251
1562    -55.898
1563    -55.691
1564    -54.011
1565    -55.408
1566    -56.121
1567    -55.473
1568    -56.53
1569    -51.3
1570    -55.796
1571    -54.263
1572    -53.659
1573    -55.941
1574    -51.275
1575    -54.583
1576    -55.771
1577    -55.478
1578    -55.029
1579    -55.683
1580    -55.951
1581    -51.481
1582    -54.93
1583    -56.331
1584    -55.757
1585    -55.923
1586    -54.633
1587    -50.094
1588    -54.993
1589    -54.636
1590    -55.984
1591    -54.924
1592    -55.197998
1593    -55.304
1594    -51.145
1595    -55.729
1596    -54.56
1597    -55.979
1598    -51.112
1599    -55.594
1600    -56.006
1601    -42.408
1602    -55.657
1603    -56.051
1604    -55.454
1605    -56.048
1606    -55.652
1607    -56.117
1608    -50.79
1609    -54.715
1610    -55.518
1611    -43.425
1612    -54.693
1613    -43.488
1614    -55.716
1615    -51.177
1616    -55.796
1617    -56.406
1618    -55.748
1619    -43.307
1620    -50.975
1621    -56.125
1622    -53.311
1623    -54.93
1624    -55.869
1625    -54.975
1626    -51.014
1627    -43.312
1628    -54.192
1629    -56.543
