0    -4.426
1    -5.399
2    -5.432
3    -5.4379997
4    -5.428
5    -5.409
6    -5.437
7    -5.392
8    -5.396
9    -5.427
10    -5.437
11    -5.422
12    -5.406
13    -5.42
14    -5.403
15    -5.401
16    -5.394
17    -5.41
18    -5.406
19    -5.414
20    -5.394
21    -5.421
22    -5.403
23    -5.397
24    -5.427
25    -5.38
26    -5.363
27    -5.417
28    -5.427
29    -5.394
30    -5.455
31    -5.4
32    -5.446
33    -5.412
34    -5.436
35    -5.441
36    -5.459
37    -5.391
38    -5.398
39    -5.428
40    -5.394
41    -5.409
42    -5.407
43    -5.41
44    -5.414
