0    -0.9
1    -0.8019999
2    -0.11899996
3    2.117
4    1.7870001
5    1.4760001
6    1.513
7    -18.47
8    -18.407
9    -18.114
10    -18.332
11    -18.769
12    -18.286
13    -18.782
14    -18.72
15    -17.858
16    -18.483
17    -2.81
18    -1.3629999
19    -2.894
20    -1.836
21    -1.816
22    -18.787
23    -18.807
24    -18.862
25    -18.717
26    -18.079
27    -18.913
28    -18.195
29    -18.699
30    -18.33
31    -18.577
32    -13.372
33    -5.762
34    -5.782
35    -0.44
36    -6.769
37    -1.6659999
38    -1.7839999
39    -1.7789999
40    -1.946
41    -1.563
42    0.44300002
43    0.652
44    0.432
45    0.41000003
46    0.476
47    -18.883
48    -18.836
49    -18.753
50    -18.711
51    -18.836
52    -1.4679999
53    -0.017999947
54    0.58700013
55    -4.311
56    -0.21799994
57    -18.807
58    -18.861
59    -18.593
60    -18.808
61    -17.476
62    1.4100001
63    -0.47599995
64    -4.138
65    -0.45299995
66    -3.401
67    -18.571
68    -18.621
69    -18.421
70    -18.902
71    -18.521
72    -0.417
73    -0.007999957
74    -0.04699993
75    -3.526
76    -0.93499994
77    -1.8889999
78    -1.7909999
79    -1.775
80    -2.775
81    -1.8119999
82    -1.8599999
83    -1.2039999
84    -2.817
85    -2.839
86    -18.521
87    -1.4079999
88    -1.8249999
89    -1.8149999
90    -1.8119999
91    -1.657
92    0.377
93    0.54300004
94    0.5
95    0.418
96    0.36800003
97    0.15800011
98    0.4590001
99    0.37500003
100    0.45900002
101    0.75200003
102    0.73300004
103    0.43
104    -3.485
105    -6.472
106    -5.469
107    -5.415
108    -2.4759998
109    -0.07199997
110    -1.502
111    -1.472
112    -2.356
113    -0.46999997
114    -4.496
115    -2.481
116    -3.47
117    -1.495
118    -8.471
119    -4.7279997
120    -3.57
121    -0.445
122    0.07700002
123    -1.472
124    0.504
125    0.47100002
126    0.42800003
127    0.36800003
128    0.51500005
129    -0.36999995
130    0.657
131    0.56100005
132    0.47900003
133    0.549
134    0.386
135    -1.329
136    0.12200022
137    0.65900016
138    -1.467
139    -1.095
140    -0.06999993
141    3.0880003
142    0.87100005
143    0.88900006
144    -0.33999997
145    -0.50399995
146    1.2820001
147    0.56700003
148    0.8690001
149    3.7200003
150    -0.747
151    -0.582
152    -0.10399997
153    -0.29399997
154    -0.20399994
155    -0.913
156    -0.29499996
157    -0.031999946
158    -0.32399994
159    -0.12199998
160    1.559
161    1.4000001
162    -0.42499995
163    0.4100001
164    -0.39299995
165    0.416
166    -0.645
167    2.1920002
168    -0.19599998
169    -0.23299998
170    -0.51399994
171    -0.11499995
172    1.5400002
173    -0.27199996
174    0.22300005
175    -0.431
176    -0.41999996
177    -0.18799996
178    -0.58
179    -0.36999995
180    -0.42999995
181    -0.25699997
182    0.30000007
183    0.09500003
184    -0.18899995
185    0.19200003
186    -0.16099995
187    -0.23499995
188    -0.29899997
189    0.37800002
190    0.04000008
191    -0.445
192    0.40400004
193    3.3450003
194    4.4090004
195    -0.22399998
196    -0.605
197    -0.25599998
198    0.74600005
199    -0.16299999
200    -0.274
201    -0.16599995
202    -0.635
203    0.4360001
204    0.7910001
205    0.18000007
206    -0.17299998
207    -0.20099998
208    -0.22399998
209    -0.30099994
210    1.789
211    1.0780001
212    -0.34699994
213    0.5580001
214    0.6120001
215    -0.329
216    -0.33199996
217    3.9390001
218    1.4320002
219    -0.20999998
220    0.22700012
221    -0.30699998
222    0.2570001
223    -0.543
224    2.1710002
225    0.66100013
226    -0.47099996
227    0.31700003
228    -0.53499997
229    -0.07399994
230    -0.18899995
231    -0.598
232    -0.38099998
233    0.13100004
234    -0.058999956
235    -0.477
236    -0.26
237    0.029000044
238    0.29500008
239    -0.44299996
240    0.022000074
241    -0.46999997
242    0.13100004
243    0.8000001
244    -0.54999995
245    -0.20499998
246    7.8390007
247    -0.38299996
248    0.17400002
249    -0.579
250    0.90700006
251    -0.19799995
252    -0.35799998
253    1.2110002
254    0.41700006
255    5.61
256    -0.42799997
257    2.331
258    -0.353
259    -0.09699994
260    -0.36799997
261    0.062000036
262    -0.034999967
263    -0.37299997
264    0.053000093
265    0.13700008
266    1.138
267    -0.39199996
268    0.53700006
269    -0.34699994
270    1.0960002
271    -0.22399998
272    -0.23999995
273    0.7720001
274    -0.45199996
275    -0.65199995
276    -0.274
277    0.10400009
278    3.2190003
279    -0.668
280    0.8670001
281    -0.574
282    -0.57299995
283    -0.35099995
284    -0.306
285    -0.20799994
286    -0.34399998
287    -0.35799998
288    0.25100005
289    -0.56799996
290    0.3540001
291    -0.41099995
292    -0.42299998
293    0.7500001
294    -0.21499997
295    -0.582
296    0.11500001
297    -0.21599996
298    -0.27099997
299    -0.08099997
300    0.30500007
301    -0.30899996
302    -0.626
303    -0.436
304    0.27400005
305    -0.39599997
306    -0.52199996
307    -0.01699996
308    1.302
309    -0.529
310    -0.39799994
311    0.036000013
312    -0.21599996
313    -0.399
314    -0.15699995
315    0.21000004
316    0.055999994
317    -0.343
318    0.89600015
319    0.69200003
320    -0.021999955
321    -0.33499998
322    -0.39599997
323    -0.48399997
324    0.046000004
325    -0.21399999
326    0.75900006
327    -0.501
328    0.3260001
329    -0.513
330    0.4050001
331    -0.50399995
332    -0.21099997
333    -0.23599994
334    -0.42999995
335    -0.348
336    -0.23999995
337    -0.32699996
338    0.23100007
339    -0.119999945
340    -0.32
341    -0.38299996
342    -0.47499996
343    -0.092999935
344    -0.40399998
345    -0.21199995
346    -0.04699993
347    -0.352
348    -0.329
349    -0.12899995
350    -0.39299995
351    0.026000023
352    -0.22699994
353    -0.14399993
354    -0.35599995
355    0.19500005
356    -0.59599996
357    0.00999999
358    -0.325
359    1.5640001
360    -0.26099998
361    -0.34199995
362    -0.39199996
363    0.06800008
364    -0.08399993
365    -0.36999995
366    1.0640001
367    -0.022999942
368    -0.06699997
369    0.21700001
370    0.20600009
371    -0.04099995
372    -0.23499995
373    -0.27899998
374    -0.16899997
375    -0.666
376    -0.36899996
377    -0.251
378    -0.889
379    -0.38599998
380    -0.283
381    0.11900008
382    -0.41099995
383    0.113000035
384    0.083000064
385    -0.46999997
386    -0.44199997
387    0.35100007
388    0.38900006
389    -0.28099996
390    12.015
391    0.61800003
392    0.8210001
393    0.09200001
394    -0.502
395    -0.43799996
396    -0.28699994
397    0.52900004
398    1.506
399    -0.34099996
400    0.81200004
401    0.87900007
402    0.9460001
403    2.482
404    -0.473
405    0.8700001
406    -0.23999995
407    -0.032999933
408    -0.013999939
409    1.2640002
410    -0.486
411    1.4620001
412    1.269
413    -0.01999998
414    2.1710002
415    0.63900006
416    0.039000034
417    0.462
418    0.16400003
419    -0.435
420    0.15900004
421    0.40700006
422    0.5000001
423    -0.12599999
424    -0.567
425    -0.048999965
426    -0.26399994
427    -0.30299997
428    0.81700003
429    1.1370001
430    -0.5
431    -0.54399997
432    0.2190001
433    0.42000008
434    1.8540001
435    -0.577
436    -0.09699994
437    0.05700004
438    -0.528
439    0.4790001
440    -0.16899997
441    -0.21099997
442    -0.21799994
443    -0.472
444    0.18700004
445    0.22900009
446    0.7980001
447    0.5170001
448    -0.41999996
449    -0.561
450    0.009000063
451    -0.18099993
452    -0.22099996
453    -0.557
454    1.283
455    -0.538
456    -0.39
457    0.2700001
458    -0.09499997
459    -0.42099994
460    -0.55799997
461    0.49600005
462    -0.29099995
463    -0.22999996
464    -0.592
465    -0.44599998
466    -0.23099995
467    -0.32
468    0.4330001
469    0.82000005
470    1.098
471    -0.505
472    -0.27999997
473    -0.623
474    0.49600005
475    -0.09499997
476    0.05000007
477    -0.24999994
478    0.87900007
479    -0.13099998
480    -0.508
481    1.7250001
482    -0.19899994
483    0.023000002
484    -0.375
485    0.21100008
486    -0.38199997
487    -0.311
488    -0.39099997
489    -0.31399995
490    0.845
491    -0.24599999
492    -0.597
493    0.043000102
494    0.45000005
495    -0.417
496    -0.554
497    -0.35799998
498    4.5220003
499    0.34300005
500    -0.32199997
501    -0.12999994
502    0.554
503    0.08200002
504    0.5150001
505    -0.61099994
506    0.13600004
507    0.6040001
508    -0.431
509    0.62100005
510    -0.17599994
511    -0.27999997
512    0.8140001
513    0.9790001
514    -0.20499998
515    0.1220001
516    2.5950003
517    -0.546
518    0.8340001
519    -0.30799997
520    1.1170001
521    -0.18999994
522    0.4790001
523    -0.12899995
524    -0.567
525    -0.16499996
526    -0.551
527    -0.903
528    0.2850001
529    -0.35599995
530    -0.422
531    -0.45
532    0.74300003
533    -0.33599997
534    0.9380001
535    0.18200004
536    -0.0069999695
537    1.4920001
538    -0.61399996
539    -0.30699998
540    1.4220002
541    0.26200008
542    0.651
543    0.28900003
544    -0.03399998
545    0.1450001
546    0.9820001
547    -0.48099995
548    0.87600005
549    0.7390001
550    -0.45
551    1.1800001
552    0.16000009
553    -0.11099994
554    0.30400002
555    -0.288
556    0.30700004
557    -0.641
558    -0.28199995
559    -0.46099997
560    1.8260002
561    0.28700006
562    -0.032999933
563    -0.58
564    0.011000037
565    0.21800005
566    1.9990001
567    1.9200001
568    -0.18699998
569    -0.36899996
570    -0.44199997
571    -0.28199995
572    1.227
573    0.3260001
574    0.004999995
575    1.2390001
576    0.09800005
577    -0.546
578    -0.525
579    -0.49199998
580    -0.55799997
581    0.23700011
582    4.124
583    -0.092999935
584    -0.524
585    -0.008999944
586    1.3570001
587    -0.31699997
588    -0.59099996
589    0.1220001
590    0.63800013
591    0.40300012
592    1.7840002
593    -0.26799995
594    2.1120002
595    -0.34999996
596    0.025000095
597    -0.28099996
598    0.20000005
599    -0.562
600    -0.26799995
601    0.21200001
602    -0.37299997
603    2.7940001
604    -0.399
605    -0.454
606    -0.40899998
607    -0.40499997
608    -0.32699996
609    0.6250001
610    -0.18499994
611    -0.30399996
612    -0.25799996
613    -0.556
614    -0.06399995
615    -0.24599999
616    -0.533
617    0.153
618    -0.44599998
619    -0.579
620    -0.009999931
621    -0.35499996
622    1.2720001
623    0.69200003
624    0.5840001
625    -0.17699999
626    0.32000005
627    0.9230001
628    -0.02699995
629    2.624
630    -0.329
631    0.18600011
632    -0.506
633    -0.39199996
634    0.20400012
635    -0.13399994
636    -0.39799994
637    1.1320002
638    -0.454
639    -0.566
640    -0.018999934
641    -0.57199997
642    0.6710001
643    0.53700006
644    -0.08499998
645    0.582
646    0.68700004
647    3.374
648    0.24400008
649    0.24300003
650    -0.52699995
651    0.296
652    -0.20899999
653    0.6370001
654    0.0070000887
655    1.8930001
656    0.2190001
657    -0.32599998
658    -0.20999998
659    0.18700004
660    -0.13599998
661    -0.051999927
662    0.021000028
663    0.9160001
664    -0.025999963
665    0.31000006
666    -0.49399996
667    -0.557
668    2.292
669    1.5450001
670    -0.61099994
671    0.042000055
672    0.03700006
673    4.039
674    0.80200005
675    0.55700004
676    -0.528
677    -0.18999994
678    -0.18599999
679    -0.11599994
680    -0.524
681    0.43700004
682    0.6150001
683    0.56700003
684    2.3170002
685    2.015
686    0.11100006
687    -0.594
688    -0.22799999
689    -0.27199996
690    -0.33499998
691    -0.59499997
692    0.70300007
693    0.060000062
694    1.0900002
695    1.7190001
696    0.503
697    0.37
698    1.7490001
699    0.52400005
700    1.0940001
701    0.40500003
702    1.126
703    1.011
704    0.46500003
705    0.703
706    2.6290002
707    2.15
708    8.25
709    0.66
710    0.39200002
711    2.6780002
712    1.067
713    0.94000006
714    0.694
715    0.432
716    1.669
717    3.1030002
718    1.7390001
719    0.34800002
720    0.606
721    0.934
722    4.122
723    1.0070001
724    0.47700003
725    -33.418
726    -33.506
727    -33.47
728    -33.516
729    -33.584
730    -33.117
731    -33.151
732    -33.483
733    -33.363
734    -33.398
735    -33.54
736    -33.034
737    -33.438
738    -33.116
739    -33.105
740    -8.309
741    -33.274
742    -33.402
743    -33.393
744    -33.146
745    -2.6969998
746    -4.072
747    -3.0559998
748    -2.928
749    -4.302
750    -4.107
751    -4.136
752    -4.124
753    -3.933
754    -4.0959997
755    -4.068
756    -3.61
757    -4.009
758    -4.271
759    -4.211
760    -3.839
761    -3.872
762    -4.061
763    -3.935
764    -3.7989998
765    -3.9
766    -4.011
767    -3.882
768    -4.421
769    -4.127
770    -3.85
771    -3.704
772    -4.185
773    -4.007
774    -3.8119998
775    -4.197
776    -3.8319998
777    -3.3779998
778    -3.7779999
779    -4.304
780    -3.637
781    -3.981
782    -3.7649999
783    -3.497
784    -3.817
785    -3.665
786    -3.997
787    -3.8969998
788    -3.665
789    -3.944
790    -3.373
791    -3.961
792    -3.921
793    -3.98
794    -2.925
795    -4.22
796    -3.668
797    -3.9889998
798    -3.85
799    -3.912
800    -4.005
801    -4.022
802    -3.695
803    -4.106
804    -3.869
805    -3.599
806    -4.036
807    -4.064
808    -3.77
809    -4.053
810    -4.013
811    -3.392
812    -4.0959997
813    -4.007
814    -3.708
815    -4.128
816    -3.8899999
817    -3.967
818    -3.9239998
819    -3.573
820    -4.093
821    -4.179
822    -3.776
823    -4.048
824    -2.0289998
825    -3.8899999
826    -3.4829998
827    -4.081
828    -4.125
829    -3.6729999
830    -3.212
831    -2.954
832    -3.762
833    -3.045
834    -3.705
835    -3.8319998
836    -3.74
837    -4.796
838    -5.106
839    -5.248
840    -3.4789999
841    -2.5329998
842    -3.1479998
843    -3.599
844    -3.3679998
845    -9.094
846    -8.361
847    -10.089
848    -9.19
849    -9.299
850    -5.897
851    -5.061
852    -5.888
853    -4.8809996
854    -4.168
855    -5.461
856    -5.675
857    -5.557
858    -5.482
859    -5.574
860    -2.4239998
861    0.77300024
862    -3.826
863    -3.3249998
864    -3.646
865    -8.969
866    -6.733
867    -8.938
868    -8.255
869    -9.134
870    -8.039
871    -7.2959995
872    -9.278
873    -9.087
874    -7.79
875    -8.43
876    -9.226
877    -9.246
878    -8.023
879    -6.962
880    -4.001
881    -3.395
882    -5.193
883    -4.745
884    -4.781
885    -8.1119995
886    -9.117
887    -8.904
888    -8.414
889    -8.61
890    -8.9939995
891    -7.949
892    -7.573
893    -7.924
894    -8.777
895    -8.283
896    -8.024
897    -8.72
898    -6.533
899    -8.524
900    -9.639
901    -10.914
902    -11.951
903    -11.809999
904    -11.852
905    -3.111
906    -4.219
907    -2.215
908    -3.941
909    -2.659
910    -4.72
911    -3.6339998
912    -4.133
913    -2.7649999
914    -2.1209998
915    -4.44
916    -4.2799997
917    -4.1019998
918    -4.863
919    -4.2679996
920    -3.9829998
921    -4.921
922    -4.22
923    -4.436
924    -4.644
925    -5.025
926    -2.6499999
927    -5.198
928    -5.043
929    -3.847
930    -5.269
931    -4.194
932    -4.6
933    -4.674
934    -1.967
935    -4.035
936    -3.192
937    -2.7399998
938    -2.6079998
939    -4.126
940    -4.083
941    -4.9
942    -5.023
943    -4.219
944    -4.934
945    -4.9309998
946    -0.9629998
947    -3.3899999
948    -3.9819999
949    -2.8979998
950    -3.853
951    -3.185
952    -4.075
953    -4.977
954    -4.699
955    -4.699
956    -2.9629998
957    -2.6209998
958    -3.5119998
959    -4.4709997
960    -4.116
961    -4.4639997
962    -4.937
963    -3.882
964    -4.993
965    -4.006
966    -2.4559999
967    -4.473
968    -3.146
969    -4.113
970    -3.7429998
971    -4.338
972    -3.843
973    -3.931
974    -3.771
975    -3.435
976    -1.185
977    -4.324
978    -3.689
979    -4.245
980    -4.119
981    -2.758
982    -3.6299999
983    -4.194
984    -3.9889998
985    -4.429
986    -3.1209998
987    -4.828
988    -2.6139998
989    -2.481
990    -2.899
991    -4.361
992    -4.0769997
993    -4.4259996
994    -4.156
995    -4.384
996    -4.3059998
997    -4.647
998    -3.188
999    -3.6859999
1000    -3.6369998
1001    -2.9429998
1002    -2.712
1003    -2.7499998
1004    -4.016
1005    -3.3119998
1006    -4.704
1007    -3.948
1008    -4.665
1009    -3.3569999
1010    -2.195
1011    -2.9269998
1012    -3.7819998
1013    -4.229
1014    -4.336
1015    -2.761
1016    -4.824
1017    -4.733
1018    -4.341
1019    -2.886
1020    -3.564
1021    -2.9859998
1022    -2.8549998
1023    -4.17
1024    -4.263
1025    -3.2729998
1026    -4.4
1027    -3.323
1028    -4.324
1029    -4.1029997
1030    -4.755
1031    -3.1069999
1032    -4.885
1033    -4.421
1034    -4.3719997
1035    -3.514
1036    -3.3799999
1037    -3.738
1038    -0.9579997
1039    -3.4469998
1040    -4.3669996
1041    -4.955
1042    -4.65
1043    -4.6809998
1044    -4.8859997
1045    -4.732
1046    -3.99
1047    -3.0449998
1048    -2.1469998
1049    -4.2869997
1050    -4.364
1051    -3.7299998
1052    -4.222
1053    -4.3269997
1054    -4.101
1055    -4.029
1056    -4.763
1057    -4.6809998
1058    -2.9919999
1059    -2.7369998
1060    -4.638
1061    -3.705
1062    -2.4499998
1063    -3.7789998
1064    -2.9869998
1065    -1.9439998
1066    -2.3999999
1067    -3.8799999
1068    -3.691
1069    -3.405
1070    0.53100014
1071    -4.183
1072    -2.837
1073    -2.113
1074    -1.6869998
1075    0.8850002
1076    0.37500048
1077    -0.40299988
1078    1.3060002
1079    -0.553
1080    1.3800001
1081    -0.30499983
1082    0.28500032
1083    -0.23199987
1084    -1.3479996
1085    -0.92299986
1086    -1.3519998
1087    2.059
1088    -1.4129996
1089    -1.0939999
1090    0.5260005
1091    0.7890005
1092    -1.481
1093    -0.9789996
1094    4.602
1095    1.8900003
1096    -0.4659996
1097    0.3710003
1098    -1.6279998
1099    -0.7949996
1100    0.26000023
1101    0.67400026
1102    -0.15999985
1103    -0.26499987
1104    4.9560003
1105    -0.23799992
1106    -1.2349997
1107    -0.23099995
1108    -1.2799997
1109    -0.46099997
1110    0.055000305
1111    0.8170004
1112    -1.1949997
1113    -0.84699965
1114    -0.40999985
1115    -0.71699953
1116    -0.018999577
1117    1.5460005
1118    1.1530004
1119    -1.3979998
1120    -0.37199974
1121    -0.39999962
1122    1.0240002
1123    -0.6799998
1124    0.5140004
1125    -0.5089998
1126    0.27900028
1127    -0.8329997
1128    -0.61899996
1129    -1.0499997
1130    -0.1319995
1131    0.9920001
1132    -0.3699999
1133    -1.1099997
1134    0.011000156
1135    -1.4829998
1136    0.42800045
1137    0.40300035
1138    -1.3829999
1139    1.5470004
1140    -0.4239998
1141    -0.35199976
1142    0.09200001
1143    0.9430003
1144    1.4230003
1145    0.3000002
1146    -0.08799982
1147    0.09100008
1148    0.8390002
1149    -0.045999527
1150    1.4380002
1151    0.04700041
1152    1.1170001
1153    3.2850008
1154    1.1240001
1155    0.37500048
1156    -0.12899971
1157    0.55200005
1158    0.42600012
1159    0.2800002
1160    1.0070004
1161    1.7280002
1162    1.2480001
1163    -0.38599968
1164    -1.2459998
1165    2.5420008
1166    0.1590004
1167    0.8120003
1168    -1.2759995
1169    -0.46699953
1170    -1.3459997
1171    1.0450006
1172    -1.3319998
1173    -0.35699987
1174    -1.1379995
1175    -1.2259998
1176    1.0140004
1177    -0.14399958
1178    1.3790002
1179    -0.6129999
1180    6.3550005
1181    -0.10999966
1182    -1.29
1183    -0.8049998
1184    -1.3519998
1185    0.6290002
1186    -0.928
1187    2.0110006
1188    -1.1569996
1189    -0.9949999
1190    -1.152
1191    -1.0109997
1192    -0.8649998
1193    0.5930004
1194    -0.50199986
1195    -0.11499977
1196    4.8900003
1197    0.23700047
1198    -1.3269997
1199    -1.4949999
1200    -1.0379996
1201    -1.3349996
1202    -0.7869997
1203    -0.0049996376
1204    -0.103999615
1205    -0.7129998
1206    -0.12299967
1207    2.1780005
1208    0.7430005
1209    0.3220005
1210    -0.60499954
1211    -1.1639996
1212    -0.57699966
1213    -0.47599983
1214    0.022000313
1215    -1.3339996
1216    -0.98499966
1217    -0.25499964
1218    1.9120002
1219    -0.61799955
1220    -0.43399954
1221    0.45600033
1222    0.23900032
1223    -1.3259997
1224    -0.62199974
1225    -0.5039997
1226    -0.2789998
1227    0.029000282
1228    2.0030003
1229    -1.1169996
1230    -0.9029999
1231    0.31100035
1232    0.1960001
1233    -0.7619996
1234    -0.03099966
1235    -0.8839998
1236    -0.91799974
1237    -0.84399986
1238    -0.23499966
1239    -1.1279998
1240    2.118
1241    -0.73499966
1242    -0.91299963
1243    -1.2129998
1244    -0.9879999
1245    0.4760003
1246    -1.2819996
1247    -0.6199999
1248    -1.145
1249    -1.1399999
1250    -0.05199957
1251    0.3800001
1252    -0.8589997
1253    0.9450002
1254    -0.11399984
1255    0.54900026
1256    -1.1179996
1257    -0.5749998
1258    -0.85999966
1259    0.7930002
1260    -0.97999954
1261    -1.2679996
1262    -1.0849996
1263    -0.895
1264    -0.5619998
1265    -0.19199991
1266    -0.2159996
1267    -0.49699974
1268    0.97800016
1269    -1.0369997
1270    11.833
1271    0.5370002
1272    -1.1749997
1273    0.2430005
1274    -2.103
1275    -3.2979999
1276    -3.573
1277    -2.4359999
1278    -3.563
1279    -1.152
1280    -3.597
1281    -3.491
1282    -4.203
1283    -3.2789998
1284    -3.3109999
1285    -4.297
1286    -3.61
1287    -3.806
1288    -4.215
1289    -4.583
1290    -3.2389998
1291    -4.248
1292    -4.249
1293    -3.5459998
1294    -4.029
1295    -4.3339996
1296    -2.985
1297    -2.3489997
1298    -3.2949998
1299    -4.094
1300    -0.08199978
1301    -4.4769998
1302    -4.389
1303    0.029000282
1304    -3.8509998
1305    -3.6969998
1306    -3.625
1307    -1.7049999
1308    -4.1099997
1309    4.120001
1310    -1.7129998
1311    -2.8839998
1312    -3.465
1313    -4.336
1314    -3.379
1315    -2.3909998
1316    -3.689
1317    -2.2919998
1318    -3.761
1319    -4.457
1320    -4.547
1321    -0.68899965
1322    -3.0549998
1323    -2.7799997
1324    -4.4769998
1325    -3.369
1326    -3.8089998
1327    -3.0719998
1328    -3.745
1329    -3.6959999
1330    -4.432
1331    -2.893
1332    -2.9129999
1333    -2.6399999
1334    -0.24399996
1335    -3.074
1336    -1.8629999
1337    -4.218
1338    -0.6419997
1339    -2.922
1340    -2.715
1341    -0.6439996
1342    -4.4519997
1343    -3.439
1344    -1.8589997
1345    -3.491
1346    -3.652
1347    -4.0699997
1348    -3.745
1349    -3.0749998
1350    -3.3709998
1351    -2.4339998
1352    -4.425
1353    -2.3539999
1354    -2.0149999
1355    -4.392
1356    -3.951
1357    -3.781
1358    -3.327
1359    -3.3309999
1360    -3.863
1361    -2.866
1362    -1.7689998
1363    -3.7389998
1364    -3.4039998
1365    -3.5059998
1366    -4.164
1367    -3.0849998
1368    -2.9459999
1369    -3.0839999
1370    -1.2249999
1371    -3.566
1372    -2.8849998
1373    -3.9169998
1374    -0.6169996
1375    -0.89299965
1376    -3.791
1377    -2.5289998
1378    -4.097
1379    -3.224
1380    -3.1299999
1381    -0.21299982
1382    -3.898
1383    -3.6149998
1384    -3.5779998
1385    -3.129
1386    -1.7099996
1387    -2.9969997
1388    -3.541
1389    -3.126
1390    -2.2649999
1391    -3.235
1392    -3.267
1393    -3.162
1394    -2.2879999
1395    -4.059
1396    -3.1479998
1397    -3.1339998
1398    -3.606
1399    -0.7709999
1400    -2.4129999
1401    -4.3199997
1402    -2.9469998
1403    -4.005
1404    -4.355
1405    -2.6369998
1406    -4.2419996
1407    -3.524
1408    -0.6069999
1409    -4.215
1410    -4.298
1411    -1.3789997
1412    -2.0389998
1413    -4.291
1414    -2.488
1415    -3.8809998
1416    -4.341
1417    -3.7749999
1418    -4.0109997
1419    -1.8449998
1420    -3.418
1421    -3.79
1422    -3.866
1423    -4.44
1424    -4.291
1425    -3.949
1426    -3.8939998
1427    -3.597
1428    -4.233
1429    -3.178
1430    -3.786
1431    -3.8309999
1432    -3.3649998
1433    -3.682
1434    -3.8799999
1435    -3.883
1436    -3.5359998
1437    -3.577
1438    -4.149
1439    -3.8549998
1440    -3.622
1441    -4.246
1442    -3.84
1443    -3.712
1444    -3.9629998
1445    -3.6069999
1446    -3.997
1447    -3.6899998
1448    -3.873
1449    -3.4829998
1450    -4.015
1451    -3.833
1452    -4.3389997
1453    -3.28
1454    -2.451
1455    -4.147
1456    -3.981
1457    -3.975
1458    -3.679
1459    -3.622
1460    -3.714
1461    -3.9269998
1462    -4.062
1463    -3.2269998
1464    -3.9689999
1465    -3.6269999
1466    -4.106
1467    -3.898
1468    -3.7389998
1469    -3.988
1470    -4.087
1471    -3.975
1472    -3.451
1473    -4.035
1474    -3.931
1475    -4.174
1476    -3.957
1477    -3.6599998
1478    -4.088
1479    -3.389
1480    -1.685
1481    0.10200024
1482    1.3120003
1483    -1.5149999
1484    -1.448
1485    2.0350008
1486    -3.2169998
1487    -3.586
1488    -3.6839998
1489    -3.7029998
1490    -3.5419998
1491    -3.435
1492    -3.846
1493    -2.9569998
1494    -3.0949998
1495    -3.827
1496    -3.905
1497    -2.531
1498    -2.2009997
1499    -4.274
1500    0.61500025
1501    -2.83
1502    -2.847
1503    -3.859
1504    -3.957
1505    -0.71399975
1506    -3.79
1507    -2.228
1508    -3.491
1509    -3.62
1510    -3.704
1511    -4.33
1512    -4.3059998
1513    -3.8409998
1514    -2.455
1515    -2.824
1516    -2.3309999
1517    -3.3059998
1518    -3.024
1519    -1.0439999
1520    -1.3439999
1521    -3.0419998
1522    -3.5049999
1523    -2.189
1524    -2.2529998
1525    -2.347
1526    -3.5279999
1527    -1.237
1528    -2.813
1529    -3.0349998
1530    -3.2419999
1531    -1.7649999
1532    -3.383
1533    -3.2719998
1534    -2.8079998
1535    -3.326
1536    -2.1349998
1537    -3.61
1538    -2.751
1539    -2.7169998
1540    -3.613
1541    -2.981
1542    -3.58
1543    -1.2909999
1544    -3.6509998
1545    -2.304
1546    -1.9329996
1547    -3.938
1548    -1.4239998
1549    -2.6439998
1550    -3.053
1551    -3.0749998
1552    -2.6139998
1553    -4.001
1554    -3.8219998
1555    -3.556
1556    -2.87
1557    -1.5739999
1558    -0.10999966
1559    -2.962
1560    -3.6369998
1561    -2.629
1562    -3.8089998
1563    -4.115
1564    -3.507
1565    -3.431
1566    -2.8549998
1567    -3.1829998
1568    -3.9789999
1569    -3.77
1570    -1.9709997
1571    -3.3209999
1572    0.86500025
1573    -1.7509999
1574    -2.0499997
1575    -2.4739997
1576    -3.2549999
1577    -2.9539998
1578    -3.866
1579    -3.6139998
1580    -4.097
1581    -4.137
1582    -3.7329998
1583    -2.8339999
1584    -3.6609998
1585    -2.3739998
1586    -0.6409998
1587    -1.9719996
1588    -2.9409997
1589    -4.349
1590    -4.008
1591    -3.4669998
1592    -2.8019998
1593    -3.2359998
1594    -3.8089998
1595    -2.86
1596    -1.8459997
1597    -3.771
1598    -4.187
1599    -3.7689998
1600    -4.171
1601    -4.2349997
1602    -2.3229997
1603    -3.8799999
1604    -2.8879998
1605    -3.1309998
1606    -2.222
1607    -1.7849998
1608    -4.1289997
1609    -2.192
1610    -3.2029998
1611    -3.4399998
1612    -2.577
1613    4.736
1614    -2.6709998
1615    -3.4569998
1616    -2.1609998
1617    -3.281
1618    -3.4429998
1619    -1.4289999
1620    -2.728
1621    3.0600004
1622    -2.504
1623    -3.228
1624    -2.6609998
1625    -2.1769998
1626    -3.4799998
1627    -3.1699998
1628    -2.985
1629    -2.1769998
1630    -3.0609999
1631    -3.7519999
1632    -3.0589998
1633    -3.725
1634    -3.964
1635    -2.715
1636    -4.074
1637    -3.324
1638    -3.7199998
1639    -2.1
1640    -1.9029999
1641    -0.93099976
1642    -3.2029998
1643    -3.537
1644    0.22600031
1645    -3.1859999
1646    -3.7719998
1647    -3.5029998
1648    -2.7109997
1649    -2.7129998
1650    -3.5489998
1651    -3.952
1652    -3.277
1653    -4.04
1654    -3.9259999
1655    -1.9109998
1656    -4.134
1657    -0.05499983
1658    -3.5509999
1659    -4.194
1660    -3.646
1661    -3.9329998
1662    -3.931
1663    -4.015
1664    -3.5489998
1665    -4.21
1666    -1.7189999
1667    -3.725
1668    -3.271
1669    7.455001
1670    -1.0879998
1671    -4.19
1672    -3.9689999
1673    -4.152
1674    -4.024
1675    -3.4329998
1676    -3.702
1677    -3.9139998
1678    -4.2939997
1679    -3.2459998
1680    -4.142
1681    -3.9029999
1682    -3.372
1683    -2.7429998
1684    -4.112
1685    -1.73
1686    -0.6999998
1687    -3.5029998
1688    -3.4759998
1689    -3.6899998
1690    -4.172
1691    -4.0839996
1692    -3.715
1693    -4.066
1694    -3.866
1695    -4.113
1696    -4.2
1697    -3.1279998
1698    -3.474
1699    -3.8969998
1700    -3.7359998
1701    -3.813
1702    -3.61
1703    -3.761
1704    -3.8049998
1705    -0.82299995
1706    -2.1009998
1707    -3.541
1708    -3.764
1709    -3.734
1710    -4.167
1711    -2.8249998
1712    -3.096
1713    -3.8799999
1714    -2.859
1715    -3.9589999
1716    0.1800003
1717    -3.758
1718    -3.773
1719    -1.4979997
1720    -3.31
1721    1.6870003
1722    -3.1379998
1723    -3.837
1724    -4.023
1725    -4.167
1726    -1.513
1727    -3.6739998
1728    -4.16
1729    -3.4239998
1730    -3.3419998
1731    -4.141
1732    -3.75
1733    -4.1099997
1734    -3.188
1735    -2.8409998
1736    -3.2649999
1737    -3.137
1738    -3.9169998
1739    -3.185
1740    -4.085
1741    -3.0199997
1742    -4.1809998
1743    -2.212
1744    -3.0249999
1745    -1.0669999
1746    -1.925
1747    -3.98
1748    -3.7549999
1749    -2.1899998
1750    -4.0039997
1751    -3.7749999
1752    -3.33
1753    -3.2979999
1754    -1.1789999
1755    -4.087
1756    -3.9069998
1757    -1.1509995
1758    -0.32599974
1759    -3.6629999
1760    -2.9699998
1761    -1.8599997
1762    -2.0679998
1763    -4.2139997
1764    -1.6789999
1765    -4.163
1766    -3.5259998
1767    -4.149
1768    -1.3999996
1769    -3.6079998
1770    -4.116
1771    -3.8709998
1772    -3.531
1773    -3.4819999
1774    -4.252
1775    -4.14
1776    -2.166
1777    -4.182
1778    -2.5279999
1779    -2.961
1780    -4.08
1781    -2.9899998
1782    -2.5519998
1783    -3.6409998
1784    -2.3119998
1785    -2.4259999
1786    -3.9659998
1787    -3.6999998
1788    -3.7619998
1789    -3.451
1790    -2.985
1791    -1.8449998
1792    -3.85
1793    -3.8999999
1794    -3.2289999
1795    -2.2079997
1796    -3.448
1797    -3.744
1798    -3.4819999
1799    -3.61
1800    -3.0659997
1801    -1.1689997
1802    -3.655
1803    -3.05
1804    -4.21
1805    -2.7699997
1806    -3.678
1807    -1.0489998
1808    -3.5319998
1809    -3.823
1810    -3.5779998
1811    -2.9669998
1812    -4.078
1813    -1.5619998
1814    -3.3319998
1815    -3.0709999
1816    -4.026
1817    -3.931
1818    -3.5909998
1819    -3.869
1820    -2.508
1821    -3.583
1822    -3.2289999
1823    -2.4899998
1824    -3.0479999
1825    -3.711
1826    -3.692
1827    -3.2459998
1828    -2.2109997
1829    -3.754
1830    -2.1149998
1831    -2.5719998
1832    -3.2959998
1833    -1.7519999
1834    -3.645
1835    -2.4399998
1836    -2.8439999
1837    -3.975
1838    -2.3899999
1839    -3.2859998
1840    -4.0099998
1841    -2.7589998
1842    -3.1379998
1843    -3.6179998
1844    -4.124
1845    -2.9639997
1846    -3.955
1847    -2.7129998
1848    -3.639
1849    -1.8999996
1850    -3.1249998
1851    -3.1959999
1852    -2.3279998
1853    -3.33
1854    -2.6639998
1855    0.71600056
1856    -3.326
1857    -3.754
1858    -3.699
1859    -3.974
1860    -3.7759998
1861    -3.52
1862    -3.441
1863    -3.777
1864    -1.75
1865    -4.007
1866    -3.359
1867    -1.9059997
1868    -2.7499998
1869    -3.731
1870    0.7170005
1871    1.2820005
1872    -2.649
1873    -4.094
1874    -3.59
1875    -3.1339998
1876    -2.583
1877    -1.5179996
1878    -2.0159998
1879    -3.6639998
1880    -1.3449998
1881    -3.579
1882    -4.003
1883    -1.7289996
1884    -3.86
1885    -1.9979997
1886    -2.6169999
1887    -3.52
1888    -3.425
1889    -3.62
1890    -2.3219998
1891    -3.031
1892    -3.771
1893    -1.5049996
1894    -4.061
1895    -2.859
1896    -3.1269999
1897    -3.708
1898    -2.6729999
1899    -1.9529996
1900    -3.4819999
1901    -3.8149998
1902    -3.8339999
1903    -3.5449998
1904    -3.0429997
1905    -3.2159998
1906    -3.6469998
1907    -3.725
1908    -2.9739997
1909    -3.804
1910    -3.7779999
1911    -3.814
1912    -4.06
1913    -2.5589998
1914    -3.429
1915    -3.133
1916    -4.049
1917    -2.883
1918    -3.4789999
1919    -3.455
1920    -1.5309997
1921    -3.9069998
1922    -2.6139998
1923    -2.5819998
1924    -0.72699976
1925    -0.7709999
1926    -2.6469998
1927    -3.0849998
1928    0.42600012
1929    -3.745
1930    -1.4189997
1931    -3.182
1932    -2.9469998
1933    -3.666
1934    -3.165
1935    -2.889
1936    -3.8179998
1937    -2.8109999
1938    -3.711
1939    -3.225
1940    -3.211
1941    -3.1269999
1942    -3.84
1943    -3.885
1944    -2.9239998
1945    -2.925
1946    -2.235
1947    -1.6409998
1948    -3.678
1949    2.6400003
1950    -1.3149996
1951    -3.6699998
1952    -3.3319998
1953    -2.9409997
1954    -2.939
1955    -3.5249999
1956    -2.3619998
1957    -3.833
1958    -3.9139998
1959    -3.767
1960    -3.576
1961    -1.9879999
1962    -3.5059998
1963    -3.5129998
1964    -2.8259997
1965    -2.787
1966    -2.241
1967    -3.416
1968    -2.353
1969    -3.3749998
1970    -3.504
1971    -2.554
1972    -3.3049998
1973    -2.4829998
1974    0.3340001
1975    -1.9319997
1976    -3.008
1977    -3.3419998
1978    -0.5539999
1979    -3.7979999
1980    -0.36099958
1981    -2.7519999
1982    -3.6609998
1983    -3.1929998
1984    0.5050001
1985    -2.8119998
1986    -2.6929998
1987    -2.7559998
1988    -2.574
1989    -1.3259997
1990    -3.339
1991    -2.839
1992    -3.646
1993    -3.4109998
1994    -3.2959998
1995    -3.62
1996    -0.034999847
1997    -4.054
1998    -3.587
1999    -2.814
2000    -4.074
2001    -3.852
2002    3.7520008
2003    -4.054
2004    -3.8249998
2005    -3.5479999
2006    -3.741
2007    -4.21
2008    -2.6089997
2009    -3.77
2010    -4.215
2011    -0.72199965
2012    -3.7819998
2013    -4.177
2014    -3.823
2015    -3.0939999
2016    -4.121
2017    -3.8279998
2018    -4.121
2019    -4.1679997
2020    -3.7129998
2021    -2.8649998
2022    -2.1049998
2023    -3.6539998
2024    -3.6639998
2025    -2.12
2026    -4.067
2027    -2.4279997
2028    -3.359
2029    1.0220003
2030    -2.0319998
2031    -3.82
2032    -2.9559999
2033    -2.0919998
2034    -4.127
2035    -3.932
2036    -4.109
2037    -4.251
2038    -4.321
2039    -0.6539998
2040    -3.1759999
2041    -3.3799999
2042    -1.8329997
2043    -3.3409998
2044    -3.951
2045    -3.987
2046    -3.6309998
2047    -2.56
2048    -4.3339996
2049    -3.235
2050    -3.9829998
2051    -3.9529998
2052    -3.3909998
2053    -2.113
2054    -1.881
2055    -4.023
2056    -3.606
2057    -2.87
2058    -3.6139998
2059    -3.727
2060    -3.5249999
2061    -3.4039998
2062    -2.8619998
2063    -3.449
2064    -3.9069998
2065    -3.895
2066    -3.008
2067    -3.596
2068    -2.3349998
2069    -3.9929998
2070    -4.224
2071    -4.082
2072    -3.1929998
2073    -4.2
2074    -3.689
2075    -3.646
2076    -2.1979997
2077    -4.066
2078    -4.175
2079    -3.8319998
2080    1.0520005
2081    -1.9589996
2082    -4.003
2083    -3.919
2084    -4.023
2085    -3.9459999
2086    -3.817
2087    -1.0119996
2088    -2.435
2089    -3.3109999
2090    -3.432
2091    -3.863
2092    -3.28
2093    -3.761
2094    -2.4069998
2095    -3.949
2096    -3.7199998
2097    -3.1699998
2098    -3.3799999
2099    -3.228
2100    -1.8539996
2101    -2.8079998
2102    -4.25
2103    -2.024
2104    -3.136
2105    -3.931
2106    -3.7199998
2107    -3.257
2108    -3.6209998
2109    -2.58
2110    -3.921
2111    -3.0319998
2112    -4.099
2113    0.5380001
2114    -4.3599997
2115    -3.744
2116    -3.862
2117    -3.6
2118    -4.241
2119    -4.0559998
2120    -2.4429998
2121    -3.103
2122    -3.984
2123    -3.1119998
2124    -2.7979999
2125    -3.501
2126    -2.6869998
2127    -3.987
2128    -3.0839999
2129    -4.054
2130    -3.606
2131    -3.8669999
2132    -2.636
2133    -2.1799998
2134    -2.2649999
2135    -1.1969995
2136    -3.6629999
2137    -3.76
2138    -2.5489998
2139    -3.7289999
2140    -4.118
2141    -4.079
2142    -3.212
2143    -4.127
2144    -3.8409998
2145    -2.5359998
2146    -3.05
2147    -4.185
2148    -3.472
2149    -4.022
2150    -3.8709998
2151    -2.8219998
2152    -3.0419998
2153    -2.56
2154    -3.267
2155    -3.07
2156    -0.849
2157    -2.5419998
2158    -3.0819998
2159    -4.105
2160    -4.2419996
2161    -3.2659998
2162    -4.132
2163    -3.268
2164    -2.942
2165    -3.609
2166    -4.252
2167    -3.014
2168    -3.054
2169    -3.791
2170    -3.3679998
2171    -3.6759999
2172    -4.1019998
2173    -3.804
2174    -1.5569997
2175    -2.7269998
2176    -2.2439997
2177    -2.4939997
2178    -3.826
2179    -2.2329998
2180    -2.5889997
2181    -3.625
2182    -2.718
2183    -3.9759998
2184    -3.541
2185    -3.987
2186    -3.5479999
2187    -2.735
2188    -3.231
2189    -3.498
2190    -4.148
2191    -4.111
2192    -2.938
2193    -3.579
2194    -3.531
2195    -3.027
2196    -3.27
2197    -3.6469998
2198    -3.8669999
2199    -4.079
2200    -3.408
2201    -3.4069998
2202    -3.925
2203    -1.3959999
2204    -4.232
2205    -2.3639998
2206    -3.514
2207    -3.137
2208    -3.451
2209    -1.1439996
2210    -2.8749998
2211    -3.7029998
2212    -3.9259999
2213    -2.744
2214    -3.7089999
2215    -0.20199966
2216    -4.014
2217    -3.202
2218    -3.0419998
2219    -2.3119998
2220    -3.8569999
2221    -3.087
2222    14.726002
2223    -3.771
2224    -3.1579998
2225    -3.518
2226    2.1880007
2227    -3.3649998
2228    -1.9359999
2229    -1.1329999
2230    -3.7059999
2231    -2.9499998
2232    -2.3559997
2233    -3.985
2234    -3.03
2235    -3.0549998
2236    -4.267
2237    -3.4469998
2238    -3.9589999
2239    -3.1709998
2240    -3.6959999
2241    -4.336
2242    -3.8279998
2243    -2.79
2244    -3.162
2245    -2.735
2246    -1.6339998
2247    -2.6479998
2248    -2.4569998
2249    -3.666
2250    -3.3579998
2251    -2.0789998
2252    -2.1899998
2253    -3.7759998
2254    -1.849
2255    -2.9309998
2256    -3.5349998
2257    -3.1539998
2258    -2.873
2259    -4.206
2260    -3.929
2261    -3.612
2262    -1.454
2263    -2.7419999
2264    -3.3479998
2265    -3.0949998
2266    -2.939
2267    -2.557
2268    -3.564
2269    -4.023
2270    -3.557
2271    -3.2649999
2272    -3.5509999
2273    -3.671
2274    -2.6539998
2275    -3.931
2276    -2.3279998
2277    -3.672
2278    -1.0619998
2279    -4.347
2280    -2.981
2281    -2.6549997
2282    -3.34
2283    -3.4029999
2284    -3.6139998
2285    -3.238
2286    -2.978
2287    -3.7089999
2288    -3.1409998
2289    -3.7069998
2290    -3.62
2291    -3.4529998
2292    -3.1509998
2293    -3.714
2294    -3.806
2295    1.6960006
2296    -3.5449998
2297    -3.649
2298    -3.11
2299    -2.4469998
2300    -3.475
2301    -3.813
2302    -0.27599955
2303    -2.9539998
2304    -4.31
2305    0.83600044
2306    -2.952
2307    -3.0619998
2308    -4.087
2309    -4.4
2310    -4.342
2311    -2.1699998
2312    -4.243
2313    -2.0709999
2314    -3.241
2315    -4.2
2316    -2.9369998
2317    -4.244
2318    -2.0279999
2319    -4.1689997
2320    -2.3319998
2321    -3.8969998
2322    -4.166
2323    -3.896
2324    -3.3149998
2325    -1.4239998
2326    -3.5709999
2327    -3.5279999
2328    -4.1689997
2329    0.6130004
2330    -3.872
2331    -3.8449998
2332    -3.7589998
2333    -2.751
2334    -3.919
2335    -4.2269998
2336    -2.4709997
2337    -3.2089999
2338    -3.865
2339    -3.55
2340    -3.491
2341    -3.1109998
2342    -4.111
2343    -3.001
2344    -3.1309998
2345    -3.84
2346    -4.3529997
2347    -4.039
2348    -2.27
2349    -4.038
2350    -2.9329998
2351    -4.1029997
2352    -4.286
2353    -3.275
2354    -1.185
2355    -2.8999999
2356    -2.2389998
2357    -3.4629998
2358    -4.008
2359    -4.032
2360    -3.541
2361    -3.7649999
2362    -4.23
2363    -3.899
2364    -1.875
2365    -4.055
2366    -3.957
2367    -1.0769997
2368    -3.4299998
2369    -3.2729998
2370    -3.833
2371    -4.133
2372    -3.1609998
2373    -3.633
2374    -1.8139997
2375    -4.029
2376    -3.842
2377    -3.87
2378    -3.205
2379    -3.866
2380    -3.27
2381    -3.1859999
2382    -3.86
2383    -2.9769998
2384    -2.405
2385    -4.14
2386    -2.7929997
2387    -3.497
2388    -3.9459999
2389    -3.748
2390    -4.231
2391    -2.4799998
2392    -3.5689998
2393    -4.021
2394    -4.349
2395    -3.8209999
2396    -3.5119998
2397    -3.5359998
2398    -4.316
2399    -2.869
2400    -3.9789999
2401    -3.639
2402    -4.021
2403    -3.0849998
2404    -3.366
2405    -3.7549999
2406    -3.4899998
2407    -3.6269999
2408    -3.304
2409    -1.3499999
2410    -2.524
2411    -2.4989998
2412    -3.6179998
2413    -3.4259999
2414    -3.896
2415    -2.4769998
2416    -1.2609997
2417    -3.711
2418    -4.113
2419    -2.0619998
2420    -2.0619998
2421    -3.3209999
2422    -4.105
2423    -3.922
2424    -4.174
2425    -3.349
2426    -3.9429998
2427    -2.82
2428    -2.4659998
2429    -4.178
2430    -2.7489998
2431    -3.139
2432    -3.9699998
2433    -4.118
2434    -3.0229998
2435    -4.337
2436    -3.847
2437    -4.0
2438    -3.793
2439    -4.3
2440    -3.866
2441    -3.692
2442    -4.0179996
2443    -4.2089996
2444    -4.335
2445    -2.241
2446    -2.4859998
2447    -4.094
2448    -3.829
2449    -4.335
2450    -3.356
2451    -2.6399999
2452    -3.474
2453    -3.484
2454    -2.4459999
2455    -2.3159997
2456    -3.8439999
2457    -4.2269998
2458    -3.1929998
2459    -3.655
2460    -3.9169998
2461    -4.086
2462    -3.9029999
2463    -3.468
2464    -3.915
2465    -4.029
2466    -1.606
2467    -3.817
2468    0.5520005
2469    -3.425
2470    -3.639
2471    -3.774
2472    -2.0499997
2473    -3.376
2474    -3.3119998
2475    -3.0719998
2476    -3.2169998
2477    -2.1529999
2478    -1.9579997
2479    -3.1439998
2480    -2.7189999
2481    -4.222
2482    -2.852
2483    -3.514
2484    -4.017
2485    -3.764
2486    -3.928
2487    -2.656
2488    -3.2819998
2489    -3.501
2490    -1.8719997
2491    -3.691
2492    -2.1879997
2493    -3.0649998
2494    -3.987
2495    -4.2349997
2496    -3.4139998
2497    -3.0919998
2498    -3.449
2499    -3.888
2500    -2.9739997
2501    -3.346
2502    -3.149
2503    -3.0679998
2504    -3.662
2505    -4.003
2506    -2.8479998
2507    -3.4239998
2508    -3.6079998
2509    -2.6209998
2510    -3.82
2511    -4.348
2512    -4.156
2513    -1.9029999
2514    -3.4589999
2515    -3.3879998
2516    -1.7869997
2517    -1.9289999
2518    -3.9359999
2519    -4.134
2520    -3.5259998
2521    -2.0159998
2522    -3.291
2523    -3.2659998
2524    -3.4329998
2525    -4.128
2526    -3.6499999
2527    0.53200054
2528    -4.187
2529    -1.895
2530    -3.1509998
2531    -3.5189998
2532    -3.06
2533    -4.049
2534    -2.9699998
2535    -3.8219998
2536    -2.3539999
2537    -1.0119996
2538    -2.2889998
2539    -0.2539997
2540    -3.9169998
2541    -3.712
2542    -4.108
2543    -3.6599998
2544    -4.1359997
2545    -2.8639998
2546    -4.0369997
2547    -3.9689999
2548    -0.38099957
2549    -0.37999964
2550    -4.288
2551    -2.922
2552    -2.7919998
2553    -3.1569998
2554    -3.9629998
2555    -3.3009999
2556    -3.412
2557    -3.1699998
2558    -2.34
2559    -3.9039998
2560    -4.115
2561    -4.319
2562    -3.951
2563    -2.4999998
2564    -3.5449998
2565    -3.6179998
2566    -3.6669998
2567    -4.139
2568    -3.8009999
2569    -3.3349998
2570    -4.149
2571    -2.836
2572    -4.1359997
2573    -1.3989997
2574    -3.7189999
2575    -3.796
2576    -1.7379999
2577    -3.712
2578    -1.4229999
2579    -3.1539998
2580    -3.54
2581    -2.001
2582    -3.9789999
2583    -3.1
2584    -4.0439997
2585    -3.6469998
2586    -3.948
2587    -3.0549998
2588    -2.619
2589    -2.3979998
2590    -3.906
2591    -3.1999998
2592    -4.006
2593    -3.5549998
2594    1.5530005
2595    -2.1539998
2596    -3.8639998
2597    -2.3079998
2598    -3.606
2599    -2.442
2600    -2.8219998
2601    -3.8969998
2602    -4.101
2603    -3.27
2604    -3.819
2605    4.4630003
2606    -3.9229999
2607    -2.145
2608    -3.5249999
2609    -2.916
2610    -3.2549999
2611    -4.1359997
2612    -3.705
2613    -3.4209998
2614    -2.3739998
2615    -3.689
2616    -2.0149999
2617    -2.0149999
2618    -3.485
2619    -2.2269998
2620    -3.4859998
2621    -3.7069998
2622    -3.4959998
2623    -3.5809999
2624    -2.6909997
2625    -0.024999619
2626    -4.128
2627    -3.3149998
2628    -2.9569998
2629    1.2420006
2630    -1.592
2631    -3.133
2632    -3.876
2633    -1.9969997
2634    -2.422
2635    -2.4919999
2636    -1.6729999
2637    -0.9459996
2638    -4.131
2639    -3.679
2640    -3.0259998
2641    -3.9129999
2642    -3.0719998
2643    -3.2129998
2644    -2.32
2645    -3.415
2646    -1.2449999
2647    -3.0229998
2648    -1.5479999
2649    -4.249
2650    -4.1099997
2651    -4.09
2652    -4.134
2653    -2.7029998
2654    -4.262
2655    -3.774
2656    -3.3749998
2657    -3.9699998
2658    -4.115
2659    -3.8109999
2660    -3.9729998
2661    -3.445
2662    -2.616
2663    0.6930003
2664    -2.09
2665    -3.967
2666    -2.9399998
2667    -2.0169997
