0    -28.647
1    -28.304
2    -28.451
3    -27.336
4    -28.744999
5    -28.617
6    -28.471
7    -28.857
8    -28.59
9    -4.7539997
10    -7.558
11    -6.303
12    -6.094
13    -8.05
14    -6.309
15    -6.3059998
16    -6.863
17    -5.773
18    -5.691
19    -7.072
20    -8.12
21    -8.875999
22    -5.508
23    -4.73
24    -7.574
25    -6.41
26    -7.011
27    -5.8719997
28    -5.509
29    -28.536
30    -28.966
31    -28.701
32    -28.629
33    -28.319
34    -28.616
35    -28.536
36    -28.457
37    -28.54
38    -28.374
39    -27.697
40    -28.383
41    -28.902
42    -27.623
43    -28.34
44    -26.914
45    -28.8
46    -28.85
47    -28.13
48    -28.45
49    -28.3
50    -28.453
51    -27.514
52    -58.465
53    -27.499
54    -58.622
55    -27.943
56    -56.821
57    -28.409
58    -58.711
59    -28.012
60    -57.561
61    -28.633
62    -27.656
63    -28.524
64    -27.934
65    -57.388
66    -28.711
67    -57.826
68    -28.378
69    -58.684
70    -28.347
71    -58.454
72    -27.671
73    -57.952
74    -28.578
75    -57.436
76    -28.682
77    -58.581
78    -28.439
79    -28.486
80    -59.033
81    -58.486
82    -28.730999
83    -58.586
84    -28.652
85    -58.54
86    -28.21
87    -58.523
88    -28.516
89    -57.713
90    -27.896
91    -59.598
92    -28.871
93    -58.478
94    -27.944
95    -58.648
96    -28.744
97    -58.697998
98    -28.71
99    -58.595
100    -28.369999
101    -58.538
102    -28.201
103    -64.889
104    -34.621
105    -63.693
106    -33.956
107    -64.433
108    -64.144
109    -34.681
110    -63.116
111    -34.524
112    -64.294
113    -34.425
114    -64.46
115    -34.736
116    -64.195
117    -32.61
118    -64.49
119    -34.094
120    -64.338
121    -34.529
122    -64.144
123    -34.045
124    -64.136
125    -34.186
126    -64.395996
127    -34.36
128    -63.322998
129    -34.708
130    -64.342
131    -34.625
132    -63.324
133    -34.629
134    -63.679
135    -33.734
136    -63.461
137    -33.889
138    -64.432
139    -34.118
140    -63.14
141    -34.286
142    -64.27
143    -34.275
144    -64.051
145    -34.136
146    -64.3
147    -34.782
148    -63.668
149    -34.633
150    -64.166
151    -34.568
152    -64.503
153    -34.404
154    -63.295
155    -34.824
156    -68.376
157    -33.268
158    -66.219
159    -34.408
160    -66.457
161    -34.4
162    -64.494
163    -34.333
164    -64.248
165    -33.414
166    -64.261
167    -34.447
168    -65.536
169    -33.431
170    -64.166
171    -34.116
172    -63.616
173    -33.874
174    -64.229
175    -34.31
176    -64.573
177    -32.844
178    -63.131
179    -34.29
180    -34.26
181    -64.520996
182    -64.357
183    -34.108
184    -64.635
185    -34.341
186    -64.133
187    -33.163
188    -64.215
189    -33.3
190    -64.275
191    -34.32
192    -65.417
193    -33.295
194    -64.696
195    -34.482
196    -64.308
197    -34.194
198    -64.322
199    -34.714
200    -65.617
201    -34.784
202    -64.322
203    -34.167
204    -62.918
205    -34.515
206    -64.824
207    -33.495
208    -64.283
209    -34.314
210    -63.147
211    -34.787
212    -64.083
213    -34.251
214    -64.407
215    -34.596
216    -63.788
217    -34.097
218    -64.584
219    -34.033
220    -64.572
221    -34.36
222    -64.74
223    -34.018
224    -64.776
225    -33.95
226    -64.43
227    -34.703
228    -69.33
229    -68.307
230    -69.481
231    -69.205
232    -68.544
233    -69.196
234    -68.213
235    -69.606
236    -69.184
237    -68.685
238    -38.287
239    -39.457
240    -68.458
241    -69.971
242    -39.496
243    -69.314
244    -39.252
245    -69.287
246    -69.621
247    -37.317
248    -69.232
249    -38.4
250    -68.595
251    -38.519
252    -69.285
253    -39.189
254    -68.507
255    -38.213
256    -34.067
257    -64.436
258    -64.523
259    -34.793
260    -64.371
261    -34.265
262    -63.408
263    -63.408
264    -34.454
265    -64.732
266    -34.23
267    -33.597
268    -64.438
269    -63.388
270    -66.643
271    -33.817
272    -63.461998
273    -28.664
274    -28.684
275    -32.705
276    -32.298
277    -32.662
278    -31.935
279    -32.335
280    -32.434
281    -31.516
282    -32.162
283    -32.582
284    -31.66
285    -32.275
286    -32.711998
287    -47.177
288    -55.41
289    -55.092
290    -54.395
291    -53.094
292    -54.218
293    -55.255
294    -55.223
295    -53.195
296    -54.209
297    -55.285
298    -55.296
299    -54.988
300    -53.935
301    -55.092
302    -54.318
303    -55.002
304    -55.032
305    -54.174
306    -54.244
307    -54.035
308    -55.04
309    -55.305
310    -53.937
311    -53.37
312    -54.197998
313    -56.16
314    -55.754
315    -55.052
316    -56.461998
317    -56.229
318    -54.331
319    -54.947998
320    -55.975998
321    -55.194
322    -55.729
323    -43.185
324    -54.25
325    -43.008
326    -43.505
327    -43.181
328    -42.473
329    -43.44
330    -43.663
331    -54.907
332    -42.14
333    -55.19
334    -43.431
335    -56.351
336    -43.204
337    -56.533
338    -41.993
339    -56.189
340    -43.416
341    -56.529
342    -51.304
343    -43.353
344    -55.986
345    -43.457
346    -56.065998
347    -43.572998
348    -55.985
349    -51.338
350    -43.353
351    -55.098
352    -43.412
353    -56.16
354    -42.391
355    -55.265
356    -51.162
357    -43.414
358    -56.231
359    -43.36
360    -56.364
361    -43.528
362    -51.082
363    -55.757
364    -43.371
365    -54.88
366    -43.072998
367    -55.131
368    -43.676
369    -51.137
370    -56.302
371    -43.263
372    -55.08
373    -43.221
374    -56.227
375    -49.969
376    -43.182
377    -56.18
378    -43.283
379    -56.008
380    -43.115
381    -56.24
382    -51.114
383    -43.267
384    -55.018
385    -43.12
386    -55.099
387    -51.183
388    -43.583
389    -42.301
390    -56.115
