0    -9.673
1    -3.623
2    -9.618
3    -9.546
4    -8.288
5    -8.078
6    -8.442
7    -9.408
8    -10.078
9    -8.748
10    -1.1519995
11    -5.4729996
12    -12.218
13    -6.527
14    -9.6189995
15    -6.8609996
16    -3.466
17    -8.886
18    -9.19
19    -9.017
20    -9.426
21    -8.277
22    -9.332
23    -9.577
24    -7.908
25    -9.059999
26    -8.267
27    -8.752
28    -7.212
29    -8.2439995
30    -10.076
31    -9.158
32    -9.721
33    -9.591
34    -9.262
35    -3.603
36    -10.331
37    -8.451
38    -9.097
39    -9.6779995
40    -8.057
41    -9.606
42    -8.873
43    -9.491
44    -10.07
45    -9.41
46    -9.592
47    -10.004
48    -6.9319997
49    -7.974
50    -7.633
51    -10.028
52    -9.42
53    -9.013
54    -8.039
55    -9.249
56    -8.09
57    -9.374
58    -9.875999
59    -7.358
60    -8.858
61    -7.3289995
62    -8.616
63    -8.585
64    -9.364
65    -6.909
66    -9.046
67    -8.101999
68    -8.684999
69    -10.006
70    -9.401
71    -8.854
72    -5.962
73    -8.894
74    -9.264
75    -8.3619995
76    -9.846
77    -9.652
78    -8.042
79    -8.26
80    -9.142
81    -8.519
82    -8.778999
83    -3.461
84    -9.18
85    -9.295
86    -9.345
87    -9.44
88    -3.133
89    -10.14
90    -10.096
91    -8.214
92    -10.037
93    -7.64
94    -8.889
95    -5.8399997
96    -3.463
97    1.2520008
98    -2.837
99    -9.946
100    -9.52
101    -6.3859997
102    -8.353
103    -8.285
104    -8.786
105    -8.255
106    -8.787
107    -7.9119997
108    -7.687
109    -9.226
110    -6.944
111    -9.791
112    -8.272
113    -9.209
114    -9.037
115    -9.625
116    -7.0759997
117    -9.923
118    -9.063
119    -6.8519998
120    -3.4229999
121    -9.757
122    -8.05
123    -9.414
124    -8.677
125    -8.278999
126    -9.116
127    -10.278
128    -8.63
129    -9.648
130    -10.347
131    -10.347
132    -7.625
133    -8.441
134    -9.431
135    -8.889
136    -8.629
137    -9.15
138    -9.8
139    -9.621
140    -8.373
141    -3.532
142    -8.259
143    -8.292
144    -7.983
145    -7.4179997
146    -9.714
147    -9.385
148    -9.191999
149    -9.875999
150    -7.04
151    -9.64
152    -6.1819997
153    -7.033
154    -8.253
155    -15.48
156    -13.979
157    -9.831
158    -13.757999
159    -13.934
160    -9.694
161    -10.028
162    -7.946
163    -10.028
164    -13.881
165    -9.434
166    -9.515
167    -3.307
168    -7.786
169    -3.545
170    -10.049
171    -10.024
172    -10.092
173    -9.8689995
174    -16.858
175    -10.046
176    -10.029
177    -13.89
178    -9.475
179    -10.064
180    -9.9279995
181    -10.091
182    -3.453
183    -16.698
184    -10.056
185    -9.947
186    -16.944
187    -3.142
188    -9.982
189    -10.066
190    -13.848
191    -9.463
192    -9.973
193    -4.439
194    -10.006
195    -3.0839999
196    -9.991
197    -13.557
198    -9.801
199    -9.997
200    -9.902
201    -7.973
202    -9.917
203    -16.754
204    -15.825
205    -9.839
206    -8.32
207    -13.829
208    -9.956
209    -10.111
210    -13.847
211    -9.911
212    -16.715
213    -10.038
214    -13.93
215    -9.892
216    -9.891
217    -9.998
218    -9.562
219    -13.96
220    -13.943
221    -9.893
222    -13.892
223    -13.625
224    -15.882
225    -9.926
226    -10.044
227    -15.886
228    -9.998
229    -9.982
230    -9.715
231    -3.5049999
232    -7.764
233    -13.929
234    -9.957
235    -13.882999
236    -9.934
237    -16.781
238    -8.333
239    -9.518
240    -10.0529995
241    -9.875999
242    -9.976
243    -9.645
244    -3.466
245    -9.9279995
246    -12.691999
247    -9.447
248    -9.971
249    -9.747
250    -10.002
251    -10.0
252    -9.979
