0    3.5660002
1    43.786003
2    2.8600001
3    4.361
4    7.453
5    12.611001
6    5.6640005
7    6.9040003
8    4.4090004
9    4.318
10    1.162
11    2.145
12    -1.528
13    1.0
14    -46.888
15    0.90700006
16    1.875
17    1.192
18    -1.354
19    -3.839
20    1.826
21    3.2150002
22    2.4250002
23    2.166
24    1.0
25    4.0280004
26    1.937
27    1.096
28    0.96200013
29    1.0
30    1.254
31    1.419
32    3.8880002
33    4.936
34    -0.85899997
35    4.703
36    2.041
37    1.0
38    1.603
39    1.0
40    3.1190002
41    3.1320002
42    1.615
43    2.383
44    2.497
45    1.871
46    3.101
47    0.148
48    -5.785
49    -1.9449999
50    0.16900001
51    6.3180003
52    1.603
53    -0.83599997
54    1.563
55    2.5900002
56    1.648
57    1.792
58    3.5830002
59    1.721
60    1.8740001
61    1.6110001
62    2.581
63    1.376
64    1.455
65    4.363
66    -28.057
67    -5.304
68    2.51
69    0.90000004
70    1.608
71    -6.732
72    2.068
73    1.0
74    1.075
75    1.757
76    1.366
77    1.544
78    11.670001
79    2.6290002
80    0.59300005
81    2.901
82    1.1570001
83    2.212
84    1.051
85    1.206
86    1.17
87    1.9030001
88    1.102
89    1.051
90    1.133
91    1.036
92    1.332
93    1.228
94    -63.313
95    1.021
96    2.4310002
97    4.5690002
98    -5.5299997
99    15.908
100    1.287
101    2.454
102    2.7450001
103    1.2910004
104    2.7470002
105    0.98600006
106    -2.2059999
107    0.062000036
108    1.376
109    2.579
110    1.873
111    2.7120001
112    2.6580002
113    0.665
114    3.469
115    1.5320001
116    1.4530001
117    2.7200003
118    -26.614
119    2.215
120    2.3390002
121    5.862
122    5.71
123    1.592
124    2.3130002
125    1.9420002
126    -6.3529997
127    9.323
128    2.895
129    1.701
130    1.613
131    2.102
132    9.541
133    5.155
134    4.153
135    1.734
136    1.7160001
137    4.419
138    16.055
139    3.079
140    12.097
141    2.2700002
142    2.686
143    5.1940002
144    3.338
145    2.206
146    1.723
147    1.337
148    4.751
149    0.24200001
150    11.007001
151    2.288
152    2.686
153    3.016
154    3.509
155    2.25
156    0.56200004
157    16.982
158    9.612
159    1.97
160    9.645
161    1.715
162    3.2350001
163    2.687
164    16.236
165    1.576
166    2.084
167    1.284
168    2.568
169    1.153
170    1.8470001
171    1.198
172    5.281
173    0.887
174    2.809
175    1.091
176    18.985
177    1.76
178    4.5690002
179    1.621
180    1.631
181    1.521
182    1.025
183    3.0930002
184    1.747
185    9.348
186    1.7750001
187    1.6250001
188    3.4250002
189    2.634
190    4.671
191    1.003
192    8.321
193    3.743
194    2.3240001
195    1.554
196    13.472
197    1.001
198    1.567
199    1.179
200    0.97700006
201    2.69
202    3.6090002
203    2.809
204    1.113
205    -0.8189999
206    0.73300004
207    2.006
208    1.283
209    2.0890002
210    5.0270004
211    7.3700004
212    1.174
213    2.523
214    -8.846
215    3.0760002
216    1.2340001
217    -0.849
218    6.63
219    4.3030005
220    -15.08
221    1.3260002
222    1.955
223    2.3130002
224    2.497
225    2.081
226    2.837
227    6.3230004
228    4.068
229    2.5310001
230    2.389
231    -13.229
232    1.338
233    -14.243
234    -13.898
235    1.238
236    1.7850001
237    6.073
238    2.554
239    -12.437
240    -11.939
241    -10.486
242    -2.199
243    6.6670003
244    -10.845
245    -8.432
246    3.696
247    1.431
248    4.479
249    2.506
250    3.2340002
251    4.239
252    -11.811
253    8.834
254    8.486
255    2.902
256    1.344
257    2.311
258    2.3920002
259    -0.40999997
260    0.275
261    1.286
262    2.147
263    2.162
264    2.7740002
265    5.659
266    -4.766
267    -42.525
268    1.556
269    4.002
270    -2.453
271    3.015
272    0.6630001
273    6.078
274    1.623
275    1.713
276    0.52500004
277    -3.8409998
278    2.6100001
279    3.7080002
280    4.61
281    1.631
282    0.69200003
283    2.178
284    0.78200006
285    3.5410004
286    0.257
287    2.456
288    1.075
289    0.15900016
290    6.6610003
291    6.813
292    1.197
293    3.2210002
294    1.756
295    0.92600006
296    -0.54899997
297    4.635
298    4.848
299    1.179
300    1.8510001
301    0.27100003
302    0.697
303    2.151
304    1.314
305    3.959
306    1.7020001
307    0.185
308    1.5550001
309    6.321
310    1.546
311    4.418
312    0.95600003
313    1.281
314    -0.12099993
315    1.396
316    2.9780002
317    1.941
318    -0.552
319    1.5990001
320    0.731
321    5.624
322    2.428
323    2.371
324    0.96900004
325    5.473
326    -1.0479999
327    0.24300002
328    0.9860003
329    -0.725
330    4.396
331    -4.304
332    -2.9109998
333    2.7300005
334    -2.9629998
335    -1.3469999
336    1.345
337    3.403
338    3.9160001
339    0.554
340    5.586
341    -0.18599999
342    1.4760001
343    31.957
344    8.948
345    -3.0109997
346    5.892
347    10.4
348    -1.436
349    2.3760002
350    -1.586
351    3.152
352    -0.39699984
353    1.3880002
354    1.107
355    2.2340002
356    2.23
357    2.055
358    4.026
359    0.66300005
360    2.7220001
361    3.1460001
362    0.81900007
363    5.07
364    9.51
365    2.053
366    1.065
367    0.6200001
368    1.2700001
369    -0.0769999
370    1.5450001
371    1.467
372    4.834
373    3.414
374    1.0990001
375    2.9850001
376    0.90200007
377    1.1620001
378    3.6160002
379    -0.621
380    1.618
381    -4.786
382    2.187
383    2.2800002
384    1.3970001
385    1.075
386    4.322
387    1.4300001
388    1.859
389    1.4760001
390    0.3340001
391    0.54700005
392    -4.005
393    -3.859
394    -3.34
395    -4.028
396    0.55
397    1.25
398    3.812
399    8.627001
400    -5.021
401    -9.705999
402    -6.11
403    5.306
404    1.3610001
405    -8.114
406    2.7450001
407    3.194
408    87.306
409    -6.267
410    -5.274
411    2.5340002
412    1.268
413    10.703
414    1.835
415    2.933
416    0.67600006
417    0.521
418    0.25300002
419    0.66
420    -7.166
421    2.5530002
422    0.823
423    3.7140002
424    0.49800003
425    -2.417
426    -2.901
427    3.13
428    4.186
429    0.73200005
430    7.326
431    -2.579
432    0.726
433    -3.095
434    0.8030001
435    -1.1789999
436    0.6580001
437    -5.612
438    -5.734
439    1.7320001
440    2.697
441    28.957
442    -6.491
443    -5.789
444    3.508
445    0.319
446    0.33900002
447    27.711
448    0.208
449    6.8490005
450    0.44300002
451    -0.61
452    -3.642
453    1.567
454    -3.8309999
455    1.187
456    17.417
457    1.3670001
458    1.6850001
459    2.716
460    0.66
461    -1.279
462    29.747
463    3.1680002
464    11.667
465    1.163
466    -5.282
467    0.61300004
468    1.8570001
469    1.7980001
470    0.44800007
471    0.58100003
472    0.4690001
473    -0.28699994
474    -3.4029999
475    -0.829
476    24.752
477    0.87700003
478    1.322
479    1.439
480    3.4810002
481    0.21000001
482    1.2260001
483    -0.30799997
484    -2.2089999
485    2.0110002
486    2.0630002
487    2.255
488    1.141
489    2.391
490    -0.24099994
491    5.916
492    0.71400005
493    2.41
494    0.1630001
495    3.117
496    5.547
497    1.6020002
498    4.6610003
499    -0.05099994
500    -0.552
501    0.7060001
502    1.521
503    17.747
504    12.982
505    2.7010002
506    -0.37199998
507    4.891
508    0.71800005
509    2.226
510    -4.587
511    1.098
512    -3.356
513    -0.486
514    4.836
515    -0.464
516    17.413
517    0.943
518    2.587
519    0.45100003
520    -0.36899996
521    -0.052999973
522    0.351
523    -3.225
524    0.89000005
525    0.47600007
526    -0.62899995
527    0.97900003
528    -0.28799987
529    1.9950001
530    3.0170002
531    0.0050001144
532    -2.115
533    0.388
534    -6.502
535    -2.4099998
536    -0.51899993
537    4.1470003
538    28.082
539    -2.172
540    4.7760005
541    1.7110001
542    1.5450001
543    -1.421
544    0.87900007
545    -3.711
546    2.176
547    -60.642
548    2.4880002
549    0.989
550    5.328
551    1.72
552    0.73500013
553    2.19
554    1.4890001
555    1.1650001
556    1.7070001
557    1.648
558    3.473
559    1.32
560    3.69
561    4.477
562    0.96000004
563    -0.20799994
564    -3.244
565    3.9650002
566    -1.1359999
567    0.046000004
568    1.2490001
569    -0.6149999
570    1.8800001
571    5.514
572    5.038
573    -4.126
574    0.27400017
575    0.89400005
576    -0.41899997
577    -5.4119997
578    -3.5389998
579    -0.22999996
580    1.475
581    2.0900002
582    0.388
583    0.537
584    0.032000065
585    3.547
586    0.8230001
587    4.1280003
588    0.80200005
589    -1.191
590    -45.164
591    0.67
592    -7.942
593    14.369
594    19.495
595    -56.505
596    0.40100002
597    5.491
598    1.6830001
599    -101.374
600    -0.9649999
601    1.8110001
602    5.745
603    1.603
604    -0.0069998503
605    0.43500003
606    -1.64
607    1.5610001
608    -0.38099992
609    -0.454
610    1.359
611    -0.478
612    0.60200024
613    1.7950001
614    5.146
615    1.473
616    1.027
617    3.035
618    0.82400006
619    2.836
620    2.525
621    1.947
622    0.51600003
623    7.461
624    16.981
625    -0.18699998
626    -1.9879999
627    1.1600001
628    1.1960001
629    0.26700002
630    -0.615
631    0.85300004
632    1.863
633    1.145
634    -0.08899993
635    3.358
636    2.828
637    9.831
638    -5.218
639    -11.414
640    0.41000003
641    1.0070001
642    -4.274
643    1.827
644    0.16100001
645    -0.3219999
646    4.219
647    1.6430001
648    0.3540001
649    1.2340001
650    1.417
651    1.093
652    3.989
653    5.5740004
654    47.003
655    3.6030002
656    0.92600006
657    3.334
658    4.018
659    0.54700005
660    -0.29599994
661    2.0110002
662    0.132
663    2.384
664    1.1170001
665    3.81
666    -1.1919999
667    -0.20599997
668    98.598
669    2.032
670    -9.144
671    7.735
672    60.648
673    -0.41099995
674    -2.145
675    2.1320002
676    3.002
677    7.537
678    -0.50899994
679    0.80100006
680    -5.634
681    5.6400003
682    7.672
683    -0.51
684    14.332
685    99.753
686    3.7230003
687    -1.204
688    9.834
689    -2.296
690    2.775
691    1.5560002
692    5.4700003
693    -6.165
694    -9.15
695    1.6780001
696    4.462
697    6.999
698    -0.6839998
699    0.15900001
700    0.12500024
701    1.1960001
702    0.92100006
703    0.86300004
704    -0.53699994
705    -1.3069999
706    3.8150003
707    -0.823
708    3.297
709    2.3430002
710    0.73800004
711    0.661
712    1.0910001
713    1.4120001
714    0.67200005
715    0.5760002
716    0.87100005
717    2.128
718    0.25500003
719    -1.5779998
720    -0.81999993
721    -0.6819999
722    2.1100001
723    1.654
724    -1.174
725    40.959
726    92.42
727    0.18600011
728    42.986
729    -0.641
730    59.997
731    0.5050001
732    7.752
733    0.71300006
734    -4.126
735    2.0790002
736    0.6780002
737    4.0670004
738    2.253
739    1.4560001
740    52.424
741    -7.569
742    2.7210002
743    -1.9799999
744    -1.5129999
745    -0.38
746    -0.32799995
747    -0.24499989
748    4.683
749    -0.51699996
750    3.7830002
751    3.6720002
752    3.5200002
753    3.6660001
754    4.7590003
755    4.6280003
756    2.4910002
757    0.397
758    4.2990003
759    2.239
760    2.617
761    6.0160003
762    -7.517
763    -1.941
764    1.4860001
765    2.257
766    3.433
767    1.445
768    3.903
769    0.17600012
770    -0.19099987
771    5.868
772    2.17
773    3.2250001
774    4.2310004
775    0.20800006
776    1.6910001
777    38.805
778    25.862
779    1.7770001
780    -0.09199995
781    -6.545
782    0.65300006
783    -0.001999855
784    1.2740002
785    3.5170002
786    -0.32399988
787    -2.468
788    -0.435
789    0.512
790    -2.185
791    2.488
792    2.3230002
793    1.337
794    0.423
795    0.595
796    0.4180001
797    2.316
798    3.41
799    1.3050001
800    1.365
801    -4.002
802    -0.28699994
803    0.65700006
804    2.463
805    1.0
806    1.2639999
807    -1.5439999
808    1.593
809    -2.336
810    2.3990002
811    1.08
812    -1.101
813    1.631
814    0.462
815    -1.152
816    -1.7099999
817    2.25
818    1.4590001
819    7.499
820    -3.2599998
821    1.6830001
822    4.227
823    1.3640001
824    -0.40699995
825    1.2930001
826    10.0060005
827    3.789
828    1.4230001
829    1.021
830    4.6740003
831    1.6960001
832    1.69
833    1.9510001
834    0.411
835    -0.9649999
836    1.2340001
837    5.48
838    0.684
839    -2.494
840    1.3720001
841    1.089
842    0.36800003
843    -0.9009998
844    2.778
845    -0.7919998
846    2.078
847    7.8490005
848    3.177
849    -2.02
850    0.99600005
851    3.7410002
852    1.6910001
853    -0.24099994
854    1.296
855    -3.139
856    -0.763
857    -4.104
858    11.031
859    -0.78
860    -6.558
861    2.2450001
862    -1.161
863    1.075
864    -0.27099997
865    3.5900002
866    -0.31599998
867    0.42400002
868    0.287
869    3.4390001
870    1.528
871    0.11400001
872    1.9920001
873    -1.767
874    2.8690002
875    2.4940002
876    7.6120005
877    -0.29799998
878    6.1790004
879    4.2510004
880    2.6150002
881    1.1720002
882    2.127
883    0.074
884    -10.74
885    0.702
886    -1.1759999
887    0.50000024
888    4.3100004
889    -2.1399999
890    3.283
891    1.4900001
892    4.479
893    -0.14499974
894    -2.744
895    0.14700007
896    2.299
897    2.3470001
898    0.66700006
899    1.8830001
900    0.40600002
901    1.029
902    1.326
903    1.2
904    1.7780001
905    3.2790003
906    10.847
907    2.538
908    3.858
909    1.944
910    2.6560001
911    -0.50699997
912    -1.5719998
913    12.039
914    1.3100001
915    2.1680002
916    11.52
917    2.492
918    0.85800004
919    1.477
920    1.769
921    -0.738
922    1.565
923    3.1529999
924    2.7440002
925    2.428
926    2.817
927    2.7270002
928    -0.17599994
929    5.9420004
930    2.94
931    1.6630001
932    4.3170004
933    3.1450002
934    3.3140001
935    2.441
936    5.682
937    83.904
938    0.85400003
939    2.8200002
940    1.827
941    -2.0
942    6.847
943    4.285
944    2.5950003
945    -2.616
946    1.737
947    6.7330003
948    -3.152
949    -1.5669999
950    -4.961
951    10.8880005
952    17.536
953    -1.9169998
954    0.2520001
955    -0.72299993
956    1.3950001
957    0.72400004
958    2.762
959    2.349
960    3.012
961    -1.518
962    2.265
963    -4.817
964    0.7420001
965    2.9900002
966    -1.1899999
967    2.91
968    2.1620002
969    31.707
970    1.7990001
971    -2.3319998
972    1.529
973    6.21
974    2.994
975    3.19
976    -0.20199996
977    0.29400015
978    2.817
979    4.143
980    0.85600007
981    1.9350001
982    2.2540002
983    1.6410003
984    2.64
985    -6.718
986    -10.52
987    3.5440001
988    2.1069999
989    2.118
990    -0.24499995
991    2.192
992    0.799
993    4.071
994    4.966
995    2.245
996    8.887
997    3.079
998    2.64
999    1.86
1000    2.969
1001    2.375
1002    -1.4989998
1003    0.3210001
1004    -1.7959999
1005    1.041
1006    1.3000002
1007    1.7970002
1008    3.559
1009    1.248
1010    -1.2819998
1011    1.0410001
1012    2.9290001
1013    3.3170004
1014    8.201
1015    1.947
1016    3.315
1017    3.3790002
1018    -0.30999994
1019    2.771
1020    1.452
1021    1.233
1022    1.218
1023    2.8390002
1024    -1.224
1025    1.8900001
1026    0.4690001
1027    2.646
1028    0.26900005
1029    1.6200001
1030    3.084
1031    -0.98899984
1032    1.136
1033    1.684
1034    -0.40399998
1035    -0.66499996
1036    6.8250003
1037    2.114
1038    3.2080002
1039    4.337
1040    2.1560001
1041    3.8990002
1042    2.1190002
1043    2.539
1044    12.376
1045    0.85400003
1046    2.348
1047    2.184
1048    0.93700004
1049    1.013
1050    2.98
1051    0.273
1052    0.77400005
1053    1.108
1054    -11.488
1055    2.848
1056    -4.09
1057    -0.6199999
1058    4.295
1059    7.3430004
1060    4.306
1061    3.3980002
1062    -0.4949999
1063    2.501
1064    0.94000006
1065    2.789
1066    -2.1799998
1067    2.7860003
1068    0.72200006
1069    -2.8509998
1070    3.5470004
1071    3.551
1072    3.551
1073    2.5570002
1074    3.4770002
1075    0.41300002
1076    3.2940001
1077    7.7860003
1078    3.8130002
1079    -0.25299996
1080    2.2500002
1081    2.6990001
1082    3.8600001
1083    0.42000008
1084    2.7350001
1085    3.3930001
1086    6.395
1087    0.95100003
1088    6.294
1089    1.7
1090    4.1060004
1091    2.358
1092    1.004
1093    2.414
1094    -0.487
1095    3.5110002
1096    3.055
1097    -0.25899994
1098    4.007
1099    2.264
1100    -0.727
1101    0.62
1102    -2.0279999
1103    0.372
1104    4.3910003
1105    0.98500013
1106    3.4650002
1107    -3.584
1108    1.194
1109    -5.4779997
1110    -0.638
1111    3.803
1112    -4.585
1113    1.485
1114    1.8400002
1115    0.16100001
1116    2.1550002
1117    1.721
1118    2.8730001
1119    1.516
1120    9.935
1121    7.1590004
1122    2.605
1123    4.6940002
1124    0.78400004
1125    -16.892
1126    5.8570004
1127    1.309
1128    1.9480001
1129    8.092
1130    1.425
1131    3.63
1132    -6.154
1133    1.411
1134    2.697
1135    0.549
1136    5.5
1137    2.708
1138    -0.473
1139    2.525
1140    1.5960001
1141    2.7810001
1142    2.211
1143    4.439
1144    4.893
1145    6.51
1146    1.432
1147    7.988
1148    2.5
1149    3.279
1150    2.456
1151    1.116
1152    1.8290002
1153    -1.79
1154    2.7340002
1155    0.794
1156    -0.9699998
1157    4.7200003
1158    9.517
1159    16.572
1160    0.33300006
1161    -0.06899989
1162    4.439
1163    2.297
1164    3.621
1165    3.561
1166    2.7800002
1167    74.102
1168    1.2650001
1169    2.8590002
1170    28.247
1171    -2.0149999
1172    1.062
1173    3.358
1174    11.0130005
1175    2.089
1176    -4.533
1177    2.539
1178    -2.347
1179    0.13800001
1180    -4.299
1181    -0.055999875
1182    6.274
1183    0.66700006
1184    0.16500008
1185    -0.33199996
1186    1.875
1187    0.17700005
1188    -11.4869995
1189    1.0660002
1190    2.0830002
1191    16.382
1192    0.6550001
1193    2.0500002
1194    5.622
1195    0.3000002
1196    -0.921
1197    1.9870002
1198    24.253
1199    -45.543
1200    3.5340002
1201    5.4890003
1202    3.1190002
1203    1.766
1204    -0.8139999
1205    -7.783
1206    1.164
1207    -9.775
1208    1.0110002
1209    2.674
1210    5.329
1211    -1.207
1212    3.653
1213    1.0300002
1214    3.3760002
1215    2.0440001
1216    3.121
1217    0.67800003
1218    3.6650002
1219    2.4
1220    12.700001
1221    0.95300007
1222    0.544
1223    9.177
1224    4.007
1225    0.56100005
1226    1.383
1227    2.148
1228    0.6400001
1229    -6.021
1230    3.002
1231    2.7450001
1232    2.038
1233    1.7450001
1234    3.426
1235    2.1850002
1236    0.36900002
1237    6.992
1238    1.9990001
1239    5.113
1240    -4.045
1241    3.45
1242    -8.212
1243    1.098
1244    2.318
1245    2.4650002
1246    -3.7659998
1247    -4.98
1248    28.153
1249    2.355
1250    -3.9959998
1251    6.558
1252    1.727
1253    3.713
1254    -0.28399992
1255    1.582
1256    3.378
1257    5.78
1258    -2.682
1259    3.107
1260    3.341
1261    5.309
1262    9.254
1263    1.427
1264    9.936
1265    3.0740001
1266    1.4350002
1267    2.4850001
1268    2.5570002
1269    1.343
1270    1.8570004
1271    -1.541
1272    1.997
1273    6.393
1274    -6.258
1275    -6.4729996
1276    -0.1559999
1277    1.9530001
1278    11.357
1279    2.911
1280    1.9160001
1281    3.002
1282    0.15200043
1283    -0.60099983
1284    1.6320001
1285    0.587
1286    0.68600005
1287    4.616
1288    1.2190003
1289    2.252
1290    2.492
1291    -4.835
1292    1.7070003
1293    0.5050001
1294    2.1890001
1295    1.763
1296    1.284
1297    -1.397
1298    3.6330001
1299    0.75600004
1300    0.91100013
1301    1.199
1302    2.7210002
1303    3.523
1304    9.538
1305    -1.454
1306    -0.34399986
1307    0.832
1308    0.83500004
1309    -0.412
1310    3.1220002
1311    1.8700001
1312    1.84
1313    0.841
1314    3.0550003
1315    -0.37799996
1316    12.014
1317    1.6290001
1318    2.7930002
1319    11.065001
1320    2.508
1321    1.0170001
1322    3.237
1323    2.956
1324    -0.037999928
1325    -15.359
1326    3.2220001
1327    5.6140003
1328    2.041
1329    2.678
1330    4.386
1331    2.601
1332    -1.548
1333    2.01
1334    2.4180002
1335    2.897
1336    2.078
1337    2.66
1338    3.71
1339    2.6420002
1340    1.937
1341    2.692
1342    0.46400002
1343    1.741
1344    0.3620001
1345    -0.7359998
1346    -1.474
1347    3.4190001
1348    2.334
1349    0.49100003
1350    6.561
1351    2.292
1352    0.55700004
1353    1.644
1354    3.13
1355    0.187
1356    1.0550001
1357    0.23700011
1358    3.315
1359    -4.788
1360    -1.8069999
1361    9.395
1362    0.82800007
1363    0.7040001
1364    -2.985
1365    3.019
1366    -2.2389998
1367    -12.247999
1368    2.736
1369    2.157
1370    0.505
1371    0.845
1372    0.512
1373    4.759
1374    2.812
1375    2.7930002
1376    6.695
1377    2.9440002
1378    1.1270001
1379    2.0500002
1380    -1.9919999
1381    1.39
1382    3.7
1383    2.1690001
1384    1.7810001
1385    -0.5179999
1386    3.4980001
1387    1.595
1388    1.638
1389    1.421
1390    4.05
1391    4.202
1392    0.3540001
1393    3.0400002
1394    2.453
1395    1.0490003
1396    1.176
1397    2.762
1398    0.71300006
1399    1.4860001
1400    7.4410005
1401    3.15
1402    0.29900002
1403    1.243
1404    -1.4949999
1405    24.909
1406    0.1960001
1407    4.9150004
1408    0.215
1409    13.583
1410    -3.985
1411    -0.30299997
1412    0.42400002
1413    2.4620001
1414    1.413
1415    -2.763
1416    6.198
1417    2.107
1418    2.751
1419    1.03
1420    1.544
1421    1.388
1422    1.862
1423    -0.061999977
1424    1.8770001
1425    4.292
1426    -1.4289999
1427    -0.571
1428    -0.52099997
1429    1.9990001
1430    -1.6989999
1431    0.347
1432    2.4290001
1433    5.205
1434    1.1450001
1435    2.198
1436    1.5940001
1437    1.829
1438    1.769
1439    -0.745
1440    1.4020001
1441    1.9000001
1442    1.1260004
1443    -0.28099996
1444    4.285
1445    -6.42
1446    1.7220001
1447    -0.798
1448    1.0160003
1449    1.564
1450    4.4030004
1451    -1.069
1452    4.252
1453    -0.534
1454    2.4910002
1455    1.6960001
1456    -0.22799999
1457    0.634
1458    -0.696
1459    6.2320004
1460    1.5230002
1461    0.37
1462    -3.347
1463    -0.0019999743
1464    -1.7739999
1465    -1.7759999
1466    2.3130002
1467    0.54400015
1468    0.9250001
1469    -2.197
1470    0.085000515
1471    -0.81999993
1472    1.3340001
1473    3.3300002
1474    1.34
1475    0.36
1476    1.756
1477    3.604
1478    3.2680001
1479    1.8560001
1480    3.5870001
1481    2.871
1482    -0.70799994
1483    0.39900002
1484    -0.68499994
1485    -4.798
1486    -0.27999997
1487    1.9020001
1488    1.352
1489    2.0300002
1490    0.44300002
1491    2.0570002
1492    3.4250002
1493    0.624
1494    0.19800001
1495    3.9390001
1496    3.598
1497    3.4700003
1498    3.066
1499    -15.347
1500    -12.080999
1501    1.169
1502    -2.1219997
1503    3.223
1504    3.634
1505    2.766
1506    2.252
1507    1.217
1508    2.73
1509    -1.4929998
1510    1.449
1511    1.7030001
1512    2.9910002
1513    1.3410001
1514    2.4060001
1515    -2.813
1516    -0.9359999
1517    0.26900002
1518    1.8280001
1519    -0.30499995
1520    -0.27299994
1521    -0.464
1522    11.188
1523    2.351
1524    0.00999999
1525    -0.615
1526    1.72
1527    -1.673
1528    -2.345
1529    1.8240001
1530    0.90800005
1531    -5.424
1532    -3.57
1533    -4.251
1534    2.148
1535    -4.207
1536    -0.589
1537    0.227
1538    2.357
1539    0.393
1540    0.48100004
1541    -1.208
1542    -2.0509999
1543    4.11
1544    -0.664
1545    -0.91499996
1546    0.87200004
1547    2.7730002
1548    0.238
1549    -1.2579999
1550    1.192
1551    1.503
1552    1.2390001
1553    2.217
1554    0.63600004
1555    2.4320002
1556    6.249
1557    11.190001
1558    -0.6509998
1559    -1.7869997
1560    2.113
1561    2.7480001
1562    4.96
1563    -1.8319999
1564    11.276
1565    -0.445
1566    -0.32399988
1567    0.4050001
1568    1.494
1569    -1.5239999
1570    -1.0049999
1571    -0.45099998
1572    1.536
1573    -0.26299995
1574    -1.737
1575    1.679
1576    -2.243
1577    2.15
1578    0.365
1579    0.55700004
1580    1.062
1581    0.42400002
1582    -1.6389995
1583    4.781
1584    -3.527
1585    1.316
1586    1.201
1587    -1.617
1588    4.216
1589    -2.165
1590    2.161
1591    -4.7799997
1592    0.23300004
1593    -1.4149997
1594    -0.66499996
1595    1.362
1596    4.044
1597    3.3390002
1598    -0.6859999
1599    4.6670003
1600    2.069
1601    0.367
1602    -10.816
1603    1.95
1604    2.982
1605    2.8960001
1606    -2.077
1607    -0.6069999
1608    2.9820004
1609    4.2960005
1610    0.52500004
1611    0.21900001
1612    2.963
1613    3.1460004
1614    8.543
1615    0.59900004
1616    2.284
1617    -0.058999777
1618    2.4410002
1619    1.562
1620    0.901
1621    1.071
1622    2.742
1623    -0.17399979
1624    2.3990002
1625    1.7930002
1626    2.7670002
1627    2.9180002
1628    0.56200004
1629    -1.333
1630    -7.123
1631    0.89800006
1632    1.576
1633    -7.086
1634    0.5450001
1635    2.305
1636    0.70600003
