0    1.517
1    -9.379
2    -7.795
3    -16.084
4    -7.704
5    -9.026
6    -10.19
7    -8.466
8    -18.730999
9    -8.568
10    -9.066
11    -10.054
12    -13.513
13    -5.818
14    -9.614
15    -8.454
16    -10.092
17    -8.599
18    -9.381
19    -9.848
20    -10.309
21    -11.747
22    -9.295
23    -9.169
24    -8.056
25    -8.9
26    -9.231
27    -16.514
28    -6.199
29    -5.345
30    -11.63
31    -9.867
32    -9.625
33    -11.231
34    -8.514
35    -13.062
36    -10.42
37    -11.018
38    -7.957
39    -9.866
40    -8.753
41    -14.332
42    -14.716
43    -14.361
44    -15.614
45    -15.4279995
46    -14.19
47    -15.098
48    -15.256
49    -15.302
50    -15.245
51    -9.599
52    -6.635
53    -11.368
54    -8.318
55    -11.069
56    -14.605
57    -15.366
58    -11.313999
59    -15.321
60    -14.547
61    -10.137
62    -10.852
63    -15.565
64    -9.794
65    -8.223
66    -15.588
67    -15.073
68    -12.819
69    -7.798
70    -9.3689995
71    -6.488
72    -15.676
73    -15.146
74    -8.549
75    -13.254
76    -24.862999
77    -24.894
78    -24.841
79    -24.807
80    -24.703
81    -24.975
82    -24.976
83    -24.73
84    -24.480999
85    -24.677
86    -24.85
87    -24.916
88    -24.612999
89    -24.949
90    -24.914
91    -62.633
92    -62.596
93    -62.597
94    -24.78
95    -67.224
96    -24.81
97    -67.282
98    -24.785
99    -67.258
100    -67.136
101    -67.002
102    -29.28
103    -30.843
104    -29.625
105    -31.522
106    -28.718
107    -29.614
108    -28.671
109    -29.487999
110    -29.352
111    -29.549
112    -30.487
113    -28.637
114    -30.34
115    -29.546
116    -28.493
117    -29.417
118    -29.86
119    -29.698
120    -29.845
121    -29.355
122    -29.605999
123    -29.959
124    -29.878
125    -29.812
126    -29.839
127    -29.785
128    -29.844
129    -29.692
130    -29.583
131    -29.875
132    -29.861
133    -29.831
134    -29.612
135    -30.808
136    -29.931
137    -30.957
138    -29.743
139    -44.311
140    -44.929
141    -46.356
142    -49.577
143    -49.639
144    -48.747
145    -32.64
146    -54.483
147    -54.85
148    -32.529
149    -49.451
150    -48.503
151    -27.762
152    -26.413
153    -31.193
154    -27.511
155    -30.053
156    -23.797
157    -29.46
158    -32.202
159    -34.458
160    -30.662
161    -28.564
162    -31.687
163    -35.68
164    -27.185
165    -31.415
166    -25.637
167    -24.625
168    -27.552
169    -25.648
170    -31.568
171    -32.623
172    -31.748
173    -31.662
174    -31.67
175    -23.944
176    -26.841
177    -26.257
178    -28.625
179    -30.697
180    -27.686
181    -28.769
182    -24.497
183    -26.584
184    -27.833
185    -26.563
186    -27.146
187    -27.915
188    -26.624
189    -24.846
190    -26.547
191    -26.703
192    -27.504
193    -33.981
194    -27.268
195    -27.831
196    -26.524
197    -27.633
198    -27.742
199    -27.628
200    -27.822
201    -26.536
202    -29.756
203    -28.618
204    -26.628
205    -27.494
206    -27.461
207    -25.325
208    -29.071
209    -26.889
210    -28.888
211    -30.023
212    -24.382
213    -30.434
214    -28.289
215    -25.185
216    -28.536
217    -31.041
218    -26.476
219    -27.503
220    -30.004
221    -28.841
222    -23.876
223    -26.571
224    -27.123
225    -28.972
226    -29.546
227    -26.729
228    -24.784
229    -29.972
230    -29.987
231    -32.194
232    -27.171
233    -25.949
234    -26.679
235    -30.361
236    -28.419
237    -26.6
238    -30.387
239    -28.475
240    -26.545
241    -27.223999
242    -27.145
243    -30.291
244    -27.49
245    -31.736
246    -30.904
247    -29.568
248    -31.653
249    -31.264
250    -37.859
251    -36.578
252    -36.249
253    -26.881
254    -27.282999
255    -35.51
256    -29.278
257    -29.101
258    -31.094
259    -34.325
260    -27.892
261    -29.276
262    -35.234
263    -25.53
264    -29.412
265    -28.056
266    -30.673
267    -27.977
268    -25.359
269    -28.925
270    -28.009
271    -27.609
272    -29.38
273    -29.388
274    -27.897
275    -31.826
276    -25.714
277    -24.578
278    -28.038
279    -30.251
280    -31.713
281    -28.586
282    -29.015
283    -34.854
284    -32.802
285    -28.605999
286    -31.944
287    -34.929
288    -35.106
289    -35.709
290    -31.647
291    -32.902
292    -31.272
293    -31.8
294    -75.579
295    -28.935
296    -30.914
297    -30.862999
298    -31.335
299    -27.855
300    -25.676
301    -31.075
302    -28.326
303    -29.165
304    -33.378
305    -29.204
306    -31.315
307    -35.029
308    -28.623
309    -30.105
310    -30.376
311    -33.328
312    -29.398
313    -30.949
314    -28.711
315    -30.344
316    -35.139
317    -28.506
318    -28.126
319    -29.312
320    -36.143
321    -36.463
322    -32.223
323    -35.143
324    -32.799
325    -29.563
326    -35.538
327    -39.301
328    -28.608
329    -27.557
330    -32.605
331    -31.429
332    -36.161
333    -27.395
334    -27.5
335    -32.354
336    -37.256
337    -27.367
338    -27.366
339    -27.823
340    -27.598999
341    -28.698
342    -31.109
343    -32.134
344    -33.142
345    -28.502
346    -36.052
347    -30.413
348    -32.46
349    -32.343
350    -18.445
351    -27.472
352    -33.781
353    -34.007
354    -27.261
355    -32.468
356    -28.105999
357    -27.371
358    -32.862
359    -31.217
360    -32.177
361    -31.679
362    -32.2
363    -33.18
364    -31.99
365    -32.258
366    -32.655
367    -32.271
368    -33.201
369    -27.29
370    -29.771
371    -32.929
372    -33.244
373    -26.965
374    -33.006
375    -27.665
376    -32.519
377    -32.642
378    -28.527
379    -28.423
380    -33.142
381    -28.087
382    -28.873
383    -26.948
384    -32.838
385    -32.402
386    -27.765
387    -26.906
388    -30.271
389    -30.282
390    -28.031
391    -32.709
392    -28.22
393    -27.56
394    -29.881
395    -27.752
396    -29.57
397    -30.374
398    -29.532999
399    -26.673
400    -35.325
401    -32.221
402    -29.063
403    -31.547
404    -35.318
405    -31.33
406    -27.968
407    -28.226
408    -35.179
409    -35.116
410    -26.498
411    -27.554
412    -25.429
413    -27.541
414    -31.711
415    -27.518
416    -29.102
417    -26.887
418    -29.464
419    -26.574
420    -26.025
421    -27.469
422    -35.28
423    -27.593
424    -29.402
425    -26.332
426    -32.502
427    -27.508
428    -32.317
429    -26.416
430    -29.737999
431    -27.087
432    -31.483
433    -27.276
434    -26.063
435    -29.157
436    -31.86
437    -32.763
438    -28.851
439    -26.56
440    -31.463
441    -26.748
442    -31.537
443    -26.489
444    -27.77
445    -25.122
446    -27.43
447    -32.014
448    -26.33
449    -32.167
450    -27.444
451    -29.191
452    -26.268
453    -26.253
454    -28.435
455    -28.739
456    -26.949
457    -31.954
458    -28.257
459    -32.891
460    -33.436
461    -27.215
462    -32.927
463    -28.521
464    -33.288
465    -27.251
466    -27.64
467    -30.987
468    -30.479
469    -28.434
470    -28.614
471    -27.679
472    -27.938
473    -31.274
474    -27.473999
475    -32.189
476    -29.551
477    -29.532999
478    -27.399
479    -13.274
480    -27.501
481    -27.634
482    -27.121
483    -26.994
484    -25.2
485    -32.238
486    -27.477
487    -26.608
488    -26.38
489    -26.322
490    -26.046
491    -23.42
492    -26.249
493    -27.187
494    -28.69
495    -14.54
496    -28.477
497    -29.58
498    -26.272
499    -26.536
500    -31.944
501    -26.9
502    -29.294
503    -32.304
504    -28.302
505    -26.987
506    -26.463
507    -26.527
508    -27.264
509    -31.656
510    -26.205
511    -29.628
512    -25.744
513    -27.148
514    -25.954
515    -27.312
516    -26.575
517    -23.116
518    -26.949
519    -26.896
520    -31.323
521    -27.228
522    -28.223
523    -33.883
524    -26.463
525    -26.944
526    -30.642
527    -26.332
528    -39.003
529    -33.937
530    -26.506
531    -29.639
532    -27.51
533    -28.397
534    -25.564
535    -26.63
536    -25.626999
537    -24.621
538    -39.142
539    -26.411
540    -31.436
541    -33.279
542    -27.831
543    -30.032999
544    -30.616
545    -30.572
546    -28.498
547    -37.901
548    -30.937
549    -38.431
550    -30.277
551    -28.668
552    -31.251
553    -31.07
554    -33.524
555    -29.571
556    -28.664
557    -36.131
558    -31.36
559    -24.453
560    -28.42
561    -34.236
562    -33.67
563    -30.531
564    -36.239
565    -25.647
566    -30.023
567    -30.664
568    -34.775
569    -29.384
570    -31.686
571    -28.229
572    -30.206
573    -28.451
574    -29.749
575    -30.751
576    -37.247
577    -28.795
578    -28.236
579    -36.606
580    -28.711
581    -30.88
582    -29.047
583    -28.144
584    -28.219
585    -29.685
586    -31.741
587    -29.017
588    -28.271
589    -33.119
590    -31.801
591    -34.726
592    -29.492
593    -29.51
594    -29.971
595    -29.301
596    -31.273
597    -25.549
598    -25.494
599    -25.141
600    -24.619999
601    -30.519
602    -37.585
603    -27.747
604    -27.616
605    -25.516
606    -29.118
607    -25.612999
608    -29.418
609    -31.544
610    -29.23
611    -47.954
612    -34.468
613    -23.581
614    -44.333
615    -43.669
616    -47.179
617    -49.407
618    -44.694
619    -22.656
620    -23.604
621    -41.350998
622    -23.035
623    -49.406
624    -45.459
625    -40.696
626    -26.703
627    -39.759
628    -35.183
629    -27.546
630    -30.421
631    -28.49
632    -44.521
633    -26.835
634    -27.573
635    -31.159
636    -25.527
637    -26.335
638    -31.487999
639    -31.525
640    -28.539
641    -28.557
642    -32.828
643    -30.537
644    -26.423
645    -32.091
646    -27.991
647    -36.219
648    -30.933
649    -26.478
650    -22.632
651    -22.565
652    -22.74
653    -26.941
654    -22.403
655    -26.335
656    -20.852
657    -20.61
658    -20.803
659    -23.721
660    -32.365
661    -20.577
662    -23.619999
663    -21.342
664    -20.449
665    -25.588
666    -28.006
667    -30.624
668    -28.182
669    -23.317
670    -24.63
671    -26.48
672    -26.175
673    -26.752
674    -23.953
675    -30.081
676    -24.35
677    -23.14
678    -27.89
679    -23.576
680    -26.377
681    -20.395
682    -25.212
683    -24.576
684    -20.601
685    -20.602
686    -21.487
687    -25.26
688    -27.95
689    -20.104
690    -20.135
691    -23.375
692    -20.556
693    -20.301
694    -20.785
695    -20.186
696    -20.607
697    -20.581
698    -20.173
699    -20.362999
700    -19.887
701    -20.512
702    -20.887
703    -20.71
704    -20.651
705    -26.305
706    -20.614
707    -24.263
708    -29.675
709    -24.194
710    -28.65
711    -25.658
712    -26.699
713    -26.695
714    -23.758999
715    -23.730999
716    -24.372
717    -26.748
718    -28.84
719    -24.487999
720    -20.879
721    -20.66
722    -20.637
723    -20.827
724    -20.572
725    -28.448
726    -23.558
727    -26.442
728    -25.869999
729    -24.423
730    -23.734
731    -24.526
732    -24.726
733    -27.781
734    -24.465
735    -29.296
736    -26.331
737    -26.271
738    -23.785
739    -32.946
740    -24.11
741    -21.939
742    -30.306
743    -24.391
744    -26.503
745    -24.254
746    -26.594
747    -24.24
748    -24.478
749    -24.604
750    -24.329
751    -32.558
752    -24.227
753    -25.314
754    -23.605999
755    -19.792
756    -20.953
757    -35.166
758    -20.762
759    -21.538
760    -20.478
761    -21.785
762    -11.327
763    -20.81
764    -20.61
765    -25.461
766    -29.524
767    -22.906
768    -25.72
769    -23.398
770    -20.241
771    -23.04
772    -20.236
773    -24.248
774    -23.538
775    -1.602
776    -0.68299997
777    -1.506
778    -1.484
779    -19.756
780    -21.071
781    -21.144
782    -21.32
783    -22.3
784    -1.536
785    -19.676
786    -19.442
787    -22.658
788    -28.261
789    -19.473
790    1.0780001
791    -1.2709999
792    -17.718
793    -19.806
794    -1.286
795    -19.775
796    -20.313
797    -19.058
798    -20.119999
799    -20.264
800    -20.395
801    -21.779
802    -9.525
803    -20.47
804    -19.932
805    -3.856
806    -7.5369997
807    -16.735
808    -11.1119995
809    -12.79
810    -8.378
811    -11.202
812    -13.61
813    -7.4869995
814    -7.736
815    -8.995
816    -7.535
817    -7.582
818    -8.750999
819    -9.667
820    -9.299
821    -28.46
822    -19.781
823    -28.351
824    -19.39
825    -19.608
826    -19.445
827    -22.585
828    -23.866
829    -20.436
830    -16.884
831    -18.725
832    -18.542
833    -20.76
834    -16.962
835    -16.583
836    -14.642
837    -18.625
838    -21.634
839    -14.789
840    -16.029
841    -15.602
842    -14.623
843    -19.407999
844    -14.908
845    -14.714
846    -14.036
847    -15.675
848    -19.558
849    -19.611
850    -16.206
851    -15.541
852    -17.557
853    -17.567
854    -20.382
855    -17.301
856    -17.558
857    -14.694
858    -17.677
859    -15.59
860    -14.556
861    -17.657
862    -14.763
863    -14.189
864    -17.584
865    -17.768
866    -13.852
867    -18.524
868    -15.059
869    -18.795
870    -15.584
871    -15.932
872    -14.725
873    -20.424
874    -14.652
875    -14.893
876    -15.478
877    -17.612999
878    -14.695
879    -14.484
880    -15.147
881    -15.702
882    -15.239
883    -16.49
884    -15.546
885    -14.709
886    -14.671
887    -15.468
888    -15.1
889    -14.648
890    -19.394
891    -17.581
892    -15.319
893    -15.066999
894    -14.24
895    -10.964
896    -11.74
897    -12.746
898    -19.691
899    -10.387
900    -57.701
901    -10.16
902    -15.351
903    -11.306
904    -10.801
905    -10.549
906    -16.526
907    -10.526
908    -11.598
909    -11.656
910    -12.455
911    -11.328
912    -13.846
913    -11.266
914    -11.83
915    -7.746
916    -11.384
917    -2.7919998
918    -10.382
919    -15.434999
920    -0.0149998665
921    -7.869
922    -0.47099996
923    0.77400017
924    0.0010001659
925    -19.451
926    -1.7199998
927    -1.823
928    -1.859
929    -2.506
930    -2.262
931    -1.7059999
932    -2.008
933    -1.6239998
934    -2.313
935    -1.7459998
936    -2.353
937    -1.948
938    -2.244
939    -2.4099998
940    -3.159
941    -2.487
942    -2.427
943    -2.3049998
944    -2.6
945    -2.862
946    -2.53
947    -2.3109999
948    -2.337
949    -2.618
950    -2.8119998
951    -0.9239998
952    -2.618
953    -1.2369998
954    -2.584
955    -2.611
956    -2.517
957    -2.747
958    -2.328
959    -2.579
960    -2.664
961    -2.19
962    -2.7979999
963    -2.381
964    -0.8829999
965    -1.1689999
966    -2.0949998
967    -1.3709998
968    -2.191
969    -0.3729999
970    -2.698
971    -3.3509998
972    -0.92099977
973    -2.747
974    -3.172
975    -2.906
976    -1.122
977    -2.5809999
978    -2.001
979    -1.8999999
980    -2.567
981    -2.783
982    -2.494
983    -2.415
984    -2.534
985    -2.054
986    -2.635
987    -2.71
988    -2.1339998
989    -2.931
990    -2.303
991    -2.2189999
992    -1.3659999
993    -2.578
994    -1.786
995    -2.7069998
996    -2.616
997    -1.7259998
998    -2.275
999    -1.4319999
1000    -2.6479998
1001    -2.8449998
1002    -2.802
1003    -2.757
1004    -2.2519999
1005    -2.395
1006    -2.758
1007    -1.9859998
1008    -2.848
1009    -2.565
1010    -2.576
1011    -2.0219998
1012    -2.677
1013    -2.5219998
1014    -2.447
1015    -2.129
1016    -4.644
1017    -2.0159998
1018    -2.6079998
1019    -2.665
1020    -2.374
1021    -4.381
1022    -2.748
1023    -0.56999993
1024    -2.598
1025    -2.4259999
1026    -1.935
1027    -2.2599998
1028    -2.1409998
1029    -2.624
1030    -3.016
1031    -2.603
1032    -1.533
1033    -2.471
1034    -3.728
1035    -2.501
1036    -2.9569998
1037    -3.0049999
1038    -2.788
1039    -2.905
1040    -2.86
1041    -1.8479998
1042    -2.769
1043    -2.868
1044    -2.486
1045    -2.0089998
1046    -2.507
1047    -2.129
1048    -1.3179998
1049    -2.4029999
1050    -2.1599998
1051    -2.4569998
1052    -2.2649999
1053    -2.409
1054    -1.958
1055    -2.593
1056    -2.236
1057    -2.243
1058    -2.445
1059    -3.02
1060    -1.5869999
1061    -2.0549998
1062    -4.456
1063    -2.553
1064    -9.5789995
1065    -11.587
1066    -15.057
1067    -2.0279999
1068    -2.565
1069    -9.393
1070    -2.6399999
1071    -2.71
1072    -2.518
1073    -4.244
1074    -2.5689998
1075    -1.9239998
1076    -16.735
1077    -0.31199992
1078    -2.755
1079    -1.6799998
1080    -2.1859999
1081    -2.492
1082    -1.7479999
1083    -2.747
1084    -2.9359999
1085    -2.184
1086    -2.53
1087    -2.2789998
1088    -2.553
1089    -2.396
1090    -1.3469999
1091    -1.931
1092    -2.322
1093    -1.6729999
1094    -2.373
1095    -1.8529999
1096    -2.164
1097    -2.329
1098    -2.129
1099    -2.953
1100    -3.001
1101    -2.8439999
1102    -2.6859999
1103    -2.3049998
1104    -4.076
1105    -2.951
1106    -1.6609998
1107    -2.6069999
1108    -2.4299998
1109    -1.5739999
1110    -2.467
1111    -2.75
1112    -2.703
1113    -2.767
1114    -1.9139998
1115    -0.9519999
1116    -2.8470001
1117    -2.2319999
1118    -1.675
1119    -2.9
1120    -2.5089998
1121    -2.098
1122    -1.81
1123    -2.2989998
1124    -2.375
1125    -1.9189999
1126    -2.899
1127    -2.408
1128    -2.519
1129    -1.98
1130    -2.144
1131    -2.554
1132    -2.369
1133    -2.21
1134    -2.116
1135    -2.105
1136    -1.9419999
1137    -2.077
1138    -1.596
1139    -1.701
1140    -4.5629997
1141    -2.1399999
1142    -2.0879998
1143    -1.7179999
1144    -1.8699999
1145    -2.1339998
1146    -2.402
1147    -2.598
1148    -2.488
1149    -1.5929999
1150    -2.2129998
1151    -1.7839999
1152    -2.0579998
1153    -1.796
1154    -2.231
1155    -2.5509999
1156    -2.59
1157    -0.9859998
1158    -2.517
1159    -1.5179999
1160    -1.7459998
1161    -1.98
1162    -2.346
1163    -2.396
1164    -1.9659998
1165    -2.274
1166    -2.714
1167    -2.067
1168    -2.5939999
1169    -1.911
1170    -2.5479999
1171    -1.787
1172    -2.026
1173    -2.1479998
1174    -1.685
1175    -2.32
1176    -2.113
1177    -2.645
1178    -2.5029998
1179    -2.2259998
1180    -2.138
1181    -1.7129998
1182    -1.9819999
1183    -1.7149999
1184    -2.2059999
1185    -2.776
1186    -2.256
1187    -2.927
1188    -2.997
1189    -2.212
1190    -2.401
1191    -1.0919998
1192    -3.834
1193    -2.532
1194    -2.112
1195    -1.579
1196    -2.6599998
1197    -2.033
1198    -2.171
1199    -2.1299999
1200    -2.458
1201    -2.067
1202    -2.734
1203    -1.0339999
1204    -1.9599998
1205    -1.6509998
1206    -2.441
1207    -2.119
1208    -2.5
1209    -2.3059998
1210    -2.464
1211    -2.498
1212    -2.4769998
1213    -2.4569998
1214    -2.2719998
1215    -2.001
1216    -2.097
1217    -2.6209998
1218    -1.8139999
1219    -2.018
1220    -1.9259999
1221    -2.335
1222    -2.5229998
1223    -1.958
1224    -1.9399998
1225    -2.366
1226    -2.289
1227    -2.554
1228    -2.492
1229    -2.119
1230    -2.368
1231    -2.422
1232    -2.554
1233    -1.9929998
1234    -2.626
1235    -1.9909999
1236    -1.142
1237    -2.756
1238    -2.0379999
1239    -2.465
1240    -1.9269998
1241    -2.517
1242    -2.636
1243    -2.4829998
1244    -2.434
1245    -2.53
1246    -2.883
1247    -2.2009997
1248    -2.626
1249    -2.6149998
1250    2.099
1251    -2.697
1252    -2.2789998
1253    -1.9789999
1254    -2.1069999
1255    -1.79
1256    -2.2929997
1257    -2.3979998
1258    -2.346
1259    -1.8079998
1260    -2.224
1261    -2.137
1262    32.508003
1263    -1.79
1264    -2.393
1265    -2.2009997
1266    -1.7889998
1267    -2.294
1268    -2.2199998
1269    -2.132
1270    -2.222
1271    -2.0579998
1272    -2.274
1273    -2.149
1274    -2.0839999
1275    -1.4589999
1276    -2.2469997
1277    -2.158
1278    -1.4219999
1279    -1.9789999
1280    -2.1349998
1281    -1.2879999
1282    -1.8319998
1283    -1.8209999
1284    -2.336
1285    -1.7519999
1286    -2.2059999
1287    -1.806
1288    -1.7099998
1289    -2.327
1290    -2.441
1291    -2.228
1292    -2.672
1293    -2.198
1294    -2.4829998
1295    -2.347
1296    -2.124
1297    -2.203
1298    -2.919
1299    -2.409
1300    -2.092
1301    -2.1339998
1302    -1.8179998
1303    -2.499
1304    -2.987
1305    -1.8279998
1306    -2.111
1307    -2.3249998
1308    -2.703
1309    -2.3669999
1310    -2.439
1311    -2.701
1312    -2.445
1313    -2.623
1314    -1.537
1315    -2.222
1316    -2.235
1317    -2.492
1318    -2.416
1319    -2.427
1320    -2.432
1321    -2.538
1322    -2.3839998
1323    -2.2189999
1324    -2.774
1325    -2.788
1326    -2.856
1327    -2.514
1328    -2.885
1329    -2.1539998
1330    -2.111
1331    -2.382
1332    -1.9619999
1333    -5.1809998
1334    -2.495
1335    -2.7059999
1336    -3.014
1337    -2.3449998
1338    -3.896
1339    -2.475
1340    -2.734
1341    -2.386
1342    -2.547
1343    -2.698
1344    -2.3209999
1345    -2.643
1346    -2.182
1347    -2.656
1348    -2.381
1349    -2.771
1350    -2.467
1351    -2.571
1352    -1.3159999
1353    -2.066
1354    -2.7259998
1355    -2.662
1356    -2.681
1357    0.45700002
1358    0.757
1359    -2.083
1360    -2.5289998
1361    -2.5939999
1362    0.48000002
1363    -0.495
1364    0.52000004
1365    -0.57
1366    0.47000003
1367    -0.39599997
1368    -0.56799996
1369    -0.43299997
1370    -0.274
1371    1.013
1372    -0.36399996
1373    -0.20299995
1374    1.379
1375    1.597
1376    0.59300005
1377    -0.15299994
1378    0.565
1379    -0.20099998
1380    0.93000007
1381    -0.38
1382    1.567
1383    0.46600002
1384    -0.41499996
1385    0.47400004
1386    -0.43199998
1387    0.48000002
1388    0.763
1389    0.786
1390    0.72900003
1391    -0.119999945
1392    0.651
1393    0.514
1394    0.768
1395    -0.030999959
1396    -0.44399995
1397    1.626
1398    1.115
1399    1.482
1400    -0.17299998
1401    1.576
1402    0.012000084
1403    1.2320001
1404    1.5250001
1405    0.51900005
1406    -0.431
1407    0.17700005
1408    1.5380001
1409    1.347
1410    0.85600007
1411    -3.73
1412    2.384
1413    -2.317
1414    -2.143
1415    -2.1279998
1416    -2.5029998
1417    -4.222
1418    -4.401
1419    -1.767
1420    -2.3439999
1421    -4.693
1422    -5.245
1423    -2.461
1424    -2.3769999
1425    -5.836
1426    -1.7879999
1427    -2.189
1428    -1.2559998
1429    1.266
1430    -2.047
1431    -2.698
1432    -1.9289999
1433    -2.5689998
1434    -4.566
1435    -2.093
1436    0.16700006
1437    -2.105
1438    -2.3189998
1439    -2.5099998
1440    6.181
1441    -1.8169999
1442    -3.3309999
1443    -5.6099997
1444    -2.399
1445    -1.8219998
1446    -4.619
1447    -5.243
1448    -2.3389997
1449    -2.889
1450    -1.678
1451    -1.5909998
1452    -2.475
1453    -2.547
1454    -1.645
1455    -2.5809999
1456    -2.466
1457    -1.9329998
1458    -1.5969999
1459    -2.262
1460    -3.0149999
1461    -1.8499999
1462    -2.6079998
1463    -2.604
1464    -4.913
1465    -1.862
1466    -2.275
1467    -1.5189998
1468    -5.743
1469    -2.04
1470    -2.166
1471    -2.3319998
1472    -2.9359999
1473    -1.885
1474    2.77
1475    -2.1139998
1476    -1.8109999
1477    -2.1039999
1478    -2.244
1479    -2.208
1480    -2.054
1481    -2.657
1482    -2.626
1483    -2.637
1484    -2.359
1485    -2.356
1486    -2.689
1487    -1.6589999
1488    -2.356
1489    -1.6069999
1490    -1.7949998
1491    -2.645
1492    -1.6759999
1493    -2.2069998
1494    -2.197
1495    -0.036999702
1496    -2.793
1497    -2.534
1498    -2.677
1499    -1.8999999
1500    -2.512
1501    -2.494
1502    -2.31
1503    -2.822
1504    -1.7329998
1505    -2.481
1506    6.6730003
1507    -0.42499995
1508    -0.31299996
1509    -0.329
1510    -1.2559998
1511    -3.58
1512    -1.997
1513    -2.172
1514    -2.277
1515    -2.269
1516    6.417
1517    -2.346
1518    -1.7739999
1519    -1.8279998
1520    -1.6889999
1521    -2.1799998
1522    1.3130001
1523    -1.556
1524    -2.1939998
1525    -2.171
1526    -2.625
1527    -1.0979998
1528    -1.905
1529    -1.694
1530    1.6370001
1531    -1.855
1532    -1.2649999
1533    -0.109999955
1534    -0.47499996
1535    -0.38699996
1536    -4.321
1537    -2.7649999
1538    -2.0479999
1539    -2.6929998
1540    -2.303
1541    -4.7349997
1542    -2.1139998
1543    -2.747
1544    -2.244
1545    -4.646
1546    -2.0
1547    -2.0619998
1548    -2.274
1549    -2.245
1550    -1.3899999
1551    -2.047
1552    -2.1079998
1553    -2.316
1554    -2.3119998
1555    -2.091
1556    -2.616
1557    -2.578
1558    -2.447
1559    -2.6279998
1560    -2.257
1561    -2.32
1562    -1.954
1563    -2.517
1564    -1.799
1565    -2.297
1566    -1.8369999
1567    -2.441
1568    -2.006
1569    1.52
1570    -2.783
1571    -2.412
1572    0.34300002
1573    -2.349
1574    3.908
1575    -2.0359998
1576    -2.5089998
1577    1.0860002
1578    -3.353
1579    -2.149
1580    -2.3899999
1581    -2.045
1582    -2.484
1583    -2.626
1584    -2.6729999
1585    -2.326
1586    -2.4039998
1587    -6.164
1588    -2.613
1589    5.6780005
1590    -2.1759999
1591    -2.711
1592    -2.944
1593    -1.7659998
1594    -2.2979999
1595    -5.828
1596    -2.438
1597    -2.159
1598    -0.581
1599    -1.789
1600    -2.599
1601    -2.0419998
1602    -3.564
1603    -2.639
1604    -1.1569998
1605    -2.67
1606    -2.559
1607    -1.825
1608    -4.7799997
1609    -1.824
1610    9.683001
1611    -2.527
1612    -2.425
1613    -2.4029999
1614    -3.7529998
1615    -2.337
1616    -2.021
1617    -1.5259998
1618    -2.0509999
1619    -2.105
1620    -2.619
1621    -2.221
1622    -1.5229998
1623    -1.98
1624    -2.308
1625    -0.48799998
1626    0.483
1627    -0.518
1628    1.3030001
1629    -0.38
1630    -2.0019999
1631    -3.33
1632    -2.2589998
1633    -2.202
1634    -2.269
1635    0.52400005
1636    -2.361
1637    -2.629
1638    -2.5939999
1639    -2.756
1640    -1.53
1641    -2.302
1642    -2.8899999
1643    -1.816
1644    -2.155
1645    -2.3449998
1646    -4.468
1647    -2.6299999
1648    -0.5259998
1649    -2.419
1650    -2.419
1651    -2.4499998
1652    -2.9099998
1653    0.31000042
1654    -2.623
1655    -2.609
1656    -4.9329996
1657    -1.5649998
1658    -0.5689999
1659    -3.089
1660    -2.487
1661    -4.279
1662    -1.9549999
1663    -2.157
1664    -2.406
1665    -1.9699998
1666    -2.1399999
1667    -2.449
1668    -2.701
1669    -5.057
1670    -2.699
1671    -2.045
1672    -3.576
1673    -1.7919998
1674    -2.5479999
1675    -2.629
1676    -2.848
1677    -1.6489999
1678    -3.389
1679    -2.3449998
1680    -2.698
1681    -2.379
1682    -2.4889998
1683    -2.626
1684    -2.859
1685    -2.474
1686    -2.192
1687    -1.9189999
1688    -0.55799985
1689    -2.631
1690    -2.392
1691    0.462
1692    -2.402
1693    -2.905
1694    -2.5549998
1695    -2.629
1696    -1.844
1697    -2.3179998
1698    -2.6739998
1699    -3.1299999
1700    -2.768
1701    -2.421
1702    -2.2519999
1703    -2.579
1704    -2.304
1705    -2.6339998
1706    -2.3569999
1707    -2.8779998
1708    -2.2419999
1709    -2.853
1710    -2.4629998
1711    -0.671
1712    0.86700004
1713    -2.374
1714    -2.7859998
1715    -1.841
1716    -2.073
1717    -1.3339999
1718    -2.086
1719    -2.113
1720    -2.646
1721    -1.836
1722    -1.481
1723    -1.974
1724    -1.8869998
1725    -0.7359998
1726    -2.0839999
1727    -2.5359998
1728    -1.9779999
1729    -1.4549999
1730    -1.7789998
1731    -2.184
1732    -29.640999
1733    -1.964
1734    -5.225
1735    -2.3979998
1736    -2.406
1737    -4.44
1738    -3.355
1739    -3.123
1740    -5.0839996
1741    -2.024
1742    -2.428
1743    -1.3859999
1744    -2.571
1745    -3.56
1746    -2.412
1747    -2.414
1748    -2.558
1749    -2.494
1750    -4.44
1751    -1.2589998
1752    -2.143
1753    -3.5819998
1754    -2.3579998
1755    -2.307
1756    -1.7419999
1757    -1.5809999
1758    -2.2129998
1759    -2.212
1760    -1.6389999
1761    -1.5769999
1762    -2.164
1763    -3.313
1764    -1.6529999
1765    -1.915
1766    -2.297
1767    -1.99
1768    -0.7049999
1769    -1.862
1770    -1.9989998
1771    -2.2389998
1772    -2.191
1773    -2.6929998
1774    -2.416
1775    -2.0889997
1776    -2.1149998
1777    -1.9429998
1778    -1.851
1779    -1.9129999
1780    -2.433
1781    -2.0809999
1782    -1.902
1783    -2.1609998
1784    -2.294
1785    -44.692
1786    -2.041
1787    -1.8769999
1788    -2.579
1789    -2.297
1790    -1.987
1791    -2.188
1792    -2.606
1793    -2.111
1794    -2.704
1795    -2.1799998
1796    -2.718
1797    -2.401
1798    -1.851
1799    -1.9239998
1800    -2.666
1801    -2.899
1802    -2.894
1803    -2.8309999
1804    -2.348
1805    -2.813
1806    -2.87
1807    -3.02
1808    -2.794
1809    -2.723
1810    -2.3319998
1811    -1.8659999
1812    -2.3799999
1813    -2.2919998
1814    -2.6019998
1815    -3.683
1816    -3.4229999
1817    -2.574
1818    -2.474
1819    -3.274
1820    -3.543
1821    -3.5549998
1822    -3.669
1823    -3.269
1824    -3.324
1825    -3.3519998
1826    -3.699
1827    -3.372
1828    -3.295
1829    -2.3549998
1830    -3.263
1831    -2.7069998
1832    -3.258
1833    -46.64
1834    -3.499
1835    -3.3709998
1836    -3.416
1837    -3.597
1838    -3.28
1839    -47.088
1840    -3.323
1841    -3.361
1842    -1.0959997
1843    -2.774
1844    -3.343
1845    -3.439
1846    -3.23
1847    -3.6149998
1848    -3.2399998
1849    -3.3969998
1850    -46.898
1851    -3.538
1852    -3.4769998
1853    -3.678
1854    -46.675
1855    -2.758
1856    -3.251
1857    -3.192
1858    -3.5809999
1859    -3.8569999
1860    -3.5809999
1861    -3.257
1862    -3.42
1863    -3.656
1864    -3.37
1865    -2.7519999
1866    -2.875
1867    -2.875
1868    -1.8389997
1869    -2.011
1870    -3.2599998
1871    -3.2009997
1872    -3.208
1873    -3.2319999
1874    -2.1209998
1875    -1.9429998
1876    -3.54
1877    -2.4459999
1878    -2.2329998
1879    -2.4429998
1880    -2.564
1881    -2.4759998
1882    -2.8479998
1883    -2.12
1884    -2.3189998
1885    -2.643
1886    -2.472
1887    -2.544
1888    -3.228
1889    -3.024
1890    -1.9459999
1891    -2.77
1892    -2.439
1893    -3.506
1894    -8.342
1895    -2.784
1896    -2.543
1897    -2.244
1898    -2.7259998
1899    -2.1279998
1900    -8.104
1901    -3.1859999
1902    -9.285
1903    -2.583
1904    -5.116
1905    -9.1449995
1906    -2.3289998
1907    -8.73
1908    -2.82
1909    -2.1769998
1910    -3.019
1911    -7.859
1912    -2.863
1913    -3.143
1914    -2.7099998
1915    -3.156
1916    -9.1189995
1917    -3.037
1918    -2.12
1919    -2.908
1920    -2.145
1921    -3.0809999
1922    -3.0349998
1923    -2.823
1924    -2.333
1925    -2.856
1926    -7.113
1927    -8.887
1928    -2.4919999
1929    -2.853
1930    -3.0759997
1931    -2.613
1932    -2.62
1933    -2.934
1934    -8.87
1935    -2.4659998
1936    -2.6239998
1937    -3.1069999
1938    -3.032
1939    -3.1609998
1940    -2.6629999
1941    -3.1679997
1942    -3.402
1943    -3.0579998
1944    -1.9439998
1945    -5.836
1946    -3.182
1947    -2.8409998
1948    -3.137
1949    -3.485
1950    -2.4669998
1951    -1.8639998
1952    -2.3209999
1953    -3.464
1954    -2.557
1955    -3.212
1956    -2.1759999
1957    -2.3899999
1958    -2.8939998
1959    -2.826
1960    -3.1539998
1961    -2.5379999
1962    -4.767
1963    -3.231
1964    -6.345
1965    -2.1809998
1966    -0.7339997
1967    -2.75
1968    -2.4589999
1969    -2.2729998
1970    -2.54
1971    -2.2859998
1972    -3.199
1973    -2.656
1974    -2.1939998
1975    -2.678
1976    -2.599
1977    -2.2489998
1978    -9.458
1979    -2.5129998
1980    -2.485
1981    -2.7749999
1982    -2.8019998
1983    -2.78
1984    -2.2089999
1985    -2.4009998
1986    -2.487
1987    -1.7739999
1988    -9.155
1989    -2.616
1990    -2.704
1991    -2.5479999
1992    -1.9879999
1993    -2.4859998
1994    -5.811
1995    -0.9169998
1996    -2.3449998
1997    -2.0549998
1998    -1.5619998
1999    -2.478
2000    -1.5209999
2001    -2.6279998
2002    -2.063
2003    -2.432
2004    -2.2599998
2005    -2.619
2006    -2.353
2007    -2.3999999
2008    -2.717
2009    -1.971
2010    -1.4739997
2011    -2.063
2012    -2.889
2013    -0.974
2014    -0.17999983
2015    -2.4599998
2016    -2.7099998
2017    -2.869
2018    -1.9429998
2019    -2.405
2020    -1.9889998
2021    -2.5319998
2022    -2.3089998
2023    -2.833
2024    -2.1809998
2025    -2.498
2026    -2.635
2027    -2.712
2028    -2.231
2029    -2.353
2030    -2.442
2031    -2.702
2032    -2.668
2033    -4.564
2034    -2.633
2035    -2.9919999
2036    -2.389
2037    -6.574
2038    -4.4799995
2039    -2.5879998
2040    -2.4829998
2041    -2.175
2042    -2.2859998
2043    -2.8639998
2044    -2.4139998
2045    -2.221
2046    -2.981
2047    -2.494
2048    -2.817
2049    -1.2579999
2050    -2.303
2051    -2.3579998
2052    -2.9169998
2053    -2.8209999
2054    -4.644
2055    -2.863
2056    -1.8899999
2057    -1.8059998
2058    -2.5349998
2059    -4.479
2060    -2.205
2061    -2.0149999
2062    -2.5219998
2063    -2.711
2064    -2.8309999
2065    -0.30599976
2066    -2.784
2067    -2.379
2068    -2.4139998
2069    -2.2559998
2070    -2.5419998
2071    -2.8279998
2072    -2.4259999
2073    -2.412
2074    -2.175
2075    1.0
2076    -2.8209999
2077    -2.817
2078    -2.935
2079    -3.0549998
2080    -2.9759998
2081    -2.708
2082    -2.5219998
2083    -2.2849998
2084    -1.9899998
2085    -50.241
2086    -2.7819998
2087    -2.3449998
2088    -2.501
2089    -2.633
2090    -2.504
2091    -2.691
2092    -2.096
2093    -2.8309999
2094    -2.4329998
2095    -2.9919999
2096    -2.817
2097    -2.768
2098    -2.4889998
2099    -2.244
2100    -2.392
2101    -2.8449998
2102    -2.4169998
2103    -2.5519998
2104    -2.471
2105    -0.48999977
2106    -3.0679998
2107    -2.925
2108    -1.8299999
2109    -3.008
2110    -2.9069998
2111    -2.1509998
2112    -1.8729999
2113    -2.967
2114    0.27200007
2115    -8.660999
2116    -2.179
2117    -2.554
2118    -2.0679998
2119    -2.0619998
2120    -1.6939998
2121    -2.745
2122    -2.2849998
2123    -2.4819999
2124    -2.5359998
2125    -0.431
2126    -8.66
2127    -2.6769998
2128    -2.6269999
2129    -2.5509999
2130    -2.9729998
2131    -1.7479999
2132    -2.267
2133    -1.8379998
2134    -1.5399997
2135    -8.748
2136    -2.0819998
2137    -2.685
2138    -2.967
2139    -2.313
2140    -3.0099998
2141    -3.9759998
2142    -4.724
2143    -4.338
2144    -10.842
2145    -4.4709997
2146    -4.555
2147    -4.6049995
2148    -4.34
2149    -4.0649996
2150    -4.832
2151    -4.423
2152    -4.3809996
2153    -3.9699998
2154    -4.734
2155    -4.278
2156    -3.9109998
2157    -4.6289997
2158    -4.706
2159    -3.6599998
2160    -3.6569998
2161    -4.269
2162    -3.7569997
2163    -4.619
2164    -4.0889997
2165    -4.5039997
2166    -5.5179996
2167    -4.9589996
2168    -5.5369997
2169    -3.9639997
2170    -5.468
2171    -4.398
2172    -5.443
2173    -5.312
2174    -7.542
2175    -5.536
2176    -4.085
2177    -5.475
2178    -5.463
2179    -5.514
2180    -3.3679998
2181    -5.559
2182    -5.533
2183    -5.579
2184    -20.077
2185    -5.35
2186    -9.512
2187    -5.522
2188    -5.4639997
2189    -5.583
2190    -22.522
2191    -5.5699997
2192    -5.525
2193    -5.474
2194    -5.347
2195    -5.505
2196    -6.116
2197    -2.376
2198    -5.053
2199    -5.541
2200    -5.527
2201    -5.307
2202    -3.5889997
2203    -6.231
2204    -5.296
2205    -4.5889997
2206    -5.538
2207    -25.498
2208    -5.5769997
2209    -4.844
2210    -7.232
2211    -5.5439997
2212    -5.564
2213    -5.5
2214    -5.56
2215    -5.579
2216    -4.222
2217    -4.369
2218    -4.7
2219    -4.2939997
2220    -5.154
2221    -6.561
2222    -5.588
2223    -5.5769997
2224    -7.432
2225    -3.9799998
2226    -5.517
2227    -5.649
2228    -5.522
2229    -5.545
2230    -5.299
2231    -5.467
2232    -16.056
2233    -5.512
2234    -5.535
2235    -5.522
2236    -13.399
2237    -5.605
2238    -13.266
2239    -4.799
2240    -5.47
2241    -7.661
2242    -3.1159997
2243    -7.2209997
2244    -5.0629997
2245    -5.065
2246    -4.672
2247    -3.932
2248    -4.422
2249    -4.877
2250    -7.836
2251    -4.045
2252    -11.095
2253    -4.318
2254    -4.908
2255    -5.605
2256    -4.568
2257    -5.131
2258    -5.005
2259    -4.9189997
2260    -10.936
2261    -5.569
2262    -4.922
2263    -9.573
2264    -4.6
2265    -8.179
2266    -4.4709997
2267    -4.408
2268    -7.455
2269    -4.842
2270    -4.559
2271    -3.824
2272    -3.961
2273    -4.446
2274    -4.2469997
2275    -3.948
2276    -4.534
2277    -4.548
2278    -4.416
2279    -3.5719998
2280    -5.375
2281    -3.886
2282    -4.062
2283    -4.115
2284    -11.247
2285    -4.3459997
2286    -10.811
2287    -4.3999996
2288    -8.432
2289    -3.5779998
2290    -4.299
2291    -8.628
2292    -4.72
2293    -6.599
2294    0.96500015
2295    -8.752
2296    -4.299
2297    -7.377
2298    -4.481
2299    -3.7319999
2300    -7.564
2301    -4.2159996
2302    -6.126
2303    -3.2779999
2304    -3.4239998
2305    -4.648
2306    -8.889
2307    -5.987
2308    -4.1759996
2309    -8.894
2310    -5.68
2311    -6.635
2312    -5.783
2313    -7.821
2314    -7.539
2315    -5.914
2316    -7.7869997
2317    -5.783
2318    -7.587
2319    -5.798
2320    -5.968
2321    -5.291
2322    -6.035
2323    -6.19
2324    -6.151
2325    -6.017
2326    -6.17
2327    -6.158
2328    -3.639
2329    -5.894
2330    -6.065
2331    -6.11
2332    -6.1019998
2333    -6.1349998
2334    -6.147
2335    -6.112
2336    -6.028
2337    -6.029
2338    -5.899
2339    -6.265
2340    -6.219
2341    -6.158
2342    -6.111
2343    -5.819
2344    -6.094
2345    -6.02
2346    -6.027
2347    -5.941
2348    -6.027
2349    -6.072
2350    -6.169
2351    -6.071
2352    -6.133
2353    -6.007
2354    -6.066
2355    -6.083
2356    -6.153
2357    -6.034
2358    -5.974
2359    -5.959
2360    -5.907
2361    -6.172
2362    -5.979
2363    -6.014
2364    -6.1219997
2365    -6.1219997
2366    -6.148
2367    -6.131
2368    -6.02
2369    -6.184
2370    -6.136
2371    -6.052
2372    -6.062
2373    -6.012
2374    -6.058
2375    -6.106
2376    -6.061
2377    -6.049
2378    -6.198
2379    -5.917
2380    -6.097
2381    -5.897
2382    -6.152
2383    -6.047
2384    -6.082
2385    -6.091
2386    -6.082
2387    -6.093
2388    -5.9969997
2389    -6.038
2390    -6.104
2391    -5.958
2392    -5.981
2393    -6.128
2394    -6.118
2395    -6.081
2396    -6.053
2397    -6.077
2398    -6.124
2399    -6.0
2400    -6.093
2401    -6.029
2402    -6.019
2403    -6.103
2404    -6.064
2405    -6.14
2406    -5.998
2407    -6.068
2408    -6.019
2409    -6.001
2410    -6.124
2411    -6.216
2412    -6.139
2413    -6.232
2414    -6.051
2415    -5.903
2416    -6.025
2417    -5.967
2418    -6.1549997
2419    -6.04
2420    -6.067
2421    -5.734
2422    -6.146
2423    -6.097
2424    -6.049
2425    -6.082
2426    -6.099
2427    -5.9969997
2428    -6.065
2429    -5.998
2430    -6.087
2431    -6.218
2432    -5.877
2433    -6.116
2434    -5.973
2435    -5.947
2436    -5.953
2437    -6.0629997
2438    -5.981
2439    -6.031
2440    -5.981
2441    -5.059
2442    -6.057
2443    -5.9969997
2444    -6.049
2445    -6.046
2446    -5.047
2447    -4.777
2448    -4.4779997
2449    -4.119
2450    -3.8649998
2451    -4.908
2452    -4.8339996
2453    -5.868
2454    -4.49
2455    -8.059999
2456    -5.336
2457    -5.026
2458    -4.675
2459    -4.937
2460    -5.126
2461    -9.316999
2462    -0.22099972
2463    -4.891
2464    -5.034
2465    -5.206
2466    -5.055
2467    -8.037
2468    -4.293
2469    -10.412
2470    -3.8379998
2471    -4.928
2472    -5.145
2473    -4.43
2474    -4.7799997
2475    -3.991
2476    -4.666
2477    -4.5439997
2478    -4.363
2479    -7.895
2480    -3.8179998
2481    -3.882
2482    -5.18
2483    -4.3
2484    -5.107
2485    -4.588
2486    -4.66
2487    -4.4329996
2488    -4.7139997
2489    -10.468
2490    -4.265
2491    -3.6939998
2492    -4.069
2493    -4.838
2494    -4.942
2495    -5.131
2496    -4.951
2497    -4.588
2498    -4.863
2499    -4.913
2500    -4.9659996
2501    -5.119
2502    -4.84
2503    -5.774
2504    -4.995
2505    -4.92
2506    -4.9139996
2507    -4.8079996
2508    -4.594
2509    -5.1019998
2510    -5.174
2511    -4.748
2512    -3.406
2513    -5.04
2514    -3.781
2515    -4.47
2516    -4.486
2517    -4.934
2518    -3.9009998
2519    -5.022
2520    -4.5559998
2521    -4.95
2522    -4.76
2523    -4.573
2524    -5.002
2525    -4.675
2526    -4.035
2527    -3.938
2528    -4.649
2529    -4.9189997
2530    -4.5889997
2531    -4.1
2532    -4.592
2533    -4.439
2534    -4.477
2535    -3.8509998
2536    -6.772
2537    -4.678
2538    -4.5699997
2539    -3.968
2540    -4.508
2541    -4.002
2542    -4.33
2543    -4.16
2544    -4.3
2545    -3.985
2546    -3.879
2547    -3.6729999
2548    -4.707
2549    -4.6309996
2550    -4.512
2551    -4.5249996
2552    -5.1219997
2553    -4.151
2554    -4.826
2555    -4.8409996
2556    -5.0889997
2557    -3.3979998
2558    -4.232
2559    -6.2799997
2560    -4.902
2561    -4.642
2562    -4.392
2563    -5.028
2564    -4.95
2565    -1.3069999
2566    -4.493
2567    -4.885
2568    -5.027
2569    -9.95
2570    -4.816
2571    -4.482
2572    -4.2819996
2573    -4.324
2574    -5.061
2575    -4.512
2576    -9.088
2577    -4.773
2578    -5.2209997
2579    -4.783
2580    -5.055
2581    -4.7860003
2582    -5.035
2583    -4.351
2584    -4.2419996
2585    -5.159
2586    -3.5749998
2587    -4.166
2588    -5.292
2589    -3.9299998
2590    -4.111
2591    -4.363
2592    -5.348
2593    -3.5749998
2594    -5.003
2595    -4.453
2596    -5.378
2597    -8.059999
2598    -4.27
2599    -4.1169996
2600    -4.0979996
2601    -4.67
2602    -9.728
2603    -4.865
2604    -4.987
2605    -4.725
2606    -4.385
2607    -4.6759996
2608    -5.059
2609    -4.943
2610    -4.663
2611    -5.223
2612    -4.686
2613    -4.264
2614    -5.045
2615    -5.338
2616    -4.755
2617    -5.197
2618    -4.474
2619    -4.0839996
2620    -5.045
2621    -9.479
2622    -4.663
2623    -4.0199995
2624    -4.541
2625    -4.529
2626    -5.098
2627    -5.612
2628    -4.972
2629    -5.0039997
2630    -4.7679996
2631    -5.262
2632    -11.057
2633    -8.725
2634    -4.8479996
2635    -4.889
2636    -5.1
2637    -4.752
2638    -4.2889996
2639    -5.068
2640    -4.076
2641    -3.5839999
2642    -4.222
2643    -4.7469997
2644    -5.108
2645    -5.093
2646    -5.142
2647    -8.11
2648    -4.4779997
2649    -4.904
2650    -9.663
2651    -4.1969995
2652    -4.1239996
2653    -4.108
2654    -4.4849997
2655    -3.6469998
2656    -4.047
2657    -4.179
2658    -3.5749998
2659    -3.994
2660    -3.8849998
2661    -4.493
2662    -3.8209999
2663    -4.799
2664    -4.623
2665    -4.0959997
2666    -4.7799997
2667    -3.6569998
2668    -3.7069998
2669    -1.0229998
2670    -3.919
2671    -4.068
2672    -12.117
2673    -4.163
2674    -4.005
2675    -4.7939997
2676    -4.682
2677    -3.9669998
2678    -4.52
2679    -4.896
2680    -4.108
2681    -4.5129995
2682    -3.939
2683    -4.2889996
2684    -4.645
2685    -4.763
2686    -5.137
2687    -4.6309996
2688    -4.856
2689    -4.994
2690    -4.7860003
2691    -4.793
2692    -5.1029997
2693    -3.6499999
2694    -4.7679996
2695    -4.6949997
2696    -3.8219998
2697    -4.3519998
2698    -4.463
2699    -16.049
2700    -5.026
2701    -4.1019998
2702    -4.026
2703    -5.428
2704    -5.159
2705    -4.2039995
2706    -4.406
2707    -4.257
2708    -3.883
2709    -14.773
2710    -3.995
2711    -4.042
2712    -5.035
2713    -4.899
2714    -3.919
2715    -2.4519997
2716    -4.451
2717    -4.026
2718    -2.8439999
2719    -4.4119997
2720    -4.644
2721    -4.319
2722    -4.29
2723    -4.292
2724    -4.147
2725    -4.153
2726    -3.7189999
2727    -3.2089999
2728    -3.4019997
2729    -3.1179998
2730    -3.8509998
