0    3.707
1    3.785
2    3.3950002
3    3.917
4    3.3850002
5    3.811
6    4.057
7    4.787
8    4.287
9    4.12
10    4.0290003
11    4.301
12    1.9920001
13    0.6150001
14    2.1200001
15    1.8670001
16    2.7770002
17    1.348
18    1.9990001
19    1.1930001
20    2.8990002
21    1.184
22    1.118
23    1.6880002
24    2.2250001
25    3.145
26    1.8620002
27    2.4110003
28    2.3860002
29    1.9210002
30    2.7610002
31    1.6070001
32    1.5830002
33    2.1660001
34    1.0410001
35    1.335
36    2.6840003
37    2.6720002
38    1.7270002
39    1.467
40    2.5470002
41    2.6790001
42    1.8990002
43    0.92900014
44    1.3740001
45    1.306
46    2.0130002
47    1.8060002
48    1.8240001
49    2.2500002
50    1.7580001
51    2.7440002
52    1.029
53    2.334
54    1.8210001
55    2.568
56    2.4880002
57    2.269
58    2.1090002
59    2.2270002
60    1.8720002
61    2.163
62    2.4800003
63    3.1390004
64    2.7810001
65    2.693
66    2.051
67    1.9840002
68    2.4140003
69    3.1330004
70    3.2060003
71    2.4980001
72    2.2010002
73    2.7410002
74    1.9970002
75    2.8700001
76    2.496
77    2.9510002
78    2.4550002
79    3.2790003
80    1.4450002
81    0.21300006
82    0.21300006
83    2.108
84    2.5740001
85    2.8820002
86    1.9070001
87    2.4310002
88    2.3300002
89    2.565
90    2.111
91    5.6670003
92    5.7110004
93    6.0690002
94    4.826
95    6.2830005
96    5.5860004
97    5.143
98    4.4890003
99    5.1980004
100    5.287
101    6.3680005
102    -13.436
103    3.3030002
104    2.982
105    3.151
106    1.267
107    3.6490002
108    4.091
109    3.528
110    3.6850002
111    3.2240002
112    3.647
113    3.084
114    2.795
115    3.2510002
116    3.1330001
117    3.4120002
118    -9.637
119    -3.3489997
120    -13.226999
121    -13.639999
122    -4.217
123    -2.7669997
124    -3.2729998
125    -3.626
126    -3.4309998
127    -13.61
128    3.966
129    3.5870001
130    3.5770001
131    3.115
132    3.7630002
133    4.351
134    3.5110002
135    4.0620003
136    -7.417
137    -8.496
138    3.3070002
139    4.3120003
140    -90.0
141    -93.744
142    -0.7989998
143    -1.6529999
144    -0.9289999
145    -2.8189998
146    -2.7669997
147    0.13700008
148    5.3170004
149    1.0090003
150    -1.6069999
151    -3.593
152    -6.175
153    -6.165
154    -5.737
155    -5.484
156    -5.897
157    -4.424
158    -3.148
159    -6.27
160    -5.757
161    -3.064
162    -6.105
163    -5.845
164    -5.7939997
165    -5.646
166    -5.762
167    -3.465
168    -3.122
169    -5.792
170    -5.562
171    -5.94
172    -5.337
173    -5.779
174    -5.771
175    -5.7159996
176    -5.91
177    -6.0179996
178    -3.595
179    -3.182
180    -4.305
181    -5.868
182    -6.139
183    -5.478
184    -5.934
185    -3.303
186    -3.499
187    -4.492
188    -4.998
189    -5.064
190    -5.008
191    -4.795
192    -6.1099997
193    -4.6289997
194    -2.957
195    -5.961
196    -5.943
197    -5.644
198    -6.152
199    0.6620002
200    -6.126
201    -5.836
202    -1.9669998
203    -6.1499996
204    -4.9449997
205    -3.0359998
206    -5.621
207    -5.876
208    -6.043
209    -5.599
210    -5.687
211    -5.736
212    -5.7
213    -5.575
214    -5.423
215    -5.65
216    -3.2189999
217    -3.496
218    -3.42
219    -4.616
220    -5.42
221    -5.7539997
222    -5.741
223    -3.417
224    -6.047
225    -2.823
226    -2.4499998
227    -1.9109998
228    -6.001
229    -5.8
230    -5.902
231    -5.3669996
232    -5.68
233    -5.808
234    -5.623
235    -5.691
236    -6.1429996
237    -5.602
238    -6.046
239    -5.875
240    -5.1029997
241    -2.683
242    -5.1029997
243    -5.7159996
244    -5.2229996
245    -5.2229996
246    -6.487
247    -9.54
248    -8.354
249    -11.055
250    -8.162
251    -10.856
252    -4.024
253    -3.9559999
254    -4.074
255    -5.491
256    -5.491
257    -5.491
258    -0.48099995
259    -1.155
260    -0.22199988
261    -1.155
262    -0.48099995
263    -0.48099995
264    -1.303
265    -0.55999994
266    1.5710001
267    -9.5
268    -9.514
269    -7.9
270    -10.774
271    -10.857
272    -8.431
273    -10.934999
274    -7.903
275    -8.358
276    -10.979
277    -8.1189995
278    -3.4099998
279    -3.154
280    -2.7419999
281    -3.781
282    -3.781
283    -3.158
284    -2.8079998
285    -2.3249998
286    -3.198
287    -3.0509999
288    -0.8629999
289    -1.1039999
290    -0.8629999
291    5.488001
292    -6.3929996
293    -6.5509996
294    -7.146
295    -6.5509996
296    -7.146
297    -12.958
298    -15.868
299    -15.389999
300    -12.706
301    -13.448
302    -12.983999
303    -13.555
304    -7.835
305    -7.835
306    -7.088
307    -8.012
308    -7.572
309    -18.082
310    -17.594
311    -17.776
312    -13.183
313    -12.846
314    -11.238
315    -11.848
316    -13.311
317    -0.15999985
318    -1.811
319    -0.34099984
320    -0.17399979
321    0.7220001
322    -0.28599977
323    -0.009999752
324    1.8430004
325    0.85300016
326    1.8330002
327    0.8390002
328    -3.659
329    -3.4569998
330    -3.9059997
331    -0.6889999
332    -1.8499999
333    0.9670005
334    5.8100004
335    -10.716
336    -7.9849997
337    -7.95
338    -8.235
339    -10.67
340    -7.587
341    -10.698
342    -9.507
343    -3.0029998
344    -3.9259996
345    -2.7409997
346    -3.8709998
347    -2.158
348    -13.8880005
349    -11.885
350    -11.516
351    -7.5319996
352    -10.114
353    -7.949
354    -7.95
355    -7.744
356    -9.083
357    -13.232
358    -13.207
359    -15.000999
360    -14.8689995
361    -14.636
362    -14.999
363    -10.189
364    -10.49
365    -10.2369995
366    -10.308
367    -4.3459997
368    -4.466
369    -4.423
370    -4.819
371    -1.875
372    -2.013
373    -1.997
374    -2.064
375    -4.807
376    -1.435
377    -1.79
378    -4.736
379    -4.665
380    -4.7869997
381    -4.383
382    -1.6939999
383    -4.489
384    -2.156
385    -4.881
386    -2.0749998
387    -1.7349999
388    -1.681
389    -4.498
390    -3.215
391    -2.118
392    -3.4469998
393    -1.0579996
394    -1.336
395    -1.3299999
396    0.24100018
397    0.28900027
398    0.28300023
399    -14.5529995
400    -11.484
401    -13.554
402    -12.691
403    -12.705
404    -12.696
405    -11.841
406    -11.821
407    -11.837999
408    -11.835
409    -11.835
410    -11.837999
411    -10.621
412    -10.66
413    -10.641
414    -10.623
415    -10.659
416    -10.625999
417    -22.063
418    -4.4189997
419    -4.417
420    -27.287
421    -27.256
422    -27.288
423    -15.04
424    -15.034
425    -15.033
426    -17.446
427    -17.45
428    -17.437
429    -13.325
430    -13.315
431    -13.334999
432    -15.816999
433    -15.771999
434    -15.752
435    -15.78
436    -15.749
437    -15.783
438    -13.322
439    -13.315
440    -13.333
441    -9.231
442    -9.257
443    -9.247
444    -20.103
445    -20.06
446    -20.087
447    -20.078
448    -14.921
449    -14.931999
450    -14.909
451    -5.837
452    -8.389
453    -8.821
454    -7.745
455    -6.141
456    -8.785
457    -9.479
458    -9.473
459    -11.905
460    -2.2149997
461    -11.783999
462    -2.935
463    -3.0099998
464    -4.036
465    -18.057
466    -16.841
467    -18.031
468    -16.051
469    -3.047
470    -3.054
471    -9.073
472    -8.09
473    -9.04
474    -20.467999
475    -19.807999
476    -19.489
477    -7.0319996
478    -8.813
479    -8.86
480    -8.816999
481    -19.91
482    -19.915
483    -19.949
484    -7.0189996
485    -7.559
486    -7.659
487    -7.5519996
488    -6.9399996
489    -5.376
490    -7.704
491    -7.5449996
492    -4.4459996
493    -16.817
494    -64.483
495    -64.491
496    -3.0709999
497    -2.691
498    -3.714
499    -6.376
500    -5.42
501    -6.39
502    -63.938
503    -24.927
504    -41.172
505    -25.188
506    -24.565
507    -24.207
508    -28.328
509    -30.668
510    -30.039
511    -24.531
512    -29.984
513    -23.575
514    -25.893
515    -26.899
516    -25.916
517    -39.642
518    -38.624
519    -29.978
520    -18.313
521    -17.4
522    -17.386
523    -29.973999
524    -38.647
525    -26.008
526    -38.652
527    -39.653
528    -30.944
529    -1.9599998
530    -0.91999984
531    -1.9089999
532    -26.178
533    -23.227
534    -23.232
535    -24.598999
536    -22.063
537    -9.637
538    -31.253
539    -27.727
540    -27.727
541    -31.087
542    -28.489
543    -28.497
544    -30.462
545    -32.031
546    -31.081
547    -15.551
548    -10.647
549    -17.061
550    -16.082
551    -12.113
552    -10.639
553    -19.108
554    -24.608
555    -10.523
556    -25.682
557    -46.63
558    -28.298
559    -24.729
560    -55.85
561    -36.127
562    -55.881
563    -54.922
564    -54.903
565    -40.164
566    -55.261
567    -55.19
568    -42.314
569    -9.923
570    -4.0179996
571    -9.819
572    -17.59
573    -12.722
574    -12.711
575    -38.978
576    -36.251
577    -23.538
578    -26.582
579    -22.518
580    -27.514
581    -21.544
582    -26.588
583    -29.157
584    -29.167
585    -29.015999
586    -29.022
587    -29.008
588    -29.082
589    -24.348
590    -23.376
591    -24.334
592    -19.567
593    -23.333
594    -25.279
595    -9.885
596    -12.948
597    -12.995
598    -13.979
599    -13.717
600    -15.7
601    -11.967
602    -10.934999
603    -11.971
604    -6.115
605    -5.837
606    -6.77
607    -10.913
608    -14.959
609    -9.962999
610    -58.484
611    -32.096
612    -58.596
613    -20.583
614    -17.637
615    -17.636
616    -8.292
617    -11.394
618    -18.429
619    -7.33
620    -12.364
621    -6.974
622    -4.446
623    -4.2469997
624    -5.416
625    -4.4659996
626    -4.441
627    -4.1359997
628    -0.022999763
629    -10.35
630    -6.7689996
631    -10.267
632    -1.1269999
633    0.021000862
634    -9.622999
635    -7.6349998
636    -9.335
637    -10.330999
638    -9.37
639    -8.6189995
640    -13.498
641    -13.368
642    -12.753
643    -13.498
644    -13.689
645    -13.331
646    -13.225
647    -13.451
648    -13.263
649    -13.384
650    -12.982
651    -12.263
652    -12.462
653    -11.941
654    -12.591
655    -12.165
656    -10.54
657    -13.529
658    -17.529
659    -17.717
660    -17.311
661    -17.601
662    -17.452
663    -16.934
664    -17.039
665    -17.3
666    -10.417
667    -9.87
668    -9.410999
669    -8.642
670    -4.117999
671    -10.438
672    -9.427
673    -5.35
674    -6.3689995
675    -9.667
676    -8.431
677    -9.745
678    -7.4719996
679    -8.651
680    -3.771
681    -8.413
682    -7.457
683    -9.701
684    -8.724
685    -7.548
686    -2.975
687    -40.634
688    -42.211
689    -39.636
690    -33.551
691    -32.556
692    -31.598
693    -47.66
694    -48.013
695    -39.656
696    -38.715
697    -48.983
698    -45.325
699    -49.667
700    -46.661
701    -47.032
702    -29.789
703    -28.784
704    -28.788
705    -33.773
706    -34.564
707    -28.763
708    -29.7
709    -29.667
710    -28.802
711    -32.565
712    -29.776
713    -27.689
714    -32.864
715    -32.853
716    -32.553
717    -34.554
718    -27.69
719    -28.79
720    -30.687
721    -29.783
722    -33.689
723    -32.54
724    -29.796
725    -14.543
726    -13.971
727    -11.679
728    -13.155
729    -23.159
730    -16.018
731    -32.47
732    -16.751999
733    -13.032
734    -11.500999
735    -8.724
736    -17.698
737    -10.05
738    -19.12
739    -9.915
740    -18.236
741    -19.198
742    -19.181
743    -10.299
744    -19.314
745    -16.824
746    -9.741
747    -19.109
748    -10.186
749    -18.163
750    -17.169
751    -9.761
752    -9.715
753    -16.182
754    -16.417
755    -16.237
756    -9.636
757    -17.69
758    -17.725
759    -14.734
760    -14.500999
761    -14.802
762    -14.453
763    -14.43
764    -14.721
765    -18.249
766    -18.598
767    -18.61
768    -18.53
769    -18.249
770    -17.387
771    -23.343
772    -23.54
773    -23.273
774    -23.355999
775    -24.581
776    -24.616
777    -24.681
778    -22.839
779    -24.069
780    -24.083
781    -22.694
782    -21.061
783    -28.654
784    -24.623
785    -35.518
786    -28.879
787    -21.653
788    -3.57
789    -8.372
790    -10.159
791    -20.828
792    -21.369999
793    -22.155
794    -20.878
795    -20.557
796    -20.869999
797    -20.267
798    -20.573
799    -20.879
800    -22.032999
801    -17.1
802    -20.366
