0    1.9120001
1    1.963
2    1.698
3    2.084
4    1.812
5    1.7320001
6    0.1450001
7    -0.46099997
8    -0.21199995
9    0.37400007
10    1.7850001
11    -0.22499996
12    -0.008999944
13    0.22000003
14    0.7340001
15    0.28100002
16    1.294
17    1.281
18    1.287
19    1.291
20    1.289
21    0.95900005
22    1.151
23    1.593
24    0.85600007
25    0.81000006
26    1.2639999
27    1.2639999
28    1.26
29    1.261
30    1.2590001
31    1.4330001
32    0.777
33    0.74300003
34    1.381
35    2.167
36    -2.709
37    -3.059
38    -2.715
39    -2.849
40    -2.665
41    0.1170001
42    0.44500005
43    0.18900001
44    0.13400006
45    0.021000028
46    -0.034999967
47    0.051
48    0.37500012
49    0.12800002
50    0.16400003
51    0.10100007
52    -0.16999996
53    0.42500007
54    -0.14199996
55    0.6170001
56    -0.17499995
57    0.5710001
58    0.5760001
59    -0.01699996
60    0.08700001
61    -0.06799996
62    0.35600007
63    0.09200001
64    0.018000007
65    0.24400008
66    0.30000007
67    0.3390001
68    0.69200003
69    0.38400006
70    1.2380002
71    0.032999992
72    -0.48499995
73    0.16400003
74    0.24900007
75    0.4690001
76    0.69000006
77    0.83200014
78    0.078999996
79    0.36800003
80    -0.051999927
81    -0.0069999695
82    0.026000023
83    0.28100002
84    -0.30099994
85    0.3490001
86    0.015000105
87    0.11500001
88    0.055999994
89    0.096000075
90    0.6140001
91    0.008000016
92    0.24900007
93    0.049000025
94    0.008000016
95    -0.25699997
96    0.20500004
97    0.31300008
98    -0.22999996
99    -0.07799995
100    0.74300003
101    -0.119999945
102    0.3390001
103    0.08800006
104    1.4310002
105    -0.09399998
106    0.25100005
107    0.46800005
108    0.05400002
109    0.577
110    0.2470001
111    0.3540001
112    -0.26299995
113    0.35300004
114    0.6810001
115    0.5220001
116    -0.0059999824
117    0.22500002
118    -0.08199996
119    0.17700005
120    -0.07699996
121    0.003000021
122    -0.19399995
123    -0.20899999
124    0.22900009
125    0.36600006
126    0.14600003
127    -0.29899997
128    0.73600006
129    0.25800002
130    0.08000004
131    -0.27199996
132    0.5860001
133    0.44400012
134    0.053000093
135    0.2550001
136    0.52700007
137    0.05700004
138    0.6270001
139    -9.999275E-4
140    0.19200003
141    -0.10899997
142    0.123000026
143    0.24600005
144    -0.24199998
145    0.025000095
146    0.06700003
147    -0.062999964
148    0.36600006
149    0.46600008
150    -0.085999966
151    -0.23799998
152    0.15800011
153    0.34800005
154    0.16500008
155    0.06500006
156    0.7290001
157    -0.08699995
158    0.18700004
159    0.03000009
160    0.18000007
161    0.171
162    0.4180001
163    -0.030999959
164    0.029000044
165    0.03400004
166    0.049000025
167    -0.486
168    -0.47399998
169    -0.48299998
170    0.13200009
171    0.09500003
172    0.33500004
173    0.20600009
174    -0.14099997
175    0.05700004
176    0.086000085
177    0.012000084
178    0.34300005
179    0.2470001
180    0.20600009
181    -0.04399997
182    0.31800008
183    0.15200007
184    0.7700001
185    -0.122999966
186    -1.724
187    -1.9699999
188    -2.027
189    -1.599
190    -1.8649999
191    -1.8959999
192    -2.008
193    -2.013
194    -1.862
195    -1.8829999
196    -1.9419999
197    -1.972
198    -0.8449998
199    -2.46
200    -1.803
201    -1.77
202    -1.762
203    -1.6899999
204    -1.749
205    -1.635
206    -2.211
207    -1.606
208    -1.719
209    -1.479
210    -1.4979999
211    -1.678
212    -1.816
213    -1.6819999
214    -1.642
215    -1.757
216    -1.543
217    -0.16499996
218    -1.2549999
219    -1.861
220    -1.9239999
221    -1.5649999
222    -1.7399999
223    -1.6869999
224    -1.8
225    -1.6199999
226    -1.356
227    -1.7229999
228    -1.861
229    -1.4929999
230    -1.6509999
231    -1.8549999
232    -1.5059999
233    -1.4339999
234    -1.6029999
235    -1.795
236    -1.5009999
237    -1.852
238    -1.1689999
239    -1.418
240    -1.6249999
241    -1.285
242    -1.5049999
243    -1.706
244    -1.374
245    -1.808
246    -1.461
247    -1.0019999
248    -1.701
249    -0.7559998
250    -1.732
251    -1.8649999
252    -1.708
253    -1.8649999
254    -1.9139999
255    -1.545
256    -1.7099999
257    -1.7229999
258    -2.098
259    -1.78
260    -1.757
261    -1.6969999
262    -1.846
263    -1.4979999
264    -1.8939999
265    -1.466
266    -1.912
267    -1.7399999
268    -1.9849999
269    -1.7659999
270    -1.443
271    -1.2179999
272    -1.716
273    -1.7019999
274    -0.32299995
275    -1.8089999
276    -2.211
277    -1.8169999
278    -0.6889999
279    -1.6489999
280    -1.732
281    -2.161
282    -1.665
283    -1.607
284    -1.8299999
285    -1.8599999
286    -1.7299999
287    -1.675
288    -1.668
289    -1.578
290    1.263
291    -1.535
292    -1.198
293    -1.813
294    -1.8829999
295    -2.017
296    -1.56
297    -1.5009999
298    -1.1429999
299    -1.3439999
300    -1.5239999
301    -1.4619999
302    -1.6099999
303    -1.6899999
304    -1.709
305    -1.9699999
306    -1.941
307    -1.4439999
308    -1.538
309    -1.476
310    -1.423
311    -1.412
312    -1.8429999
313    -1.903
314    -1.2639999
315    -1.678
316    -0.98099995
317    -0.9369998
318    -1.5649999
319    -1.3009999
320    -1.443
321    -1.5689999
322    -0.934
323    -1.5059999
324    -1.8809999
325    -1.392
326    -1.543
327    -1.2699999
328    -1.2789999
329    -1.055
330    -1.7349999
331    -1.7459999
332    -1.995
333    -1.0179999
334    -1.6049999
335    -1.573
336    -1.53
337    -1.5009999
338    -1.0279999
339    -1.864
340    -1.252
341    -1.4949999
342    -1.4289999
343    -1.3389999
344    -1.5619999
345    -1.155
346    -1.3399999
347    -1.4779999
348    -1.596
349    -1.662
350    -2.188
351    -1.326
352    -1.5519999
353    -1.6539999
354    -1.801
355    -1.5849999
356    -1.1209999
357    -1.216
358    -1.578
359    -1.402
360    -1.619
361    -1.811
362    -1.4679999
363    -1.754
364    -1.5559999
365    -1.464
366    -1.532
367    -1.6529999
368    -1.6789999
369    -1.481
370    -1.6029999
371    -1.3429999
372    -1.5769999
373    -1.502
374    -1.474
375    -1.673
376    -1.5899999
377    -1.3879999
378    -1.555
379    -1.681
380    -1.75
381    -1.4719999
382    -1.4999999
383    -1.333
384    -1.3779999
385    -1.622
386    -1.4589999
387    -1.668
388    -1.2889999
389    -1.4879999
390    -1.369
391    -1.1309999
392    -1.3399999
393    -1.458
394    -1.668
395    -1.4159999
396    -1.561
397    -1.535
398    -0.71799994
399    -1.4539999
400    -1.953
401    -1.627
402    -2.192
403    -1.959
404    -1.2929999
405    -1.6659999
406    -1.5359999
407    -1.0799999
408    -1.92
409    -1.5949999
410    -1.407
411    -1.824
412    -1.6439999
413    -1.4489999
414    -1.912
415    -1.2379999
416    -1.6689999
417    -1.4959999
418    -1.474
419    -1.785
420    -1.583
421    -1.879
422    -1.612
423    -1.652
424    -1.5419999
425    -1.3569999
426    -1.254
427    -1.137
428    -0.4389999
429    -1.5749999
430    -1.7919999
431    -1.5489999
432    -1.517
433    -1.591
434    -0.2809999
435    -1.415
436    -1.364
437    -1.4849999
438    -1.361
439    -1.5879999
440    -1.826
441    -1.8959999
442    -1.4399999
443    -1.64
444    -0.826
445    -1.458
446    -1.509
447    -1.492
448    -1.816
449    -1.254
450    -1.5359999
451    -1.5769999
452    -1.474
453    -1.31
454    -1.4389999
455    -1.1269999
456    -1.6079999
457    -1.66
458    -1.287
459    -1.686
460    -1.2379999
461    -1.5719999
462    -1.3959999
463    -1.5699999
464    -1.673
465    -1.56
466    -1.1899999
467    -1.5869999
468    -1.6329999
469    -1.683
470    -1.6049999
471    -1.6259999
472    -1.6199999
473    -1.359
474    -1.42
475    -1.719
476    -0.9289999
477    -1.446
478    -0.8569999
479    -1.6429999
480    -1.956
481    -1.2889999
482    -1.1739999
483    -1.543
484    -1.5409999
485    -1.2959999
486    1.2750001
487    -1.515
488    -1.0789999
489    -1.055
490    -1.7279999
491    -1.331
492    -1.4929999
493    -1.805
494    -0.5089998
495    -1.6019999
496    -1.3439999
497    -1.833
498    -1.7349999
499    -1.466
500    -1.466
501    -1.1359999
502    -1.711
503    -1.43
504    -1.5059999
505    -1.6759999
506    -1.4339999
507    -1.4219999
508    -1.4539999
509    -1.831
510    -1.3119999
511    -1.872
512    -1.668
513    -0.612
514    -1.3939999
515    -1.5699999
516    -1.3289999
517    -1.7609999
518    -1.4499999
519    -1.5059999
520    -1.642
521    -1.7909999
522    -2.197
523    -1.2249999
524    -1.6029999
525    -1.5469999
526    -1.3419999
527    -1.3679999
528    -0.5109999
529    -1.5279999
530    -1.387
531    -0.43399978
532    -1.3369999
533    -1.1909999
534    -1.456
535    -1.706
536    -1.5929999
537    -1.6179999
538    -1.0769999
539    -1.28
540    -1.392
541    -1.571
542    -1.5509999
543    -1.7709999
544    -1.558
545    -1.502
546    -1.351
547    -1.737
548    -1.379
549    -1.2929999
550    -1.4059999
551    -1.252
552    -1.5979999
553    -1.3579999
554    -1.7479999
555    -1.627
556    -1.571
557    -1.0809999
558    -1.989
559    -1.5109999
560    -1.4159999
561    -1.0519999
562    -1.3959999
563    -1.4899999
564    -1.1939999
565    -1.2659999
566    -1.356
567    -1.619
568    -1.6259999
569    -1.3469999
570    -1.665
571    -1.663
572    -1.6989999
573    -1.686
574    -1.6889999
575    -1.634
576    -1.6899999
577    -1.6639999
578    -1.6709999
579    -1.6709999
580    -1.683
581    -1.7019999
582    -1.6769999
583    -1.696
584    -1.665
585    -1.681
586    -1.673
587    -1.686
588    -1.693
589    -1.7019999
590    -1.681
591    -1.6429999
592    -1.657
593    -1.6839999
594    -1.698
595    -1.6689999
596    -1.6589999
597    -1.6739999
598    -1.68
599    -1.665
600    -1.68
601    -1.6559999
602    -1.6609999
603    -1.678
604    -1.657
605    -1.6709999
606    -1.685
607    -1.668
608    -1.709
609    -1.647
610    -1.6689999
611    -1.698
612    -1.675
613    -1.688
614    -1.6919999
615    -1.6669999
616    -1.6719999
617    -1.6919999
618    -1.681
619    -1.686
620    -1.693
621    -1.6709999
622    -1.673
623    -1.6919999
624    -1.6709999
625    -1.6559999
626    -1.686
627    -1.67
628    -1.6589999
629    -1.686
630    -1.68
631    -1.673
632    -1.6759999
633    -1.6839999
634    -1.6509999
635    -1.6709999
636    -1.681
637    -1.681
638    -1.686
639    -1.6869999
640    -1.66
641    -1.6819999
642    -1.68
643    -1.6769999
644    -1.681
645    -1.675
646    -1.6659999
647    -1.634
648    -1.6709999
649    -1.6839999
650    -1.6709999
651    -1.6839999
652    -1.663
653    -1.6389999
654    -1.6899999
655    -1.696
656    -1.686
657    -1.6759999
658    -1.65
659    -1.6669999
660    -0.42299986
661    -0.43499994
662    -0.42599988
663    -0.43999982
664    -0.44399977
665    -0.41499996
666    -0.4519999
667    -0.43499994
668    -0.4469998
669    -0.4499998
670    -0.029999971
671    0.038000107
672    -0.3119998
673    -0.30799985
674    -0.0119998455
675    -0.42199993
676    -0.44899988
677    -0.43299985
678    -0.4389999
679    -0.4389999
680    -0.37699986
681    -0.20899987
682    -0.05699992
683    -0.21499991
684    -0.50199986
685    -0.45799994
686    -0.44899988
687    -0.44399977
688    -0.42099977
689    -0.44099998
690    1.3920002
691    -0.30299997
692    -0.4749999
693    -0.2479999
694    -0.08199978
695    -0.4369998
696    -0.42099977
697    -0.4649999
698    -0.4419999
699    -0.4519999
700    -0.5549998
701    -0.69499993
702    -0.32899976
703    -0.48999977
704    -0.3269999
705    -0.9549999
706    -0.3479998
707    -0.95599985
708    -0.2119999
709    -0.18499994
710    -0.45599985
711    -0.45699978
712    -0.43499994
713    -0.44799995
714    -0.45799994
715    -0.46299982
716    -0.385
717    0.36500025
718    -0.694
719    -0.6129999
720    -0.4289999
721    -0.47399998
722    -0.464
723    -0.44599986
724    -0.42199993
725    -0.46599984
726    -0.19199991
727    -0.26999998
728    -0.3269999
729    0.48300028
730    -0.43999982
731    -0.454
732    -0.46599984
733    -0.42599988
734    -0.4619999
735    -0.5569999
736    -0.42799997
737    -0.25099993
738    -0.23399997
739    -0.40299988
740    -0.42199993
741    -0.4389999
742    -0.42099977
743    -0.4419999
744    -0.42799997
745    0.35500026
746    -0.35099983
747    -0.6759999
748    -0.3599999
749    0.5940001
750    -0.4599998
751    -0.45599985
752    -0.44799995
753    -0.44599986
754    -0.42099977
755    -0.59299994
756    -0.4239998
757    -0.09799981
758    0.19200015
759    -0.20499992
760    -0.45099998
761    -0.454
762    -0.4499998
763    -0.43799996
764    -0.41799998
765    -0.77699995
766    -0.41799998
767    -0.21399999
768    0.022000074
769    -0.51499987
770    -0.40899992
771    -0.454
772    -0.4499998
773    -0.43299985
774    -0.4499998
775    -0.17099977
776    0.22600007
777    -0.45499992
778    -0.27799988
779    -0.28199983
780    -0.4519999
781    -0.42799997
782    -0.4599998
783    -0.431
784    -0.454
785    -0.20299983
786    -0.14399981
787    -0.21299982
788    -0.3579998
789    -0.14199996
790    -0.4139998
791    -0.44399977
792    -0.431
793    -0.4599998
794    -0.44899988
795    -0.30899978
796    -0.2349999
797    -0.16699982
798    -0.57099986
799    0.43700027
800    -0.44399977
801    -0.44299984
802    -0.4499998
803    -0.431
804    -0.44399977
805    -0.44399977
806    -0.4699998
807    -0.46599984
808    -0.43799996
809    -0.44499993
810    -0.29999995
811    -0.35399985
812    -0.21399999
813    -0.5029998
814    -0.3679998
815    -0.43599987
816    -0.4239998
817    -0.42599988
818    -0.48099995
819    -0.4419999
820    -0.20899987
821    0.2540002
822    -0.40499997
823    -0.39199996
824    -0.27999997
825    -0.43999982
826    -0.4389999
827    -0.4289999
828    -0.4649999
829    -0.4499998
830    -0.44499993
831    -0.29299998
832    -0.15099978
833    -0.39899993
834    -0.42099977
835    -0.4469998
836    -0.4419999
837    -0.42099977
838    -0.4159999
839    -0.45699978
840    -0.37499976
841    -0.33399987
842    -0.3959999
843    -0.16699982
844    -0.41499996
845    -0.40999985
846    -0.44599986
847    -0.46099997
848    -0.4469998
849    -0.454
850    -0.41299987
851    -0.35199976
852    -0.22299981
853    -0.0059998035
854    -0.3249998
855    -0.2119999
856    -0.45599985
857    -0.42799997
858    -0.44799995
859    -0.42099977
860    -0.44799995
861    -0.9589999
862    -0.31899977
863    -0.6279998
864    -0.40299988
865    -0.19299984
866    -0.43799996
867    -0.43599987
868    -0.464
869    -0.43499994
870    -0.41699982
871    -0.25099993
872    -0.4059999
873    -0.40899992
874    -0.5409999
875    -0.16099977
876    -0.4599998
877    -0.42599988
878    -0.4289999
879    -0.41699982
880    -0.45799994
881    -0.44299984
882    0.23200011
883    0.25300026
884    -0.08799982
885    -0.08799982
886    -0.45099998
887    -0.42599988
888    -0.431
889    -0.4419999
890    -0.464
891    -0.47599983
892    -0.3119998
893    -0.29299998
894    -0.17599988
895    -0.116999865
896    -0.4239998
897    -0.43199992
898    -0.42099977
899    -0.47799993
900    -0.43599987
901    -0.10099983
902    -0.95299983
903    -0.35599995
904    -0.16199994
905    -0.27399993
906    -0.431
907    -0.4269998
908    -0.44599986
909    -0.46299982
910    -0.40699983
911    -0.26499987
912    0.2210002
913    -0.37799978
914    -0.32899976
915    -0.2889998
916    -0.45299983
917    -0.43799996
918    -0.43999982
919    -0.4519999
920    -0.48099995
921    -0.43399978
922    -0.41999984
923    -0.5179999
924    -0.31299996
925    -0.7679999
926    -0.44299984
927    -0.4389999
928    -0.42599988
929    -0.4599998
930    -0.46599984
931    -0.109999895
932    -0.43199992
933    -0.05099988
934    -0.28999996
935    0.30600023
936    -0.42599988
937    -0.47399998
938    -0.4619999
939    -0.454
940    -0.45699978
941    -0.37699986
942    -0.24599981
943    -0.30299997
944    -0.26299977
945    0.0050001144
946    -0.44499993
947    -0.42199993
948    -0.4369998
949    -0.41499996
950    -0.44599986
951    -0.1409998
952    -0.11899996
953    -0.038999796
954    0.3230002
955    -0.9719999
956    -0.43199992
957    -0.431
958    -0.43599987
959    -0.4289999
960    -0.46899986
961    -0.18499994
962    0.15500021
963    -0.20099998
964    -0.052999973
965    -0.31099987
966    -0.43799996
967    -0.4139998
968    -0.45499992
969    -0.4269998
970    -0.41499996
971    -0.11399984
972    -0.6989999
973    -0.55999994
974    0.1880002
975    -0.31099987
976    -0.43299985
977    1.0
978    1.0
979    1.0
980    -0.42599988
981    1.0
982    -0.47799993
983    -0.41299987
984    -0.39199996
985    -0.9589999
986    -0.2809999
987    -0.30299997
988    -0.2709999
989    -0.533
990    0.16100025
991    -0.020999908
992    0.45200014
993    -0.4239998
994    -0.40999985
995    -0.3929999
996    -0.44399977
997    -0.43299985
998    -0.45299983
999    0.007000208
1000    -0.40699983
1001    0.6660001
1002    -0.35899997
1003    -0.6989999
1004    -0.43199992
1005    -0.41499996
1006    -0.45799994
1007    -0.4419999
1008    -0.4389999
1009    -0.09499979
1010    -0.30099988
1011    -0.11799979
1012    -0.27199984
1013    -0.957
1014    -0.43799996
1015    -0.43999982
1016    -0.41299987
1017    -0.42799997
1018    -0.4419999
1019    -0.35599995
1020    -0.14699984
1021    0.26600027
1022    -0.3269999
1023    -0.16699982
1024    0.06400013
1025    -0.7249999
1026    0.08800006
1027    0.63400006
1028    -0.18299985
1029    -0.40299988
1030    -0.45899987
1031    -0.39399981
1032    -0.46599984
1033    -0.44599986
1034    -0.21599984
1035    1.085
1036    -0.13499975
1037    -0.41199994
1038    0.27900004
1039    -0.4269998
1040    -0.44399977
1041    -0.48199987
1042    -0.43499994
1043    -0.43199992
1044    -0.15299988
1045    0.2900002
1046    -0.69799995
1047    -0.28799987
1048    -0.045999765
1049    -0.42499995
1050    -0.43199992
1051    -0.44299984
1052    -0.4269998
1053    -0.43399978
1054    -0.45799994
1055    -0.102999926
1056    0.07200003
1057    -0.62899995
1058    -0.69299984
1059    -0.464
1060    -0.42499995
1061    -0.431
1062    -0.41999984
1063    -0.45299983
1064    -0.35499978
1065    -0.3349998
1066    -0.36499977
1067    -0.20899987
1068    -0.28799987
1069    -0.43799996
1070    -0.42599988
1071    -0.4289999
1072    -0.43799996
1073    -0.44899988
1074    -0.41799998
1075    -0.45799994
1076    -0.42799997
1077    -0.44799995
1078    -0.4419999
1079    -0.4599998
1080    -0.44899988
1081    -0.42499995
1082    -0.4059999
1083    -0.43199992
1084    -0.27999997
1085    -0.31099987
1086    -0.1559999
1087    -0.42999983
1088    -0.5059998
1089    -0.4239998
1090    -0.44499993
1091    -0.41299987
1092    -0.47599983
1093    -0.4599998
1094    -0.362
1095    -0.29699993
1096    -0.42799997
1097    -0.3039999
1098    -0.78499985
1099    -0.24499989
1100    -0.25099993
1101    -0.23399997
1102    -0.23099995
1103    -0.25699997
1104    0.6430001
1105    0.66100025
1106    0.6370001
1107    0.6600001
1108    0.6760001
1109    0.93400025
1110    0.8840003
1111    0.4510002
1112    0.95300007
1113    0.8200002
1114    0.68100023
1115    0.6550002
1116    0.6910002
1117    0.6880002
1118    0.67200017
1119    0.9150002
1120    0.5160003
1121    1.0510001
1122    1.098
1123    0.8770001
1124    0.66100025
1125    0.70300007
1126    0.71200013
1127    0.6780002
1128    0.6520002
1129    0.64600015
1130    0.69400024
1131    0.6880002
1132    0.6370001
1133    0.7100003
1134    0.79600024
1135    0.48100019
1136    0.5070002
1137    0.6770003
1138    0.9200001
1139    0.7060001
1140    0.7090001
1141    0.6910002
1142    0.72800016
1143    0.75000024
1144    1.6200004
1145    0.80400014
1146    0.8660002
1147    0.8410001
1148    0.74000025
1149    0.6860001
1150    0.7090001
1151    0.73600006
1152    0.70700026
1153    0.70300007
1154    0.8640001
1155    0.5160003
1156    0.9260001
1157    0.89900017
1158    0.7930002
1159    0.7010002
1160    0.7240002
1161    0.7010002
1162    0.6880002
1163    0.6980002
1164    0.73000026
1165    0.74000025
1166    0.6990001
1167    0.72500014
1168    0.7450001
1169    0.78100014
1170    1.1170001
1171    1.539
1172    1.072
1173    0.80700016
1174    0.7310002
1175    0.6730001
1176    0.72000027
1177    0.7230003
1178    0.75100017
1179    0.7640002
1180    1.743
1181    0.8130002
1182    0.8560002
1183    0.9100001
1184    0.7450001
1185    0.7260001
1186    0.7240002
1187    0.7080002
1188    0.7260001
1189    3.3850002
1190    0.9230001
1191    0.69200015
1192    0.7690003
1193    0.8200002
1194    0.74800014
1195    0.7680001
1196    0.7190001
1197    0.7550001
1198    0.71500015
1199    0.71700025
1200    0.8720002
1201    0.85500026
1202    1.2600002
1203    0.5160003
1204    0.7540002
1205    0.7260001
1206    0.7420001
1207    0.72800016
1208    0.7670002
1209    0.5630002
1210    1.0880003
1211    0.8770001
1212    0.81700015
1213    0.75900006
1214    0.7370002
1215    0.73800015
1216    0.75900006
1217    0.75900006
1218    0.9910002
1219    1.2220001
1220    0.7750001
1221    0.85500026
1222    0.7460003
1223    0.7570002
1224    0.75100017
1225    0.72000027
1226    1.4820004
1227    0.8200002
1228    0.9730003
1229    1.4780002
1230    0.76300025
1231    0.7210002
1232    0.7880001
1233    0.75900006
1234    0.7370002
1235    0.9940002
1236    0.49300027
1237    0.8590002
1238    0.7420001
1239    0.74300027
1240    0.75800014
1241    0.7320001
1242    0.22700024
1243    0.98500013
1244    0.7550001
1245    0.6930001
1246    0.7620001
1247    0.78300023
1248    0.7470002
1249    0.7450001
1250    0.5970001
1251    1.0090003
1252    0.50100017
1253    0.9890001
1254    0.7550001
1255    0.7160001
1256    0.72000027
1257    0.7750001
1258    0.6630001
1259    0.8790002
1260    0.97000027
1261    1.0120001
1262    1.9000001
1263    0.7540002
1264    0.76300025
1265    0.7240002
1266    0.75300026
1267    1.7490001
1268    0.4690001
1269    0.9690001
1270    0.7600002
1271    0.7240002
1272    0.7540002
1273    0.73600006
1274    0.73000026
1275    0.70300007
1276    0.9120002
1277    1.3040004
1278    0.44700027
1279    0.75000024
1280    0.7160001
1281    0.7850001
1282    0.7210002
1283    1.4050002
1284    1.2480001
1285    1.1390004
1286    0.24500012
1287    0.7880001
1288    0.74800014
1289    1.0220003
1290    0.6300001
1291    0.72800016
1292    0.7550001
1293    0.72800016
1294    0.7790003
1295    1.697
1296    0.9260001
1297    0.90800023
1298    1.2600002
1299    0.7370002
1300    0.7540002
1301    0.7520001
1302    0.73000026
1303    0.8620002
1304    0.78200006
1305    0.55500007
1306    0.90800023
1307    0.77300024
1308    0.7320001
1309    0.7140002
1310    0.7320001
1311    0.8740001
1312    0.7800002
1313    0.74000025
1314    0.8200002
1315    0.76300025
1316    0.7450001
1317    0.7320001
1318    0.7750001
1319    0.76300025
1320    0.7750001
1321    0.7640002
1322    0.7750001
1323    0.76300025
1324    0.7340002
1325    0.7720001
1326    0.7770002
1327    1.0270004
1328    1.0550003
1329    0.6040001
1330    1.1350002
1331    0.7570002
1332    0.78400016
1333    0.7570002
1334    0.7570002
1335    0.24900007
1336    1.6420002
1337    0.9020002
1338    1.7050004
1339    0.7540002
1340    0.73500013
1341    0.7390001
1342    0.7690003
1343    2.0040002
1344    1.1030002
1345    0.80900025
1346    0.8470001
1347    0.79600024
1348    0.7540002
1349    0.7570002
1350    0.7870002
1351    0.92100024
1352    1.1260004
1353    1.0020003
1354    1.1140003
1355    0.79900026
1356    0.73800015
1357    0.76100016
1358    0.7640002
1359    0.7800002
1360    1.8230004
1361    1.9640002
1362    1.2320004
1363    0.7290001
1364    0.7320001
1365    0.80600023
1366    0.7570002
1367    0.9710002
1368    0.9360001
1369    0.98000026
1370    0.95300007
1371    0.76300025
1372    0.77400017
1373    0.7890003
1374    0.75000024
1375    1.066
1376    0.83700013
1377    0.7560003
1378    1.1080003
1379    0.77600026
1380    0.77100015
1381    0.78200006
1382    0.79600024
1383    0.85000014
1384    0.8590002
1385    0.8510001
1386    0.8380003
1387    0.7570002
1388    0.77600026
1389    0.7600002
1390    0.7490001
1391    1.1480002
1392    1.0620003
1393    1.7590003
1394    0.8310001
1395    0.7720001
1396    0.77300024
1397    0.77300024
1398    0.7650001
1399    0.64800024
1400    1.0900002
1401    0.92100024
1402    0.7450001
1403    0.76300025
1404    0.7870002
1405    0.75100017
1406    0.7660003
1407    1.256
1408    0.72500014
1409    0.9230001
1410    0.8590002
1411    0.75900006
1412    0.7720001
1413    0.75100017
1414    0.76100016
1415    0.79400015
1416    0.8910003
1417    0.25800014
1418    0.7880001
1419    0.74300027
1420    0.7650001
1421    0.7670002
1422    0.77100015
1423    0.9260001
1424    0.8700001
1425    0.8030002
1426    0.7720001
1427    0.7980001
1428    0.7700002
1429    0.79900026
1430    1.6320004
1431    -0.46899986
1432    0.6880002
1433    -0.6689999
1434    -0.5279999
1435    -0.70299983
1436    -0.6689999
1437    -0.6079998
1438    -0.4189999
1439    -0.63699985
1440    -0.29199982
1441    -0.5619998
1442    0.50000024
1443    1.9820004
1444    -0.34099984
1445    -0.26899981
1446    -0.41199994
1447    -0.26899981
1448    0.7000003
1449    -1.2239999
1450    1.6340003
1451    -0.072999954
1452    -0.773
1453    -0.32599998
1454    -0.8699999
1455    -0.34299994
1456    -0.15899992
1457    -0.98399997
1458    0.8900001
1459    0.2650001
1460    -0.5949998
1461    -0.14299989
1462    0.44900012
1463    -0.2659998
1464    -0.6769998
1465    2.3820004
1466    -0.7299998
1467    -0.51699996
1468    -0.22099996
1469    0.5120001
1470    -0.9819999
1471    -0.27199984
1472    -0.7789998
1473    -0.7809999
1474    -0.6429999
1475    -0.39699984
1476    -0.6259999
1477    -1.3059999
1478    -1.0479999
1479    -0.7459998
1480    -0.46599984
1481    2.2450004
1482    -0.6569998
1483    -0.8369999
1484    -0.67199993
1485    -0.865
1486    -0.9389999
1487    0.65900016
1488    -1.2909999
1489    -0.12199998
1490    0.86300015
1491    -0.8829999
1492    0.44000006
1493    0.120000124
1494    -1.078
1495    0.23100019
1496    -0.6199999
1497    0.14800024
1498    -1.2139999
1499    -0.7049999
1500    2.1000004
1501    0.014000177
1502    0.6530001
1503    4.419
1504    -1.2329999
1505    -1.132
1506    -0.31999993
1507    0.33300018
1508    -0.66999984
1509    -0.7819998
1510    0.6780002
1511    1.3920002
1512    -0.5289998
1513    0.81900024
1514    -0.8299999
1515    -1.0349998
1516    -1.2789999
1517    -1.2239999
1518    1.4760003
1519    -0.579
1520    1.013
1521    -0.701
1522    -0.7889998
1523    -0.41999984
1524    -0.6489999
1525    -0.9089999
1526    -0.009999752
1527    0.31600022
1528    -0.5949998
1529    -0.44099998
1530    -1.1029999
1531    0.36200023
1532    -1.1589999
1533    -0.1309998
1534    -0.6989999
1535    0.8410001
1536    0.17900014
1537    0.42700005
1538    -0.41999984
1539    0.8120003
1540    -0.37199998
1541    -0.4389999
1542    -0.76499987
1543    -0.8579998
1544    1.8030005
1545    -0.56299996
1546    0.123000145
1547    0.14300013
1548    -0.0029997826
1549    -0.4059999
1550    -0.16699982
1551    -0.7789998
1552    -0.793
1553    -0.36299992
1554    2.0760002
1555    0.9510002
1556    -0.038999796
1557    0.44100022
1558    -0.944
1559    -0.8799999
1560    -0.37499976
1561    -0.018999815
1562    1.9960003
1563    -0.5849998
1564    0.10500026
1565    -1.101
1566    -0.31599998
1567    0.30100012
1568    -0.22399998
1569    4.6670003
1570    -0.58299994
1571    0.53600025
1572    -0.6919999
1573    0.32700014
1574    0.64800024
1575    1.9050002
1576    -0.049999952
1577    -0.91499996
1578    -1.3379999
1579    -0.85099983
1580    0.43000007
1581    0.042000055
1582    0.6430001
1583    -0.5979998
1584    -0.5979998
1585    0.81700015
1586    -0.75
1587    0.6080003
1588    1.8060002
1589    0.05700016
1590    -0.20399976
1591    -1.0619999
1592    -0.18099976
1593    -0.013999939
1594    -1.1229999
1595    0.34000015
1596    -1.0699999
1597    7.394
1598    4.918
1599    -0.5189998
1600    -1.1379999
1601    -0.53499985
1602    3.6350002
1603    -0.17499995
1604    -0.49699998
1605    3.1060004
1606    -0.954
1607    -0.7689998
1608    -0.54599977
1609    0.032000065
1610    0.52300024
1611    0.97000027
1612    -0.7119999
1613    0.67900014
1614    0.8940003
1615    -0.30599976
1616    0.8930001
1617    0.25600004
1618    0.5280001
1619    -0.8119998
1620    -0.03999996
1621    -0.08699989
1622    -0.60899997
1623    -0.8759999
1624    1.098
1625    -0.32099986
1626    1.9770002
1627    1.263
1628    -0.9389999
1629    -0.08399987
1630    -0.6659999
1631    0.6270001
1632    -0.7279999
1633    0.37800026
1634    0.9940002
1635    -0.8399999
1636    -1.1729999
1637    0.0400002
1638    0.6090002
1639    -0.31999993
1640    -1.0749999
1641    -0.27999997
1642    -0.0089998245
1643    -1.1579999
1644    1.881
1645    -0.40499997
1646    -0.017999887
1647    3.913
1648    -0.42999983
1649    1.9300003
1650    -0.86899996
1651    -1.155
1652    0.14500022
1653    -0.3929999
1654    -0.8499999
1655    0.19300008
1656    -0.12999988
1657    0.0030002594
1658    -0.9499998
1659    0.8080001
1660    3.1950002
1661    -0.09199977
1662    -0.9089999
1663    1.9050002
1664    1.6460004
1665    -0.3709998
1666    -0.6279998
1667    -1.0299999
1668    0.58800006
1669    0.13800025
1670    -0.7019999
1671    -0.32299995
1672    -0.09199977
1673    -0.28799987
1674    -0.48199987
1675    0.75900006
1676    0.9460001
1677    -0.648
1678    0.43400025
1679    -0.5969999
1680    2.1320004
1681    -0.9819999
1682    -1.234
1683    0.24300027
1684    1.1020002
1685    -0.20499992
1686    1.3250003
1687    -0.38799977
1688    -0.37899995
1689    -1.18
1690    1.6950002
1691    -0.2099998
1692    -0.24199986
1693    -0.3219998
1694    -0.53499985
1695    -0.027999878
1696    0.61500025
1697    0.0020000935
1698    -0.7819998
1699    0.5890002
1700    -0.49699998
1701    -0.99399996
1702    -0.6589999
1703    -1.0709999
1704    -0.2659998
1705    -1.295
1706    0.4330001
1707    0.1730001
1708    -0.07199979
1709    -0.56799984
1710    -0.26299977
1711    -0.5549998
1712    0.23300004
1713    1.2620001
1714    -0.7709999
1715    -0.7099998
1716    1.1470003
1717    -0.43299985
1718    0.90900016
1719    2.3760004
1720    0.20500016
1721    -0.4849999
1722    0.082000256
1723    -0.9519999
1724    -1.1039999
1725    1.4230003
1726    -0.9859998
1727    -0.7069998
1728    -1.326
1729    1.658
1730    -0.37799978
1731    -0.4159999
1732    -1.04
1733    2.7000003
1734    0.03700018
1735    -0.52
1736    -1.022
1737    0.23600006
1738    0.08100009
1739    0.41900015
1740    -1.0299999
1741    -1.0299999
1742    -0.41099977
1743    0.33200026
1744    0.33200026
1745    -0.32999992
1746    0.23900008
1747    4.8360004
1748    -0.9599998
1749    1.4580002
1750    -0.4599998
1751    1.1060004
1752    -0.533
1753    -0.30999994
1754    0.90100026
1755    -0.032999754
1756    -0.36299992
1757    0.19200015
1758    -0.5309999
1759    0.06400013
1760    0.082000256
1761    -0.48399997
1762    0.54700017
1763    -1.0869999
1764    2.801
1765    -1.1149999
1766    -0.2789998
1767    -0.8859999
1768    -0.43299985
1769    -0.47199988
1770    -1.017
1771    -1.3069999
1772    -0.058999777
1773    1.4710002
1774    -1.0
1775    3.5760002
1776    -0.553
1777    0.18700004
1778    -0.18999982
1779    0.16800022
1780    -0.2119999
1781    0.5520003
1782    -0.5519998
1783    1.125
1784    0.5970001
1785    -0.12099981
1786    0.9230001
1787    1.6370001
1788    -1.0029999
1789    1.9890003
1790    0.5680001
1791    -1.0519999
1792    -0.76499987
1793    0.9940002
1794    0.80900025
1795    2.5550003
1796    -0.51
1797    -0.089999914
1798    -0.8019998
1799    2.0360003
1800    -0.44499993
1801    0.7560003
1802    -1.3429999
1803    -0.116999865
1804    -0.26299977
1805    -0.727
1806    0.07600021
1807    0.8240001
1808    0.8250003
1809    -0.34399986
1810    -0.40299988
1811    -0.40499997
1812    0.5980003
1813    -0.22999978
1814    0.3670001
1815    0.4250002
1816    -1.298
1817    -0.42299986
1818    -0.464
1819    0.75100017
1820    0.03000021
1821    0.5400002
1822    1.1260004
1823    -0.32999992
1824    -1.0
1825    0.2520001
1826    -0.1079998
1827    -0.021999836
1828    -0.9629998
1829    -0.30999994
1830    -0.974
1831    0.5140002
1832    1.2400002
1833    -0.07899976
1834    -0.32799983
1835    0.4150002
1836    1.5710001
1837    5.443001
1838    1.1280003
1839    0.042000055
1840    -0.15199995
1841    -0.7589998
1842    0.13200021
1843    -1.2809999
1844    0.16400003
1845    -0.3219998
1846    -0.4369998
1847    -0.34699988
1848    -0.49699998
1849    0.2190001
1850    -0.051999807
1851    -1.1509999
1852    0.14800024
1853    -1.2269999
1854    36.865
1855    -0.74899983
1856    -1.1229999
1857    -0.48899984
1858    -0.5949998
1859    -0.19799995
1860    -1.063
1861    -0.5189998
1862    0.22000027
1863    -1.1299999
1864    -0.31499982
1865    1.0360003
1866    -0.15499997
1867    0.5530002
1868    -0.20299983
1869    0.7690003
1870    -0.57299995
1871    0.8390002
1872    1.6890001
1873    -0.45099998
1874    -0.23199987
1875    -0.11199975
1876    -1.0719999
1877    -0.65199995
1878    -0.35099983
1879    0.23900008
1880    -0.9389999
1881    -1.0739999
1882    -0.45499992
1883    0.28700018
1884    -1.0389999
1885    2.3370001
1886    -0.34299994
1887    0.49000025
1888    -0.62699986
1889    -1.0709999
1890    0.5760002
1891    -0.70299983
1892    0.08500004
1893    -0.0769999
1894    -0.6899998
1895    -0.576
1896    -0.6659999
1897    -0.47799993
1898    6.0360003
1899    -0.4619999
1900    -0.26499987
1901    -0.99899983
1902    -0.62699986
1903    -0.14399981
1904    -0.4469998
1905    -0.612
1906    -0.15299988
1907    -0.9239998
1908    -0.08099985
1909    -0.6489999
1910    -1.0109999
1911    0.26100016
1912    -0.75
1913    0.9920001
1914    -0.46799994
1915    1.401
1916    -0.54799986
1917    -0.44399977
1918    -0.30999994
1919    -9.999275E-4
1920    -1.0419999
1921    -0.045999765
1922    -0.5799999
1923    -1.2219999
1924    -0.36299992
1925    -0.99099994
1926    1.237
1927    -0.07799983
1928    -0.5539999
1929    0.45300007
1930    -1.0289999
1931    -0.4389999
1932    1.1240001
1933    -0.09099984
1934    -1.0309999
1935    -0.71799994
1936    -1.1049999
1937    -0.62699986
1938    -0.829
1939    0.34000015
1940    -1.1129999
1941    4.0880003
1942    -0.97599983
1943    -0.23399997
1944    -1.0809999
1945    -1.5519999
1946    1.3780003
1947    -0.4649999
1948    -0.872
1949    -0.7359998
1950    -0.24199986
1951    -0.5519998
1952    -0.408
1953    0.27000022
1954    0.8710003
1955    -1.509
1956    0.6270001
1957    1.1230001
1958    1.7090001
1959    -1.083
1960    -0.5109999
1961    -0.99399996
1962    -0.12499976
1963    -0.42599988
1964    -0.4959998
1965    -0.7759998
1966    2.3030005
1967    3.6820002
1968    1.1290002
1969    2.881
1970    0.23700023
1971    -0.32899976
1972    0.17700005
1973    -0.849
1974    -0.7019999
1975    0.68400025
1976    1.1130004
1977    -0.66299987
1978    -0.85399985
1979    -0.928
1980    -0.26099992
1981    -1.1769999
1982    1.4420004
1983    -0.14199996
1984    -0.18999982
1985    -0.22399998
1986    -1.1499999
1987    0.06600022
1988    -0.69299984
1989    -1.466
1990    -0.12699986
1991    0.4130001
1992    -0.385
1993    -1.2499999
1994    0.25600004
1995    -0.77699995
1996    -1.012
1997    -0.34699988
1998    1.644
1999    0.3340001
2000    -0.26899981
2001    -0.53499985
2002    -0.9719999
2003    -1.0029999
2004    0.50100017
2005    0.13200021
2006    -1.101
2007    -0.7149999
2008    -0.4389999
2009    -0.1079998
2010    0.7320001
2011    -0.37199998
2012    -0.7349999
2013    0.7920003
2014    -0.6869998
2015    -0.36299992
2016    -0.93499994
2017    3.6560001
2018    2.5930004
2019    -0.68799996
2020    0.5940001
2021    -1.3419999
2022    -0.6919999
2023    -0.31799984
2024    2.1810002
2025    -0.41199994
2026    -0.7779999
2027    1.9090004
2028    -0.25499988
2029    -0.872
2030    1.9250002
2031    -0.88699985
2032    0.19100022
2033    -0.15199995
2034    0.49100018
2035    1.164
2036    -0.8959999
2037    -0.24499989
2038    -1.229
2039    -0.37199998
2040    0.17500019
2041    0.5410001
2042    -0.25099993
2043    -0.7319999
2044    -0.819
2045    1.428
2046    -0.72599983
2047    -0.62899995
2048    -0.4959998
2049    -0.18999982
2050    -0.997
2051    -0.5509999
2052    0.17700005
2053    0.038000107
2054    -0.31999993
2055    0.53200006
2056    0.5730002
2057    -1.0289999
2058    -1.045
2059    -0.23999977
2060    0.45700026
2061    0.36000013
2062    0.4820001
2063    0.13800025
2064    0.6290002
2065    0.16600013
2066    0.53300023
2067    -0.4619999
2068    0.36400008
2069    -1.1819999
2070    -0.36599994
2071    5.6290007
2072    -1.1269999
2073    0.079000235
2074    0.51300025
2075    -0.69599986
2076    -0.6489999
2077    0.79400015
2078    -0.22799993
2079    -0.7919998
2080    -0.0149998665
2081    0.25600004
2082    1.2380004
2083    -0.9039998
2084    1.5080004
2085    0.9170003
2086    1.0280004
2087    -0.112999916
2088    -1.0659999
2089    -1.0589999
2090    0.28100014
2091    -0.79499984
2092    1.7270002
2093    -0.45799994
2094    0.026000261
2095    0.10400009
2096    -0.8139999
2097    -0.3039999
2098    1.9920001
2099    1.3580003
2100    -0.6429999
2101    1.2310004
2102    -0.34399986
2103    -0.8529999
2104    2.3830004
2105    -0.42599988
2106    -1.3299999
2107    -0.16599989
2108    -1.0769999
2109    -0.042999744
2110    0.46300006
2111    2.4490004
2112    0.43200016
2113    -1.3069999
2114    -0.86599994
2115    -1.1989999
2116    2.8930001
2117    -0.30999994
2118    1.04
2119    0.32400012
2120    1.2590003
2121    -0.31799984
2122    -0.29599977
2123    1.1000004
2124    0.017000198
2125    -0.17099977
2126    0.7010002
2127    1.098
2128    1.8910003
2129    -1.1589999
2130    -0.71899986
2131    -0.71899986
2132    -0.03799987
2133    -0.4239998
2134    -0.46899986
2135    0.7460003
2136    1.6000004
2137    0.35100007
2138    -0.019999743
2139    -0.888
2140    -0.671
2141    1.783
2142    -0.4729998
2143    -0.52
2144    0.8840003
2145    -0.40199995
2146    3.0160003
2147    -0.48399997
2148    -1.2919999
2149    -1.0159999
2150    -0.59199977
2151    -1.1899999
2152    1.934
2153    3.1160002
2154    -0.28599977
2155    -0.48599982
2156    -0.80799985
2157    0.31200027
2158    -0.819
2159    -0.84099984
2160    -0.6329999
2161    -0.717
2162    -0.72899985
2163    0.9820001
2164    -1.0379999
2165    -0.8609998
2166    0.32200027
2167    0.20500016
2168    -0.74899983
2169    -0.53799987
2170    -1.2299999
2171    -1.0529999
2172    -0.862
2173    -0.7049999
2174    -0.694
2175    -0.37499976
2176    -0.94499993
2177    0.3570001
2178    0.0030002594
2179    -0.23099995
2180    -0.13199997
2181    -1.0819999
2182    -0.055999756
2183    1.9940004
2184    0.7230003
2185    0.8950002
2186    0.11400008
2187    1.092
2188    -0.27499986
2189    -0.50199986
2190    -1.1809999
2191    -0.6559999
2192    -0.44599986
2193    0.9450002
2194    -0.53799987
2195    -1.0529999
2196    -0.7479999
2197    -0.3699999
2198    2.2610002
2199    -0.37399983
2200    -0.30799985
2201    -1.0069999
2202    -0.9289999
2203    0.2800002
2204    3.9040003
2205    -1.234
2206    0.2520001
2207    -1.0289999
2208    -1.3059999
2209    0.7780001
2210    -0.5109999
2211    2.1190004
2212    -0.6889999
2213    -0.116999865
2214    -0.81799984
2215    3.604
2216    -1.3059999
2217    3.0410004
2218    -0.36699986
2219    -1.0849999
2220    15.577002
2221    0.28300023
2222    0.6660001
2223    0.19200015
2224    -0.431
2225    0.47400022
2226    -0.763
2227    -0.19399977
2228    0.22300005
2229    -1.0099999
2230    -0.76399994
2231    3.3980002
2232    -0.37399983
2233    -0.31599998
2234    1.211
2235    -0.5009999
2236    -0.42999983
2237    0.058000088
2238    1.7570004
2239    -0.5509999
2240    0.37300014
2241    2.1520004
2242    1.2070003
2243    -1.183
2244    0.3690002
2245    -0.5009999
2246    -0.30599976
2247    -0.3019998
2248    -0.80999994
2249    0.6870003
2250    -0.8959999
2251    -0.20799994
2252    0.35800028
2253    3.2060003
2254    -0.39699984
2255    -0.21399999
2256    0.04700017
2257    0.87500024
2258    1.3600001
2259    -0.20799994
2260    0.8130002
2261    2.249
2262    1.7200003
2263    -0.052999973
2264    0.2550001
2265    0.72800016
2266    -1.1269999
2267    1.7280002
2268    -1.0289999
2269    -0.5639999
2270    -0.17099977
2271    0.8000002
2272    -0.36399984
2273    -0.13899994
2274    -0.1309998
2275    -0.81299996
2276    -0.06499982
2277    3.4370003
2278    -1.349
2279    0.6470001
2280    0.54400015
2281    -0.7939999
2282    0.1420002
2283    -0.16199994
2284    1.1040001
2285    0.5710001
2286    -0.8379998
2287    -0.45699978
2288    -1.0749999
2289    0.72800016
2290    -0.79799986
2291    1.21
2292    -0.957
2293    1.388
2294    0.66900015
2295    0.7520001
2296    1.2200003
2297    0.51300025
2298    -0.918
2299    3.63
2300    -0.7049999
2301    -1.0529999
2302    -0.83099985
2303    -1.5539999
2304    2.0640001
2305    -0.13799977
2306    0.0710001
2307    -0.45099998
2308    0.70200014
2309    -0.21399999
2310    -0.55999994
2311    -0.24999976
2312    3.9110003
2313    0.17000008
2314    -0.5109999
2315    2.5810003
2316    0.66700006
2317    -0.5089998
2318    0.22600007
2319    -0.072999954
2320    -0.6489999
2321    0.30200005
2322    1.9190001
2323    3.5970001
2324    -0.4699998
2325    0.20300007
2326    -0.4979999
2327    -1.2379999
2328    1.9850001
2329    3.0570002
2330    -1.0739999
2331    0.2540002
2332    0.9100001
2333    -0.8339999
2334    -0.092999935
2335    -0.17999983
2336    -0.88899994
2337    2.8380003
2338    -0.47999978
2339    -0.7049999
2340    0.15900016
2341    -1.3289999
2342    -1.134
2343    0.3540001
2344    -0.36399984
2345    0.5380001
2346    -0.5279999
2347    -1.0889999
2348    -0.786
2349    1.5340004
2350    1.7000003
2351    0.79600024
2352    -0.4499998
2353    -0.7119999
2354    -0.045999765
2355    0.15800023
2356    -0.9039998
2357    -0.33399987
2358    -0.71799994
2359    0.0940001
2360    1.3640003
2361    -0.908
2362    -0.87699986
2363    -0.60099983
2364    0.31500006
2365    -0.5609999
2366    1.0160003
2367    0.15800023
2368    0.5300002
2369    1.0360003
2370    0.4920001
2371    -0.24699998
2372    1.3910003
2373    2.0240002
2374    0.056000233
2375    1.2810001
2376    1.789
2377    1.6660004
2378    3.0300002
2379    1.046
2380    -1.5749999
2381    -0.22999978
2382    2.3100004
2383    -0.54999995
2384    -0.635
2385    0.32000017
2386    -0.05699992
2387    -0.27799988
2388    0.6990001
2389    -0.004999876
2390    0.7980001
2391    -0.773
2392    -0.44099998
2393    -0.62399983
2394    -0.8149998
2395    -0.72599983
2396    -0.17199993
2397    0.7550001
2398    -0.691
2399    -1.2839999
2400    1.9310002
2401    -0.71899986
2402    1.9220004
2403    -0.533
2404    -0.035999775
2405    -0.773
2406    -0.9069998
2407    0.2190001
2408    0.5530002
2409    0.41900015
2410    -0.21099997
2411    -1.0609999
2412    -0.724
2413    0.28700018
2414    -0.9749999
2415    -0.049999952
2416    1.243
2417    -0.974
2418    0.20700026
2419    -0.6489999
2420    -1.298
2421    0.78400016
2422    -0.25499988
2423    0.47500014
2424    -0.3019998
2425    -0.7509999
2426    0.4590001
2427    -1.1069999
2428    0.6420002
2429    -0.934
2430    -0.20599985
2431    -0.06599975
2432    -0.53
2433    -0.5339999
2434    -0.19999981
2435    -0.69499993
2436    -1.0309999
2437    0.22800016
2438    4.0460005
2439    -0.55999994
2440    1.0640001
2441    -0.941
2442    -0.28199983
2443    -0.06699991
2444    -0.4369998
2445    -0.9139998
2446    0.6860001
2447    -0.8339999
2448    -0.45499992
2449    -0.23099995
2450    -0.9189999
2451    -1.3159999
2452    -1.0419999
2453    -1.3139999
2454    -0.7839999
2455    -0.9239998
2456    2.0270004
2457    0.69700027
2458    -1.2459999
2459    1.1830001
2460    -1.2199999
2461    -0.1639998
2462    -0.44399977
2463    -0.9419999
2464    -0.062999964
2465    -0.86699986
2466    1.118
2467    0.07200003
2468    -0.36399984
2469    -0.6329999
2470    0.31700015
2471    -0.911
2472    -0.66299987
2473    -0.701
2474    -0.25699997
2475    -1.3089999
2476    0.26200008
2477    -0.11099982
2478    -1.3219999
2479    -0.1079998
2480    -0.8119998
2481    -0.102999926
2482    1.1670003
2483    1.1630001
2484    0.41100025
2485    -0.93299985
2486    0.64800024
2487    0.3230002
2488    -0.0089998245
2489    -0.9189999
2490    2.0100002
2491    -1.2329999
2492    -0.62399983
2493    0.68000007
2494    -1.129
2495    -0.72099996
2496    -0.5439999
2497    0.25000024
2498    -0.97099996
2499    -0.31499982
2500    0.9150002
2501    0.57200027
2502    -0.6229999
2503    0.34900022
2504    3.3710003
2505    0.3360002
2506    1.4500003
2507    1.6200004
2508    -0.62699986
2509    -0.8319998
2510    -0.4469998
2511    -1.0609999
2512    -0.921
2513    1.4580002
2514    -0.73399997
2515    -1.3239999
2516    0.02300024
2517    0.6860001
2518    -0.85599995
2519    4.6530004
2520    -0.7819998
2521    1.2080002
2522    -1.257
2523    -1.5459999
2524    -0.98399997
2525    1.0280004
2526    -1.0419999
2527    -0.18099976
2528    -0.73899984
2529    -0.94499993
2530    -0.70599985
2531    0.07600021
2532    -1.1909999
2533    -0.84299994
2534    -0.8929999
2535    -0.5509999
2536    -1.1279999
2537    -1.3219999
2538    1.243
2539    0.046000242
2540    3.078
2541    -0.58599997
2542    -1.3109999
2543    1.5690002
2544    -0.6329999
2545    -0.6589999
2546    1.506
2547    0.92100024
2548    2.0030003
2549    -0.15699983
2550    -0.35099983
2551    -0.7789998
2552    0.65800023
2553    0.028000116
2554    0.018000126
2555    -0.2889998
2556    1.4310002
2557    1.9920001
2558    -0.36899996
2559    0.07300019
2560    0.46300006
2561    -0.9059999
2562    -1.1859999
2563    -1.1819999
2564    -0.05499983
2565    1.6630001
2566    2.446
2567    -0.37899995
2568    -0.7919998
2569    1.9510002
2570    1.2680001
2571    -0.964
2572    -0.918
2573    1.1260004
2574    -0.57099986
2575    -0.7299998
2576    0.014000177
2577    -0.06599975
2578    -0.36699986
2579    -0.8319998
2580    0.32900023
2581    0.73000026
2582    0.28600025
2583    -0.94299984
2584    -0.44499993
2585    4.3820004
2586    -1.0569999
2587    1.019
2588    -1.0379999
2589    0.28200006
2590    -0.612
2591    0.39500022
2592    -0.63999987
2593    -0.28499985
2594    -0.6329999
2595    -0.75699997
2596    -0.27499986
2597    -1.2469999
2598    -0.681
2599    -0.61599994
2600    1.7130003
2601    -0.015999794
2602    -0.36099982
2603    1.1270003
2604    -0.89699984
2605    1.9750004
2606    -1.2089999
2607    -1.231
2608    -0.42999983
2609    -0.31999993
2610    1.0910001
2611    1.302
2612    -0.8529999
2613    -0.18799996
2614    0.05100012
2615    -1.2729999
2616    -0.106999874
2617    -0.58099985
2618    0.1650002
2619    -0.5899999
2620    -0.02699995
2621    -0.52699995
2622    2.4700003
2623    -0.092999935
2624    1.3740001
2625    -0.48099995
2626    -0.66199994
2627    -1.1959999
2628    0.28200006
2629    -1.2929999
2630    1.1690001
2631    1.112
2632    0.3310001
2633    -0.6889999
2634    -0.19299984
2635    -0.25099993
2636    -0.6789999
2637    0.49900007
2638    4.28
2639    -0.9039998
2640    -0.013999939
2641    -0.5609999
2642    -0.7449999
2643    -0.31799984
2644    -0.579
2645    -0.4929998
2646    -0.8779998
2647    -0.8109999
2648    0.8140001
2649    -0.908
2650    0.38100004
2651    0.7140002
2652    -0.5549998
2653    -0.95599985
2654    -1.0649999
2655    1.4660001
2656    -0.2809999
2657    0.60200024
2658    0.52100015
2659    -0.31099987
2660    -0.5749998
2661    -0.96099997
2662    -0.52299976
2663    -1.0789999
2664    -0.2479999
2665    -0.17099977
2666    3.6800003
2667    -0.24499989
2668    -0.60099983
2669    4.7040005
2670    -0.8499999
2671    0.18300009
2672    -1.1499999
2673    2.8620005
2674    0.09300017
2675    -0.042999744
2676    -0.14399981
2677    2.4500003
2678    -0.6179998
2679    -0.17099977
2680    -0.23599982
2681    -0.9649999
2682    0.35500026
2683    -0.61899996
2684    -0.27699995
2685    1.0290003
2686    1.1740003
2687    0.8130002
2688    0.8130002
2689    0.32700014
2690    -0.8319998
2691    0.5170002
2692    -0.8169999
2693    -0.2659998
2694    -0.64199996
2695    -0.477
2696    -0.47399998
2697    -0.3169999
2698    1.7820001
2699    -0.5079999
2700    -0.928
2701    -0.8809998
2702    -0.9879999
2703    -0.64199996
2704    -0.18899989
2705    0.10000014
2706    -0.4729998
2707    -0.05699992
2708    -0.112999916
2709    -0.589
2710    0.47400022
2711    0.69000006
2712    -0.8109999
2713    0.1420002
2714    -0.4269998
2715    -0.9819999
2716    -0.71599984
2717    -0.7129998
2718    -0.98399997
2719    -0.6229999
2720    -0.17299986
2721    -0.40499997
2722    0.28400016
2723    5.392
2724    0.9270003
2725    -1.0749999
2726    -0.645
2727    0.109000206
2728    -0.826
2729    -0.74399996
2730    0.079000235
2731    0.30600023
2732    -0.6899998
2733    -1.0
2734    0.48500013
2735    0.36000013
2736    -0.93299985
2737    1.289
2738    -0.99099994
2739    1.6200004
2740    1.4170003
2741    -0.8039999
2742    -0.59099984
2743    2.1150002
2744    0.87300014
2745    0.49900007
2746    0.18900013
2747    -1.0739999
2748    -0.30299997
2749    0.44400024
2750    -0.48899984
2751    0.15200019
2752    1.6190004
2753    -0.66299987
2754    1.1370001
2755    0.4230001
2756    -0.793
2757    1.737
2758    0.7780001
2759    -1.3349999
2760    -1.3009999
2761    0.38900018
2762    -0.8299999
2763    0.2540002
2764    -0.7249999
2765    0.9960003
2766    1.7860003
2767    0.015000105
2768    -0.8529999
2769    -0.44099998
2770    -0.6839998
2771    0.11500025
2772    -0.9489999
2773    0.07400012
2774    -1.0489999
2775    -0.61699986
2776    0.23100019
2777    -0.5009999
2778    1.3230004
2779    -0.803
2780    -0.681
2781    -0.7349999
2782    0.5610001
2783    -0.6359999
2784    0.17900014
2785    0.062000036
2786    0.59000015
2787    -0.44099998
2788    -0.17499995
2789    -0.06699991
2790    0.9730003
2791    -1.2789999
2792    1.6830001
2793    2.0090003
2794    0.6470001
2795    -0.24499989
2796    5.403001
2797    -0.021999836
2798    0.4690001
2799    -0.2479999
2800    0.17200017
2801    1.0930004
2802    -0.6789999
2803    -1.2009999
2804    -0.872
2805    0.63600016
2806    0.49000025
2807    0.20200014
2808    -1.2599999
2809    0.17400026
2810    -0.40199995
2811    0.11200023
2812    -0.6969998
2813    1.4480004
2814    -1.165
2815    -0.7089999
2816    -1.0229999
2817    -0.17399979
2818    -0.5719998
2819    0.39900017
2820    0.5630002
2821    3.7630005
2822    0.6550002
2823    -0.9159999
2824    -0.15699983
2825    0.5220001
2826    0.84500027
2827    0.2540002
2828    1.0110002
2829    -0.8219998
2830    -0.75699997
2831    -0.579
2832    0.10400009
2833    0.44300008
2834    -1.3369999
2835    0.5140002
2836    -0.13499975
2837    0.1960001
2838    0.02000022
2839    -0.18799996
2840    -1.157
2841    0.8590002
2842    0.07400012
2843    -0.8909998
2844    -0.68499994
2845    -1.4339999
2846    -0.8709998
2847    -0.6409998
2848    0.9630003
2849    0.76300025
2850    -0.543
2851    -1.2829999
2852    -0.602
2853    0.6750002
2854    -1.3219999
2855    5.958
2856    -1.0289999
2857    0.17100024
2858    0.1400001
2859    -0.3709998
2860    0.14900017
2861    -0.9779999
2862    0.15500021
2863    -0.487
2864    1.2550001
2865    -0.44399977
2866    1.7440004
2867    -0.52699995
2868    -1.2989999
2869    -0.5009999
2870    -0.77699995
2871    -0.51399994
2872    3.9050002
2873    0.48900008
2874    -0.38199997
2875    0.24800014
2876    -0.747
2877    -0.6079998
2878    -0.362
2879    -0.38399982
2880    0.89900017
2881    0.3770001
2882    -0.5389998
2883    -1.4829999
2884    0.0940001
2885    -0.2789998
2886    -0.29699993
2887    -0.9929998
2888    -0.9139998
2889    0.15900016
2890    0.85300016
2891    -0.43599987
2892    1.7620001
2893    0.4710002
2894    2.5330005
2895    -1.313
2896    1.2180004
2897    -0.19699979
2898    0.16100025
2899    2.9030004
2900    0.32500005
2901    -0.694
2902    -0.20799994
2903    -0.6149998
2904    0.3590002
2905    0.086000204
2906    1.506
2907    -0.4139998
2908    0.52300024
2909    -0.0029997826
2910    0.5830002
2911    -0.9239998
2912    -0.89199996
2913    0.041000128
2914    -0.6049998
2915    0.69700027
2916    0.46600008
2917    -0.94499993
2918    0.0400002
2919    -1.0949999
2920    -0.79499984
2921    1.1430001
2922    -0.9589999
2923    0.82200027
2924    -1.3189999
2925    0.07400012
2926    1.8980002
2927    -0.17299986
2928    1.4780002
2929    -1.1359999
2930    -0.16499996
2931    -0.06399989
2932    -0.19199991
2933    1.1060004
2934    2.3190002
2935    0.031000137
2936    1.1660004
2937    -0.27599978
2938    -0.29599977
2939    -0.9289999
2940    -0.79699993
2941    -1.1299999
2942    0.011000156
2943    -0.1079998
2944    0.18400025
2945    -0.7889998
2946    1.8500004
2947    0.45800018
2948    -1.134
2949    0.83200026
2950    -1.277
2951    1.1480002
2952    0.9610002
2953    -0.888
2954    -0.42799997
2955    0.1880002
2956    -0.4929998
2957    3.9
2958    0.34900022
2959    -0.635
2960    -1.2219999
2961    -1.0199999
2962    -1.1819999
2963    0.6390002
2964    4.6860003
2965    0.7980001
2966    0.9720001
2967    0.38700008
2968    2.8640003
2969    0.2190001
2970    -0.56899977
2971    -0.8039999
2972    0.29400015
2973    -0.30799985
2974    -1.0739999
2975    0.2770002
2976    -0.93799996
2977    1.2150002
2978    -0.7279999
2979    -0.3809998
2980    -0.29699993
2981    0.03000021
2982    0.07500005
2983    -0.46899986
2984    -0.6439998
2985    -0.58099985
2986    -0.4979999
2987    -0.24599981
2988    -1.4779999
2989    -0.64699984
2990    -0.6669998
2991    -0.849
2992    -0.0039999485
2993    -0.51199985
2994    -0.5159998
2995    -1.538
2996    -0.655
2997    -0.60899997
2998    0.5170002
2999    -0.23799992
3000    0.65800023
3001    0.06600022
3002    -0.15099978
3003    -0.6229999
3004    -1.0509999
3005    -0.042999744
3006    -0.14599991
3007    0.20900011
3008    -0.32299995
3009    0.16400003
3010    -1.2639999
3011    0.055000067
3012    -1.0429999
3013    -1.3019999
3014    -0.12899995
3015    1.6960001
3016    0.4230001
3017    -0.0089998245
3018    1.0940003
3019    0.63300014
3020    0.83000016
3021    -0.39899993
3022    0.47700024
3023    0.05000019
3024    -0.6049998
3025    -0.30699992
3026    -0.35399985
3027    -1.05
3028    -0.17599988
3029    2.9030004
3030    1.2870002
3031    -0.30099988
3032    -0.28299975
3033    0.7320001
3034    -0.11799979
3035    0.12900019
3036    -0.50699997
3037    -0.8859999
3038    0.6890001
3039    2.7270002
3040    -0.40899992
3041    -0.5649998
3042    -0.714
3043    -0.931
3044    1.7730002
3045    -0.55999994
3046    0.65700006
3047    -0.18299985
3048    0.103000164
3049    -1.0759999
3050    -1.257
3051    -0.2789998
3052    -0.76699996
3053    1.5940003
3054    0.046000242
3055    -0.4929998
3056    0.7390001
3057    -0.51699996
3058    -0.9859998
3059    1.0570002
3060    -0.2789998
3061    1.204
3062    -1.1779999
3063    -1.0739999
3064    0.41200018
3065    -0.65999985
3066    2.13
3067    -0.9949999
3068    0.5380001
3069    1.7130003
3070    1.2640004
3071    -0.16999984
3072    -0.6589999
3073    -0.86599994
3074    -0.31599998
3075    -0.3929999
3076    -0.6099999
3077    -0.10899997
3078    -0.0069999695
3079    0.6390002
3080    2.6270003
3081    0.73600006
3082    -0.30899978
3083    0.48500013
3084    0.8570001
3085    -0.8959999
3086    -0.6589999
3087    0.5370002
3088    -0.8989999
3089    0.6770003
3090    -0.7129998
3091    0.8610003
3092    -0.93499994
3093    -0.6459999
3094    -1.1509999
3095    -0.2939999
3096    -0.9749999
3097    1.2710004
3098    2.4820004
3099    -0.07999992
3100    2.1780005
3101    0.38800025
3102    -0.63199997
3103    0.31600022
3104    -0.42099977
3105    0.13800025
3106    -0.2709999
3107    -0.602
3108    0.35000014
3109    -0.68299985
3110    0.1880002
3111    2.6970005
3112    0.78400016
3113    0.3590002
3114    -0.05499983
3115    3.6940002
3116    -0.17499995
3117    -1.0509999
3118    0.28200006
3119    0.16600013
3120    -0.06599975
3121    0.2110002
3122    -0.71599984
3123    -0.7049999
3124    -0.97899985
3125    1.0030003
3126    0.2550001
3127    2.2770004
3128    -0.7199998
3129    0.07300019
3130    -0.806
3131    -1.333
3132    -0.6789999
3133    1.7880001
3134    -0.91999984
3135    -0.37499976
3136    -0.8349998
3137    0.45700026
3138    0.77100015
3139    1.7610002
3140    2.3460002
3141    -0.6209998
3142    -0.668
3143    -0.25199986
3144    0.36400008
3145    0.8930001
3146    -1.277
3147    1.592
3148    -0.63999987
3149    -0.8109999
3150    -0.6079998
3151    -1.004
3152    0.18900013
3153    -0.941
3154    7.101001
3155    -0.763
3156    -0.10199976
3157    -0.681
3158    -0.38599992
3159    2.5080004
3160    0.30600023
3161    -0.22099996
3162    -1.193
3163    -0.6769998
3164    1.1730003
3165    0.21800017
3166    -0.4519999
3167    -0.85099983
3168    0.18900013
3169    -1.012
3170    3.9490004
3171    -0.81799984
3172    1.0120001
3173    -0.0029997826
3174    -1.198
3175    0.6090002
3176    -1.3119999
3177    1.1610003
3178    0.63400006
3179    -0.21099997
3180    1.855
3181    -0.7739999
3182    -0.16899991
3183    -0.93799996
3184    -0.6409998
3185    0.29100013
3186    -0.714
3187    -0.65999985
3188    -0.08399987
3189    1.0710001
3190    1.6560001
3191    0.96700025
3192    -1.0849999
3193    -0.15099978
3194    -0.44899988
3195    0.47200012
3196    -1.226
3197    0.6960001
3198    -0.85399985
3199    -0.6839998
3200    0.12500024
3201    -0.28599977
3202    0.14400005
3203    -0.39499998
3204    1.473
3205    -0.599
3206    2.6360002
3207    -0.45099998
3208    -0.944
3209    -0.6489999
3210    -0.48399997
3211    4.9330006
3212    0.52400017
3213    -1.175
3214    -0.9009998
3215    -0.17199993
3216    -0.888
3217    0.026000261
3218    0.32900023
3219    -0.5049999
3220    0.7520001
3221    -0.8529999
3222    -0.6529999
3223    0.44700027
3224    0.6780002
3225    2.117
3226    -0.717
3227    0.010000229
3228    0.35800028
3229    0.4560001
3230    2.1690001
3231    -0.7199998
3232    0.98000026
3233    -0.41099977
3234    2.4080005
3235    3.499
3236    1.6540003
3237    2.3910003
3238    0.3820002
3239    -1.229
3240    0.24900007
3241    -0.52499986
3242    -0.9139998
3243    -0.3369999
3244    -0.010999918
3245    0.79900026
3246    0.86000013
3247    -0.11799979
3248    3.0630002
3249    -0.6859999
3250    -0.7449999
3251    -0.59199977
3252    -1.298
3253    -1.2099999
3254    0.6990001
3255    0.18400025
3256    -0.704
3257    -0.6489999
3258    -9.999275E-4
3259    1.2650003
3260    0.68100023
3261    1.875
3262    -0.6789999
3263    1.8170004
3264    -0.39899993
3265    0.46400023
3266    1.3510003
3267    -0.07199979
3268    0.4710002
3269    -0.96899986
3270    1.5280004
3271    -0.33299994
3272    1.6780005
3273    -0.7839999
3274    1.026
3275    -0.038999796
3276    -0.12199998
3277    -0.1539998
3278    -1.1579999
3279    -0.1539998
3280    0.1190002
3281    -1.0889999
3282    -0.8609998
3283    -0.21599984
3284    -0.9589999
3285    -0.27699995
3286    0.042000055
3287    -0.7429998
3288    1.0120001
3289    -0.17199993
3290    1.3190002
3291    -0.11199975
3292    2.8360004
3293    -0.29199982
3294    -0.22799993
3295    0.5410001
3296    -0.99899983
3297    -1.3209999
3298    -0.2099998
3299    -0.6669998
3300    -1.1969999
3301    5.9120007
3302    -0.763
3303    0.9510002
3304    -0.82099986
3305    -0.13899994
3306    -0.852
3307    -0.04099989
3308    0.13300014
3309    -0.5209999
3310    0.08500004
3311    -0.36699986
3312    -0.95299983
3313    -1.1399999
3314    -1.1579999
3315    -0.7689998
3316    -1.1119999
3317    -0.8269999
3318    -0.88199997
3319    0.07200003
3320    -1.0899999
3321    0.082000256
3322    -0.17999983
3323    -1.0009999
3324    0.09800005
3325    0.48600006
3326    -0.454
3327    -0.021999836
3328    -0.4039998
3329    -0.7429998
3330    -0.2809999
3331    -1.2529999
3332    -0.33199978
3333    1.3040004
3334    -0.8759999
3335    -1.3269999
3336    -1.0689999
3337    0.25100017
3338    -0.2099998
3339    -1.1489999
3340    -1.3469999
3341    -0.91999984
3342    -0.921
3343    0.5220001
3344    0.8790002
3345    -1.0539999
3346    -0.09799981
3347    -0.6569998
3348    0.96200013
3349    -0.13399982
3350    -0.6529999
3351    0.5580001
3352    0.38700008
3353    -0.816
3354    0.54600024
3355    -0.17499995
3356    -0.21299982
3357    0.9140003
3358    -0.9519999
3359    -1.0979999
3360    0.3790002
3361    -0.85399985
3362    -0.86699986
3363    0.3360002
3364    -0.77
3365    -0.78699994
3366    -0.96799994
3367    -0.8349998
3368    2.5420003
3369    -0.22399998
3370    -0.25499988
3371    0.29900026
3372    -1.2829999
3373    -1.1589999
3374    -0.13699985
3375    -0.9699998
3376    -0.36099982
3377    -0.6339998
3378    2.4170003
3379    -0.08899975
3380    2.0040002
3381    -0.048999786
3382    0.6960001
3383    -0.4389999
3384    -1.1539999
3385    0.1190002
3386    -1.2459999
3387    -0.7709999
3388    0.07200003
3389    0.22500014
3390    0.46300006
3391    5.618
3392    -0.49699998
3393    -0.08799982
3394    -1.3069999
3395    2.3770003
3396    -0.33299994
3397    -0.52299976
3398    1.02
3399    -0.78
3400    1.9310002
3401    -1.0359999
3402    -0.7329998
3403    -0.4749999
3404    -0.50399995
3405    -1.188
3406    1.3330002
3407    -1.037
3408    -0.4649999
3409    -0.21299982
3410    1.065
3411    0.24600005
3412    2.6460004
3413    1.756
3414    -0.5899999
3415    -0.15799975
3416    1.44
3417    0.3210001
3418    -0.26499987
3419    -0.2939999
3420    -0.6049998
3421    0.22000027
3422    1.3380003
3423    0.3260002
3424    -0.46599984
3425    -0.33199978
3426    -0.69499993
3427    0.86000013
3428    -0.9039998
3429    1.1660004
3430    -0.02699995
3431    -0.8449998
3432    -1.0299999
3433    3.9890003
3434    0.25900006
3435    -0.6079998
3436    0.22400022
3437    1.1490002
3438    -0.957
3439    -0.957
3440    -0.911
3441    -0.8699999
3442    0.8620002
3443    -0.43199992
3444    -0.30599976
3445    0.021000147
3446    -0.931
3447    -0.04399991
3448    0.61300015
3449    -0.7709999
3450    -0.80799985
3451    0.27300024
3452    -0.52499986
3453    -1.1329999
3454    -0.30599976
3455    -0.28299975
3456    5.769
3457    -1.0059999
3458    0.0010001659
3459    0.04300022
3460    0.61100006
3461    0.06600022
3462    6.208
3463    -0.79499984
3464    -0.06599975
3465    -0.3959999
3466    2.1620002
3467    0.5410001
3468    1.8200002
3469    0.5180001
3470    -0.714
3471    -1.1489999
3472    1.7800002
3473    0.9120002
3474    -0.5279999
3475    0.06800008
3476    0.5890002
3477    -0.15699983
3478    0.21400023
3479    0.41600013
3480    -1.2049999
3481    0.7800002
3482    0.09500003
3483    -0.717
3484    -0.15499997
3485    0.84000015
3486    1.086
3487    -1.5509999
3488    -0.9829998
3489    0.8180001
3490    1.6600003
3491    -0.012999773
3492    -0.819
3493    0.13200021
3494    -1.2039999
3495    -0.6029999
3496    -0.803
3497    -0.612
3498    0.116000175
3499    -0.97899985
3500    0.12400007
3501    1.5090003
3502    -0.4419999
3503    -0.65199995
3504    1.7570004
3505    -0.8149998
3506    -0.944
3507    0.3130002
3508    0.016000032
3509    -0.90999985
3510    1.6160002
3511    0.78100014
3512    -0.6659999
3513    -0.6199999
3514    0.18100023
3515    -0.80999994
3516    -0.635
3517    1.473
3518    -0.33399987
3519    0.60500026
