0    -35.312
1    -35.686
2    -35.445
3    -35.574
4    -36.691
5    -36.812
6    -35.833
7    -35.622
8    -36.615
9    -35.815
10    -35.705
11    -35.818
12    -29.002
13    -34.74
14    -29.038
15    -35.475
16    -36.92
17    -36.089
18    -35.53
19    -37.957
20    -28.948
21    -36.831
22    -37.95
23    -34.202
24    -29.035
25    -36.552
26    -28.771
27    -35.746
28    -36.931
29    -29.095
30    -35.228
31    -35.652
32    -28.888
33    -29.237
34    -35.631
35    -38.769
36    -38.045
37    -28.666
38    -35.832
39    -35.609
40    -34.238
41    -35.913
42    -28.968
43    -35.765
44    -34.252
45    -37.233
46    -35.758
47    -28.912
48    -35.757
49    -37.637
50    -37.772
51    -36.875
52    -28.954
53    -11.308
54    -36.838
55    -35.757
56    -35.71
57    -28.966
58    -36.722
59    -35.647
60    -36.531
61    -35.789
62    -35.839
63    -20.992
64    -35.387
65    -35.65
66    -35.651
67    -36.963
68    -36.704
69    -37.451
70    -29.194
71    -36.8
72    -28.933
73    -35.723
74    -15.508
75    -29.018
76    -35.7
77    -35.782
78    -35.702
79    -35.632
80    -35.72
81    -35.683
82    -35.67
83    -36.558
84    -32.772
85    -35.807
86    -35.714
87    -35.703
88    -36.042
89    -29.06
90    -36.475
91    -28.884
92    -35.835
93    -36.56
94    -35.321
95    -29.38
96    -35.525
97    -35.615
98    -29.058
99    -35.153
100    -29.154
101    -35.693
102    -35.068
103    -34.905
104    -35.692
105    -29.258
106    -35.805
107    -37.547
108    -35.009
109    -29.168
110    -35.551
111    -36.898
112    -36.218
113    -37.04
114    -36.601
115    -28.951
116    -36.182
117    -36.746
118    -35.695
119    -35.514
120    -36.829
121    -36.585
122    -35.725
123    -36.828
124    -36.668
125    -29.194
126    -35.521
127    -35.986
128    -35.571
129    -29.2
130    -37.452
131    -38.097
132    -35.658
133    -35.169
134    -35.656
135    -36.733
136    -37.106
137    -35.716
138    -35.776
139    -35.562
140    -34.218
141    -35.35
142    -35.602
143    -34.861
144    -35.593
145    -35.687
146    -41.128
147    -39.73
148    -38.854
149    -39.611
150    -39.755
151    -32.987
152    -33.139
153    -39.757
154    -40.894
155    -39.79
156    -39.707
157    -39.522
158    -39.46
159    -39.608
160    -41.107
161    -32.78
162    -32.913
163    -38.699
164    -39.624
165    -32.678
166    -39.196
167    -39.658
168    -32.98
169    -39.435
170    -41.927
171    -39.601
172    -39.358
