0    3.0670002
1    3.176
2    2.1460001
3    2.9510002
4    -32.65
5    -32.468
6    -31.619
7    -18.595
8    -32.565
9    -31.647
10    -32.788
11    -27.897
12    -32.538
13    -32.807
14    -32.299
15    -27.772
16    -32.81
17    -31.631
18    -32.542
19    -32.481
20    -32.769
21    -32.539
22    -32.652
23    -32.604
24    -32.669
25    -32.427
26    -28.75
27    -32.822998
28    -32.822998
29    -28.825
30    -31.9
31    -28.828
32    -28.791
33    -28.8
34    -28.841
35    -28.771
36    -26.677
37    -31.597
38    -32.821
39    -32.649
40    -32.666
41    -32.666
42    -31.715
43    -32.8
44    -32.734
45    -30.316
46    -32.283
47    -32.363
48    -32.44
49    -32.801
50    -32.614
51    -32.635
52    -32.687
53    -32.555
54    -28.598999
55    -28.514
56    -28.663
57    -32.511
58    -32.813
59    -32.466
60    -32.768
61    -32.826
62    -32.429
63    -31.852
64    -32.199
65    -31.832
66    -31.832
67    -32.679
68    -32.798
69    -33.603
70    -22.558
71    -27.826
72    -27.826
73    -27.626
74    -27.514
75    -27.331
76    -27.703
77    -27.595
78    -27.595
79    -27.895
80    -27.801
81    -28.484
82    -27.719
83    -27.683
84    -27.576
85    -27.585
86    -27.517
87    -27.605999
88    -27.647
89    -27.7
90    -27.7
91    -28.68
92    -27.695
93    -27.695
94    -28.753
95    -27.702
96    -20.964
97    -27.842
98    -27.674
99    -27.864
100    -27.674
101    -27.595
102    -27.595
103    -28.611
104    -27.603
105    -28.473
106    -27.573
107    -27.74
108    -27.816
109    -27.374
110    -27.623
111    -27.823
112    -27.629
113    -29.637
114    -26.817
115    -27.49
116    -27.73
117    -27.567
118    -27.542
119    -27.755
120    -27.755
121    -27.434
122    -27.434
123    -26.907
124    -26.907
125    -27.493
126    -28.79
127    -28.138
128    -23.31
129    -22.282999
130    -22.793
131    -22.851
132    -24.831
133    -22.536
134    -23.911
135    -22.824
