0    3.397
1    5.2790003
2    5.0150003
3    1.017
4    1.705
5    1.202
6    1.7880001
7    3.126
8    2.6430001
9    2.278
10    1.28
11    1.207
12    1.352
13    2.284
14    1.32
15    3.236
16    1.372
17    2.152
18    2.193
19    1.658
20    3.793
21    1.506
22    2.362
23    -1.211
24    2.5180001
25    1.498
26    1.5910001
27    1.8330001
28    1.7850001
29    1.281
30    4.325
31    1.133
32    1.243
33    1.136
34    1.113
35    1.334
36    6.952
37    1.658
38    1.5120001
39    1.24
40    1.654
41    1.383
42    1.234
43    1.414
44    1.22
45    2.174
46    1.372
47    1.724
48    1.346
49    3.3140001
50    1.255
51    1.61
52    1.5350001
53    1.6340001
54    2.296
55    1.293
56    1.376
57    1.058
58    1.123
59    4.321
60    1.178
61    2.251
62    2.279
63    1.241
64    1.112
65    2.329
66    3.409
67    1.16
68    4.4350004
69    2.538
70    1.649
71    6.007
72    1.497
73    11.754
74    2.2810001
75    0.049000002
76    3.239
77    3.121
78    1.215
79    1.312
80    1.528
81    1.232
82    0.671
83    3.057
84    1.549
85    1.078
86    2.154
87    1.579
88    3.9850001
89    4.844
90    1.794
91    2.435
92    1.698
93    1.837
94    1.76
95    1.6700001
96    1.8610001
97    1.908
98    5.461
99    3.43
100    1.104
101    1.342
102    1.2030001
103    3.432
104    2.123
105    1.422
106    1.4530001
107    0.124000005
108    2.122
109    1.1650001
110    2.58
111    0.57900006
112    1.597
113    3.336
114    7.735
115    3.4490001
116    4.1280003
117    1.866
118    3.422
119    1.53
120    4.2530003
121    1.803
122    4.3190002
123    4.117
124    0.78200006
125    2.326
126    1.655
127    3.258
128    1.526
129    2.298
130    1.426
131    3.996
132    1.896
133    1.393
134    2.2340002
135    2.435
136    1.688
137    1.807
138    2.5
139    1.029
140    1.299
141    1.711
142    1.0250001
143    -0.66999996
144    5.344
145    10.993
146    4.027
147    2.8930001
148    0.818
149    2.211
150    2.635
151    1.83
152    3.051
153    3.0540001
154    1.8110001
155    1.9660001
156    8.331
157    2.183
158    2.358
159    1.107
160    2.28
161    -0.62199974
162    2.801
163    2.592
164    3.22
165    1.987
166    1.468
167    12.088
168    3.2010002
169    1.649
170    1.635
171    2.475
172    1.6960001
173    2.572
174    3.3140001
175    1.325
176    2.061
177    1.5560001
178    2.085
179    1.302
180    1.4860001
181    2.306
182    3.501
183    3.792
184    1.589
