0    1.016
1    6.1070004
2    6.4160004
3    5.8560004
4    6.124
5    6.006
6    6.414
7    5.847
8    5.717
9    5.826
10    5.704
11    6.092
12    6.018
13    6.1320004
14    6.051
15    5.636
16    6.184
17    6.5610003
18    5.881
19    6.3050003
20    5.872
21    6.2380004
22    6.1260004
23    5.9890003
24    5.8970003
25    5.9100003
26    6.05
27    5.8490005
28    5.7510004
29    6.136
30    6.0620003
31    5.354
32    6.0330005
33    5.8950005
34    5.75
35    5.636
36    5.681
37    6.0870004
38    6.5540004
39    6.321
40    5.7730002
41    6.2390003
42    6.124
43    5.5420003
44    6.3750005
45    5.624
46    5.992
47    6.392
48    6.359
49    5.9300003
50    5.906
51    5.5360003
52    6.046
53    5.934
54    6.0140004
55    6.2660003
56    5.8190002
57    6.4810004
58    5.801
59    5.8320003
60    6.2250004
61    5.7570004
62    5.888
63    6.4820004
64    4.388
65    4.224
66    4.48
67    4.433
68    4.644
69    4.4
70    4.61
71    4.274
72    4.401
73    4.2710004
74    4.163
75    4.421
76    4.3180003
77    4.6070004
78    4.164
79    4.4350004
80    4.504
81    3.9290001
82    4.6270003
83    4.525
84    4.209
85    3.9900002
86    4.73
87    4.5930004
88    3.9240003
89    3.6910005
90    3.9030004
91    3.6050005
92    3.1100001
93    3.0260005
94    3.216
95    4.2590003
96    3.4010005
97    3.4850001
98    5.8830004
99    6.642
100    6.466
101    5.8830004
102    6.38
103    5.531
104    6.9690003
105    3.7240005
106    3.1000004
107    3.3320003
108    2.9340005
109    5.7990003
110    5.787
111    5.7720003
112    5.6720004
113    5.984
114    6.7440004
115    6.6130004
116    4.7380004
117    5.603
118    5.1650004
119    5.051
120    4.7910004
121    3.367
122    4.0120006
123    4.0090003
124    2.6720004
125    3.2080002
126    2.1320004
127    3.2770004
128    2.5800004
129    3.7070003
130    2.854
131    2.2510004
132    3.459
133    3.8630004
134    3.1930003
135    -2.4139998
136    -2.327
137    -1.4019997
138    -2.6779997
139    -1.4779999
140    -1.5359998
141    -1.7369998
142    -2.5289998
143    -2.1669998
144    -4.052
145    -2.452
146    -2.4729998
147    -2.222
148    -1.6989999
149    -1.9239998
150    -1.7149997
151    -1.2499998
152    -2.6439998
