0    1.645
1    -4.342
2    -3.8019998
3    -3.6079998
4    -2.1009998
5    -4.295
6    -4.191
7    -3.885
8    -2.6439998
9    -1.2649999
10    -3.6409998
11    -3.097
12    -2.3009996
13    -3.988
14    -4.6829996
15    -1.9799995
16    -5.417
17    -4.7419996
18    -4.444
19    -3.2559998
20    -4.7889996
21    -5.137
22    -3.8669999
23    -5.3199997
24    -4.773
25    -4.648
26    -3.3059998
27    -3.9999998
28    -5.156
29    -2.9389997
30    -3.406
31    -4.7209997
32    -2.6429996
33    -5.0889997
34    -4.4189997
35    -5.272
36    -5.219
37    -4.675
38    -4.3459997
39    -5.184
40    -1.5659995
41    1.3400002
42    -4.696
43    -4.845
44    -4.349
45    -4.5909996
46    -4.5719995
47    -4.133
48    -3.5459998
49    -2.7229996
50    -5.296
51    -2.619
52    -4.107
53    -4.7
54    -4.08
55    -4.852
56    -4.481
57    -4.462
58    -5.05
59    -4.783
60    -5.021
61    -4.064
62    -5.21
63    -4.708
64    -3.9919999
65    -4.9779997
66    -4.21
67    -4.323
68    -3.1289997
69    -4.24
70    -4.693
71    -4.4469995
72    -4.752
73    -0.8209996
74    -2.744
75    -5.128
76    -4.595
77    -3.36
78    -3.988
79    -4.1169996
80    -3.9459999
81    -4.377
82    -4.81
83    2.2840002
84    -5.0
85    -4.39
86    -2.9509997
87    -3.2319999
88    -2.9309998
89    -4.909
90    -4.9849997
91    -4.12
92    -5.116
93    -4.449
94    -4.109
95    -2.5319996
96    -4.2749996
97    -4.795
98    -4.8269997
99    -4.925
100    0.6350002
101    -5.204
102    -4.234
103    -4.172
104    -4.362
105    -5.015
106    -4.4639997
107    -4.708
108    -4.415
109    -5.161
110    -4.9919996
111    -5.323
112    -3.251
113    -4.798
114    -5.233
115    -4.582
116    -3.5199997
117    -3.9459999
118    -4.019
119    -4.98
120    -4.481
121    -4.5039997
122    -4.211
123    -4.088
124    -2.8769999
125    -5.158
126    -5.21
127    -3.5449998
128    -3.8549998
129    -4.7159996
130    -5.269
131    -4.98
132    -4.436
133    -2.2259998
134    -3.9229999
135    -4.422
136    -4.923
137    -4.409
138    -4.4189997
139    -4.817
140    -4.265
141    -2.657
142    -4.415
143    -5.388
144    -3.567
145    -5.182
146    -3.81
147    -3.5279999
148    -4.038
149    -4.4069996
150    -4.8059998
151    -4.946
152    -3.0939999
153    -2.699
154    -5.19
155    -4.564
156    -4.627
157    -3.86
158    -1.7539997
159    -4.098
160    -5.4779997
161    -3.712
162    -5.1499996
163    -3.3449998
164    -5.064
165    -5.079
166    -4.2959995
167    -3.0789998
168    -0.37599945
169    -3.034
170    -3.2499998
171    -4.704
172    -5.354
173    -4.667
174    -4.132
175    -4.054
176    -4.0439997
177    -3.6829998
178    -0.066999435
179    -4.737
180    -4.805
181    -5.109
182    -5.266
183    -3.8979998
184    -5.375
185    -4.734
186    -5.1219997
187    -5.164
188    -4.797
189    -3.416
190    -4.442
191    -2.77
192    -4.773
193    -5.095
194    -0.7609997
195    -4.42
196    -5.2679996
197    -5.125
198    -5.275
199    -4.961
200    -4.9659996
201    -3.5979998
202    -4.713
203    -4.904
204    -5.33
205    -4.817
206    -2.8609998
207    -5.107
208    -4.6219997
209    -5.04
210    -4.285
211    -3.7789998
212    -5.309
213    -3.409
214    -4.207
215    -4.494
216    -3.9919999
217    -4.404
218    -4.243
219    -3.6479998
220    -5.272
221    -4.6689997
222    -4.191
223    -2.758
224    -4.54
225    -4.397
226    -4.686
227    -3.995
228    -5.34
229    -4.097
230    -5.194
231    -4.752
232    -3.985
233    -2.4649997
234    -5.344
235    -3.82
236    -3.761
237    -2.3469996
238    -4.967
239    -5.389
240    -4.767
241    -4.842
242    -5.067
243    -4.835
244    -3.2799997
245    -5.001
246    -3.8899999
247    -4.923
248    -4.918
249    -5.338
250    -4.078
251    -4.2539997
252    -5.196
253    -5.073
254    -3.488
255    -4.198
256    -4.877
257    -4.733
258    -5.347
259    -5.3129997
260    -3.7589998
261    -3.7489998
262    -5.257
263    -5.325
264    -4.95
265    -5.337
266    -5.198
267    -3.4929998
268    -4.6940002
269    -4.482
270    -3.0789998
271    -5.131
272    -4.989
273    -5.186
274    -5.291
275    -5.333
276    -5.119
277    -5.2599998
278    -4.996
279    -4.12
280    -5.423
281    -5.045
282    -5.041
283    -5.3859997
284    -3.9729998
285    -4.84
286    -4.297
287    -4.9379997
288    -5.344
289    -2.639
290    -5.4049997
291    -4.995
292    -2.0689998
293    -4.889
294    -5.112
295    -5.439
296    -4.133
297    -2.3909998
298    -5.013
299    -5.264
300    -4.8669996
301    -4.274
302    -4.545
303    -4.545
304    -3.4439998
305    -5.049
306    -4.531
307    -2.7859998
308    -4.818
309    -4.667
310    -3.08
311    -5.311
312    -4.292
313    -4.2679996
314    -5.019
315    -5.137
316    -4.927
317    -4.878
318    -3.1239998
319    -5.047
320    -5.146
321    -5.029
322    -4.656
323    -4.9379997
324    -4.3859997
325    -5.359
326    -5.37
327    -4.5959997
328    -4.981
329    -5.27
330    -4.3549995
331    -5.246
332    -4.5509996
333    -5.036
334    -5.024
335    -4.975
336    -3.7429998
337    -4.923
338    -4.292
339    -3.1639998
340    -5.182
341    0.64900017
342    -3.2129998
343    -4.118
344    -4.022
345    -4.626
346    -4.2819996
347    -4.4919996
348    -3.5989997
349    -4.5559998
350    -5.297
351    -5.231
352    -4.829
353    -3.606
354    -4.9589996
355    -5.159
356    -4.5509996
357    -3.7829998
358    -3.6269999
359    -2.691
360    -4.354
361    -4.9849997
362    -4.9779997
363    -4.545
364    -4.71
365    -3.912
366    -3.172
367    -4.736
368    -2.929
369    -4.0889997
370    -1.4679999
371    -4.8129997
372    -4.8199997
373    -4.391
374    -3.9759998
375    -3.8289998
376    -2.3009996
377    -5.0299997
378    -3.7689998
379    -2.599
380    -3.682
381    -3.9669998
382    -2.666
383    -3.0349998
384    -3.7429998
385    -2.284
386    -5.021
387    -4.9440002
388    -5.145
389    -2.8709998
390    -3.6869998
391    -4.652
392    -4.897
393    -5.05
394    -4.271
395    -4.177
396    -4.895
397    -4.383
398    -4.658
399    -4.72
400    -5.3059998
401    -4.95
402    -3.9589999
403    -3.7419999
404    -4.601
405    -2.7619996
406    -5.196
407    -5.434
408    -5.1679997
409    -5.262
410    -4.514
411    -4.5369997
412    -4.776
413    -4.909
414    -4.736
415    -5.082
416    -2.593
417    -2.6039996
418    -3.596
419    -4.31
420    -5.223
421    -2.9759998
422    -4.751
423    -5.304
424    -4.7539997
425    -4.704
426    -4.444
427    -3.994
428    -5.479
429    -4.8859997
430    -4.554
431    -2.764
432    -4.092
433    -4.725
434    -4.875
435    -5.194
436    -4.409
437    -5.146
438    -4.8529997
439    -4.293
440    -5.1359997
441    -2.7609997
442    -2.434
443    -5.3059998
444    -5.1099997
445    -4.686
446    -3.58
447    -3.938
448    -5.175
449    -3.2989998
450    -4.5299997
451    -4.318
452    -3.87
453    -5.382
454    -5.406
455    -4.6429996
456    -5.144
457    -2.3709998
458    -3.771
459    -4.128
460    -1.4709997
461    -4.095
462    -5.152
463    -4.667
464    -4.4209995
465    -4.6289997
466    -4.639
467    -2.554
468    -5.033
469    -5.533
470    -3.5049999
471    -5.098
472    -3.8209999
473    -4.295
474    -4.212
475    -4.474
476    -5.1619997
477    -4.91
478    -4.3859997
479    -2.9579997
480    -4.869
481    -4.898
482    -4.633
483    -2.112
484    -5.304
485    -2.526
486    -4.885
487    -3.057
488    -5.283
489    -4.7
490    -4.168
491    -5.3459997
492    -2.9719996
493    -3.3789997
494    -4.799
495    -4.3149996
496    -4.17
497    -3.363
498    -3.5089998
499    -3.916
500    -3.56
501    -3.498
502    -3.5659997
503    -4.633
504    -2.697
505    -5.0109997
506    -4.451
507    -5.002
508    -4.892
509    -3.5659997
510    -4.744
511    -2.1829996
512    -3.6729999
513    2.387
514    -3.5629997
515    -2.6939998
516    -5.369
517    -2.724
518    -5.1549997
519    -4.217
520    -1.902
521    -5.0629997
522    -5.1549997
523    -4.133
524    -4.271
525    -2.1699996
526    -5.175
527    -3.7569997
528    -1.9579997
529    -4.845
530    -4.882
531    -4.706
532    -0.6199999
533    -4.821
534    -3.0679998
535    -4.955
536    -3.442
537    -4.476
538    -3.6839998
539    -4.691
540    -5.404
541    -4.696
542    -4.884
543    -4.243
544    -4.8479996
545    -3.59
546    -5.0299997
547    -3.9769998
548    -5.107
549    -0.67699957
550    -2.0819998
551    -3.36
552    -4.3879995
553    -4.862
554    -4.611
555    -4.762
556    -5.013
557    -3.1779997
558    -4.3129997
559    -5.036
560    -3.708
561    -4.666
562    -3.4229999
563    -2.0289998
564    -4.861
565    -4.708
566    -4.9139996
567    -4.1359997
568    -4.175
569    -2.781
570    -5.1359997
571    -4.503
572    -4.719
573    -4.887
574    -3.5649998
575    -4.8599997
576    -4.55
577    -1.0069995
578    -4.611
579    -5.149
580    -5.099
581    -4.009
582    -4.6940002
583    -3.7229998
584    -4.273
585    -4.725
586    -3.6999998
587    -2.237
588    -3.462
589    -4.634
590    -4.625
591    -3.4249997
592    -4.703
593    -5.02
594    -4.6499996
595    -5.4189997
596    -0.46699953
597    -5.359
598    -5.191
599    -5.05
600    -4.086
601    -3.998
602    -4.417
603    -2.533
604    -4.456
605    -3.616
606    -4.791
607    -2.744
608    -3.6859999
609    -4.494
610    -4.746
611    -3.2139997
612    -3.521
613    -3.6679997
614    -4.7229996
615    -5.39
616    -4.928
617    -3.6769998
618    -3.5099998
619    -4.33
620    -4.988
621    -3.12
622    -5.27
623    -4.376
624    -4.383
625    -3.9109998
626    -4.71
627    -4.967
628    -4.435
629    -4.4379997
630    -5.1219997
631    -4.491
632    -4.8389997
633    -5.251
634    -3.695
635    -5.203
636    -5.2019997
637    -4.673
638    -3.3969998
639    -2.5949998
640    -3.018
641    -4.7419996
642    28.501001
643    -5.132
644    -4.4309998
645    -3.9179997
646    -4.49
647    -2.9969997
648    -4.649
649    -3.4069998
650    -4.239
651    -3.9299998
652    -3.3019998
653    -5.462
654    0.5760002
655    -3.6599998
656    -4.628
657    -5.02
658    -3.8739998
659    -3.3939998
660    -4.1359997
661    -3.5609999
662    -2.4559999
663    -4.411
664    -4.312
665    -5.198
666    -2.83
667    -5.535
668    -3.0379999
669    -4.701
670    -4.534
671    -2.7779999
672    -3.682
673    -4.472
674    -4.217
675    -5.432
676    -4.413
677    -1.4579997
678    -4.705
679    -2.2899997
680    -4.528
681    -5.289
682    -4.571
683    -3.9739997
684    -5.344
685    -4.9069996
686    -5.283
687    -3.6319997
688    -5.249
689    -4.816
690    -3.0619998
691    -4.869
692    -4.09
693    -5.3529997
694    -3.7529998
695    -2.83
696    -5.1759996
697    -3.909
698    -5.354
699    -4.108
700    -4.847
701    -4.4639997
702    -4.213
703    -5.39
704    -2.2999997
705    -5.302
706    -5.0439997
707    -4.798
708    -5.0959997
709    -4.918
710    -4.469
711    -5.173
712    -4.5699997
713    -5.243
714    -4.376
715    -5.019
716    -4.921
717    -4.976
718    -3.8609998
719    -5.356
720    -5.111
721    -4.0889997
722    -4.168
723    -5.332
724    -4.7159996
725    -4.67
726    -3.2929997
727    -4.2159996
728    -5.3529997
729    -4.395
730    -5.253
731    -3.3579998
732    -4.34
733    -5.104
734    -5.246
735    -4.397
736    -4.204
737    -2.6809998
738    -3.12
739    -5.3389997
740    -4.7539997
741    -4.854
742    -5.17
743    -3.85
744    -1.4559999
745    -4.836
746    -5.108
747    -5.052
748    -4.04
749    -3.1209998
750    -5.021
751    -4.748
752    -4.8129997
753    -5.0769997
754    -4.568
755    -4.099
756    -4.833
757    -5.171
758    -4.4209995
759    -5.144
760    -5.344
761    -3.33
762    -4.968
763    -4.908
764    -4.816
765    -5.21
766    -4.345
767    -4.7139997
768    -4.222
769    -5.015
770    -2.8919997
771    -3.416
772    -5.517
773    -4.725
774    -4.2469997
775    -5.2279997
776    -4.654
777    -4.24
778    -4.972
779    -3.8049998
780    -4.16
781    -4.977
782    -5.262
783    -4.4209995
784    -3.754
785    -5.488
786    -5.348
787    -4.238
788    -3.1699998
789    -4.685
790    -2.2819996
791    -3.6509998
792    -4.208
793    -4.698
794    -4.902
795    -3.6669998
796    -3.4709997
797    -3.8739998
798    -3.2069998
799    -4.234
800    -4.612
801    -1.6199999
802    -0.7409997
803    -4.387
804    -4.8409996
805    -3.1629999
806    -4.566
807    -5.248
808    -5.256
809    -4.0649996
810    -3.8539999
811    -4.891
812    -4.196
813    -3.929
814    -3.6179998
815    -3.0449998
816    -5.215
817    -3.2649999
818    -4.9519997
819    -4.2799997
820    -2.734
821    -4.087
822    -4.637
823    -5.05
824    -5.369
825    -5.067
826    -4.677
827    -3.2749999
828    -5.031
829    -5.046
830    -3.7429998
831    -5.2929997
832    -5.114
833    -4.167
834    -5.4119997
835    -4.781
836    -3.6369998
837    -4.338
838    -4.857
839    -5.177
840    -3.0749998
841    -4.995
842    -5.3009996
843    -5.194
844    -4.5459995
845    -5.205
846    -5.072
847    -4.908
