0    -6.766
1    -4.165
2    -3.4959998
3    -1.8379998
4    -4.0179996
5    -4.246
6    3.6640005
7    -3.6379998
8    -3.2359998
9    -3.4559999
10    -3.768
11    -2.3649998
12    -2.735
13    -3.6399999
14    -4.2609997
15    -2.9989998
16    -3.1609998
17    -3.1609998
18    -3.645
19    -2.666
20    -3.1699998
21    -2.2099998
22    -1.7179999
23    -4.864
24    -5.112
25    -5.3459997
26    -5.205
27    -4.628
28    -5.1949997
29    -5.362
30    -4.172
31    -3.9079998
32    -3.0229998
33    -3.9929998
34    -3.955
35    -3.57
36    -4.892
37    -3.261
38    -4.833
39    -3.8409998
40    -4.3219995
41    -5.259
42    -5.331
43    -3.0849998
44    -5.373
45    0.011000156
46    -3.7659998
47    -4.434
48    -4.88
49    -5.216
50    -5.105
51    -4.906
52    -5.145
53    -4.463
54    -4.165
55    -3.949
56    -3.6209998
57    -3.797
58    -4.0579996
59    -2.7529998
60    -3.7369998
61    -4.344
62    -5.358
63    -2.75
64    -3.3519998
65    -3.4299998
66    -4.25
67    -2.8669996
68    -5.157
69    -3.34
70    -2.5449996
71    -4.915
72    -3.675
73    -4.571
74    -4.932
75    -3.3149998
76    -4.821
77    -2.685
78    -3.1849997
79    -4.949
80    -2.1769996
81    -4.821
82    -4.778
83    -3.281
84    -4.878
85    -4.5889997
86    -3.8749998
87    -2.474
88    -4.144
89    -4.391
90    -1.8329997
91    -4.317
92    -4.764
93    -4.599
94    -4.6099997
95    -4.732
96    -5.494
97    -4.023
98    -2.9369998
99    -3.784
100    -5.218
101    -3.8949997
102    -4.481
103    -4.568
104    -4.1829996
105    3.5420008
106    -1.8169999
107    -3.6709998
108    -3.2159998
109    -5.418
110    -4.8
111    -3.3119998
112    -3.0459998
113    -2.8649998
114    -4.7419996
115    -4.951
116    -4.972
117    -4.031
118    -3.9069998
119    -4.785
120    -5.338
121    -4.701
122    -4.844
123    -5.194
124    -3.6649997
125    -2.5519996
126    -4.408
127    -5.09
128    -4.803
129    -1.7709999
130    -4.0649996
131    -3.5019999
132    -4.56
133    -4.019
134    -4.311
135    -3.7139997
136    -3.6209998
137    -3.8749998
138    -3.744
139    -4.7299995
140    -4.0559998
141    -4.4969997
142    -3.8719997
143    -5.033
144    -5.007
145    -5.193
146    -2.783
147    -4.895
148    -4.8409996
149    -3.3509998
150    -4.615
151    -4.7299995
152    -3.2699997
153    -3.593
154    -2.0359998
155    -5.152
156    -3.3639998
157    -4.609
158    -4.996
159    -4.383
160    -4.4709997
161    -5.4189997
162    -3.737
163    -3.985
164    -4.4849997
165    -3.2079997
166    -3.327
167    -3.9589999
168    -3.5559998
169    0.29300022
170    -4.362
171    -3.7199998
172    -5.127
173    -4.465
174    0.17100048
175    -5.139
176    -4.068
177    -4.356
178    -4.7299995
179    -3.3869998
180    -3.804
181    -5.101
182    -4.739
183    -3.238
184    -4.9399996
185    -4.4709997
186    -3.9369998
187    -2.6869998
188    -4.5979996
189    -3.4049997
190    -3.1469998
191    -4.069
192    -5.2209997
193    -5.262
194    -4.496
195    -5.4189997
196    -3.7749999
197    -4.132
198    -4.726
199    -2.875
200    -5.001
201    -5.407
202    -4.675
203    -4.616
204    -5.4589996
205    -5.0769997
206    -3.6299999
207    -5.4119997
208    -4.6499996
209    -5.108
210    -3.537
211    -5.0699997
212    -2.5129998
213    -5.21
214    -4.762
215    -4.0769997
216    -4.942
217    -5.362
218    -5.298
219    -4.0559998
220    -5.171
221    -5.151
222    -4.8389997
223    -2.8519998
224    -4.833
225    -4.295
226    -5.112
227    -5.034
228    -5.258
229    -4.704
230    -5.027
231    -3.791
232    -4.8549995
233    -5.141
234    -2.9639997
235    -5.198
236    -5.0699997
237    -3.9129999
238    -3.8449998
239    -5.298
240    -5.097
241    -5.263
242    -4.928
243    -4.028
244    -5.197
245    -5.14
246    -5.5109997
247    -4.5509996
248    -4.9139996
249    -4.9329996
250    -4.731
251    -2.954
252    -3.087
253    -2.882
254    -5.267
255    -3.735
256    -5.048
257    -4.436
258    -5.1019998
259    -4.861
260    -3.0049999
261    -4.8999996
262    -5.087
263    -4.7799997
264    -5.218
265    -5.198
266    -4.807
267    -4.854
268    -3.2629998
269    -5.197
270    -5.047
271    -4.708
272    -4.751
273    -3.4899998
274    -3.5559998
275    -3.1049998
276    -5.257
277    -2.1509995
278    -2.5689998
279    -5.27
280    -4.086
281    -2.7339997
282    -4.538
283    -2.6729999
284    -5.392
285    -4.984
286    -4.778
287    -2.8939996
288    -5.079
289    -4.9049997
290    -3.8709998
291    -4.076
292    -5.019
293    -4.779
294    -4.611
295    -5.3459997
296    -4.804
297    -4.898
298    -5.307
299    -4.674
300    0.2130003
301    -4.996
302    -5.149
303    -3.994
304    -3.6419997
305    -4.042
306    -5.3719997
307    -5.17
308    -4.535
309    -4.8789997
310    -3.9129999
311    -4.63
312    -4.1359997
313    -3.3639998
314    -3.975
315    -4.646
316    -5.325
317    -5.193
318    -4.943
319    -5.134
320    -4.616
321    -4.917
322    -4.692
323    -4.935
324    -5.189
325    -5.17
326    -5.128
327    -4.457
328    -3.011
329    -5.0959997
330    -4.8190002
331    -4.8190002
332    -4.884
333    -4.208
334    -4.222
335    -5.421
336    -4.83
337    -4.637
338    -4.173
339    -3.5519998
340    -4.873
341    -4.299
342    -4.302
343    -5.267
344    -5.019
345    -4.844
346    -5.116
347    -4.224
348    -5.303
349    -4.883
350    -5.4119997
351    -4.802
352    -4.2749996
353    -5.062
354    -5.113
355    -4.233
356    -4.434
357    -4.1219997
358    3.0740004
359    -4.561
360    -3.5419998
361    -5.2679996
362    -5.488
363    -3.146
364    -5.12
365    -4.177
366    -2.166
367    -4.3669996
368    -4.873
369    -4.0199995
370    -4.5249996
371    -4.656
372    -2.9659996
373    -4.738
374    -4.974
375    -3.4379997
376    -4.118
377    -2.692
378    -4.0839996
379    -4.203
380    -5.059
381    -4.456
382    -5.2419996
383    -4.474
384    -5.351
385    -4.337
386    -4.968
387    -5.319
388    -2.257
389    -3.7779999
390    -3.9899998
391    -3.771
392    -4.607
393    -4.9440002
394    -2.2739997
395    -4.432
396    -5.288
397    -4.56
398    -4.793
399    -3.8839998
400    -3.393
401    -3.3349998
402    -3.544
403    -4.934
404    -3.7719998
405    -3.1479998
406    -4.7469997
407    -3.7829998
408    -2.6429996
409    -4.877
410    -4.9329996
411    -5.134
412    -2.84
413    -5.212
414    -4.192
415    -5.148
416    -5.54
417    -4.012
418    -2.5229998
419    27.916002
420    -5.216
421    -4.795
422    -4.861
423    -4.873
424    -4.7159996
425    -4.899
426    -5.098
427    -3.1629999
428    -4.8409996
429    -4.226
430    -3.439
431    -3.1959999
432    -4.333
433    -4.95
434    -3.164
435    -4.076
436    -5.237
437    -3.5219998
438    -4.9309998
439    -5.219
440    -4.3809996
441    -5.309
442    -3.0089998
443    -4.939
444    -3.962
445    -2.801
446    -4.665
447    -4.208
448    -4.384
449    -4.335
450    -5.336
451    -5.163
452    -3.1999998
453    -4.939
454    -3.31
455    -3.948
456    -4.252
457    -3.6179998
458    -4.672
459    -5.257
460    -4.4069996
461    -3.9309998
462    -4.6619997
463    -5.1
464    -4.571
465    -5.549
466    -5.055
467    -4.928
468    -0.7669997
469    1.1800001
470    -4.913
471    -4.4799995
472    -4.007
473    5.863001
474    -3.3019998
475    -4.2749996
476    -4.321
477    -4.821
478    -2.724
479    -4.399
480    -4.764
481    -4.342
482    -5.067
483    -4.976
484    -1.0759997
485    -2.8209999
486    -3.2929997
487    -3.2469997
488    -3.1159997
489    -4.066
490    -5.033
491    -5.316
492    -3.6449997
493    -2.6279998
494    -4.2419996
495    -4.1499996
496    -4.493
497    -4.406
498    -3.5719998
499    -5.2679996
500    -5.083
501    -4.785
502    -5.0179996
503    -4.093
504    -4.753
505    -2.734
506    -4.946
507    -2.8119998
508    -2.876
509    -5.441
510    -4.569
511    -3.692
512    -4.5299997
513    -3.5319998
514    -3.6649997
515    -4.382
516    -4.8079996
517    -4.949
518    -5.124
519    -5.041
520    -4.74
521    -4.25
522    -4.6569996
523    -4.781
524    -4.8479996
525    -2.9559999
526    -5.2539997
527    -2.7939997
528    -4.632
529    -2.8799996
530    -3.8279998
531    -5.46
532    -5.1359997
533    -4.3739996
534    -5.3269997
535    -3.1779997
536    -3.9799998
537    -4.491
538    -4.319
539    -4.358
540    -5.2539997
541    -4.811
542    -3.6279998
543    -4.279
544    -4.651
545    -4.92
546    -3.6139998
547    -3.472
548    -4.7159996
549    -3.5809999
550    -5.049
551    -3.5379999
552    -5.409
553    -4.6759996
554    -5.107
555    -4.491
556    -4.858
557    -1.7139997
558    -4.253
559    -5.288
560    -2.7979999
561    -3.9029999
562    -4.862
563    -4.054
564    -4.677
565    -3.824
566    -5.04
567    -4.639
568    -4.663
569    -1.2449999
570    -4.338
571    -3.8109999
572    -3.3159997
573    -5.317
574    -4.172
575    -5.266
576    -3.0789998
577    -3.679
578    -5.065
579    -5.113
580    -1.4209995
581    -3.5219998
582    -4.88
583    -5.49
584    -3.9819999
585    -5.105
586    -4.158
587    -3.2539997
588    -4.1969995
589    -4.793
590    -5.1499996
591    -2.665
592    -4.418
593    -4.012
594    -4.706
595    -5.0249996
596    -4.16
597    -3.1869998
598    -5.283
599    -4.9049997
600    -3.3669999
601    -3.623
602    -4.338
603    -4.389
604    -4.2019997
605    -4.493
606    -3.5509999
607    -4.378
608    -3.9569998
609    -5.012
610    -3.547
611    -4.7419996
612    -4.9069996
613    -5.083
614    -3.7469997
615    -3.6439998
616    -5.034
617    -2.7459998
618    -5.2009997
619    -3.3869998
620    -3.6499999
621    -4.908
622    -4.95
623    -3.5689998
624    -4.5579996
625    -3.1119998
626    -4.9919996
627    -4.109
628    -4.514
629    -2.908
630    -4.193
631    -5.034
632    -5.171
633    -2.908
634    -4.961
635    -4.976
636    -2.9359999
637    -4.3739996
638    -3.8109999
639    -3.616
640    -4.958
641    -3.2189999
642    -3.86
643    -4.362
644    -4.586
645    -3.9009998
646    -2.7329998
647    -4.456
648    -3.8419998
649    -4.454
650    -5.248
651    -3.4589999
652    -3.2299998
653    -3.8379998
654    -3.6829998
655    -3.2319999
656    -4.842
657    -4.8599997
658    -2.6239996
659    -4.835
660    -2.178
661    -4.1099997
662    -4.5629997
663    -4.086
664    -5.067
665    -4.74
666    -5.028
667    -3.909
668    -5.173
669    -5.39
670    -3.9989998
671    -4.4329996
672    -4.889
673    -4.0889997
674    -5.0889997
675    -4.62
676    -3.11
677    -4.2299995
678    -5.068
679    -0.36799955
680    -3.9209998
681    -4.319
682    -5.23
683    -4.234
684    -4.387
685    -4.713
686    -5.111
687    -5.113
688    -5.274
689    -5.314
690    -4.998
691    -4.4659996
692    -5.303
693    -4.621
694    -4.883
695    -1.527
696    -1.1179996
697    -4.328
698    -4.679
699    -4.069
700    -4.302
701    -5.119
702    -3.4639997
703    -5.145
704    -5.052
705    -3.3799999
706    -5.351
707    -5.45
708    -4.921
709    -4.475
710    -4.996
711    -5.187
712    -4.887
713    -4.75
714    -4.542
715    -4.3859997
716    -5.373
717    -3.6379998
718    -5.053
719    -4.748
720    -5.245
721    -3.9789999
722    -3.491
723    -4.976
724    -5.3199997
725    -4.387
726    -4.757
727    -4.9659996
728    -5.456
729    -3.945
730    -3.9919999
731    -4.64
732    -5.0509996
733    -4.208
734    -3.8999999
735    -5.157
736    -5.409
737    -4.8009996
738    -5.326
739    -5.034
740    -4.865
741    -4.305
742    -4.164
743    -0.22599983
744    -4.803
745    -4.9399996
746    -4.74
747    -5.207
748    -4.7749996
749    -5.06
750    -4.057
751    -5.215
752    -5.073
753    -5.032
754    -2.4459996
755    -5.292
756    -3.6539998
757    -4.015
758    -3.1529999
759    -3.7299998
760    -3.839
761    -3.5589998
762    -5.139
763    -4.6169996
764    -4.406
765    -4.0759997
766    -5.1099997
767    -4.646
768    -5.3519998
769    -3.781
770    -5.2009997
771    -5.026
772    -4.9639997
773    -1.7559996
774    -3.819
775    -4.108
776    -4.612
777    -4.411
778    -3.4789999
779    -4.7539997
780    -5.153
781    -3.928
782    -1.6429996
783    -4.932
784    -4.514
785    -3.1699998
786    -4.249
787    -5.2019997
788    -4.977
789    -2.2409997
790    -4.972
791    -4.915
792    -5.479
793    -4.023
794    -4.9119997
795    -2.2229996
796    -4.998
797    -4.2629995
798    -2.487
799    -4.053
800    -4.165
801    -1.7619996
802    -4.347
803    -3.1219997
804    -4.96
805    -2.803
806    -4.921
807    -5.017
808    -3.7069998
809    -3.7319999
810    -4.1359997
811    -4.317
812    -4.0579996
813    -4.915
814    -4.799
815    -3.9919999
816    -5.237
817    -5.417
818    -4.275
819    -4.625
820    -5.31
821    -5.087
822    -5.347
823    -4.269
824    -4.4049997
825    -4.014
826    -4.901
827    -5.414
828    -4.608
829    -4.3149996
830    -4.566
831    -5.403
832    -5.073
833    -5.22
834    -5.2939997
835    -4.928
836    -3.11
837    -4.028
838    -4.226
839    -3.9009998
840    -2.5939999
841    -5.02
842    -5.145
843    -0.7079997
844    -5.197
845    -5.115
846    -5.351
847    -3.6439998
848    -5.204
849    -5.296
850    -4.614
851    -5.388
852    -5.2539997
853    -5.233
854    -5.069
855    -5.2419996
856    -2.9429998
857    -4.895
858    -5.224
859    -5.0769997
860    -5.494
861    -5.229
862    -5.279
