0    -19.247
1    -18.223999
2    -20.066
3    -20.13
4    -18.837
5    -20.229
6    -20.257
7    -13.222
8    -19.828
9    -14.208
10    -14.146
11    -13.223
12    -15.022
13    -13.133
14    -14.295
15    -12.625999
16    -14.118
17    -13.93
18    -13.266
19    -13.78
20    -15.038
21    -12.269
22    -14.038
23    -14.814
24    -12.2039995
25    -13.401
26    -12.719
27    -12.866
28    -15.221
29    -11.82
30    -11.763
31    -11.927
32    -14.101
33    -12.783
34    -20.27
35    -21.267
36    -13.148
37    -14.327
38    -19.991
39    -12.465
40    -22.235
41    -20.165
42    -20.212
43    -21.124
44    -20.324
45    -21.175
46    -13.974
47    -13.73
48    -13.095
49    -14.3029995
50    -13.921
51    -13.087
52    -12.22
53    -14.113
54    -13.722
55    -13.284
56    -14.116
57    -14.116
58    -12.974
59    -15.186
60    -21.039
61    -20.693
62    -20.958
63    -17.749
64    -20.977
65    -22.068
66    -21.242
67    -23.747
68    -21.84
69    -21.124
70    -19.783
71    -20.68
72    -20.992
73    -20.754
74    -21.139
75    -20.376
76    -20.862
77    -23.101
78    -30.151
79    -20.192
80    -21.034
81    -21.175
