0    -4.882
1    -4.877
2    -1.918
3    -1.68
4    -1.515
5    -2.181
6    -2.181
7    -3.211
8    -2.225
9    -2.181
10    -3.194
11    -3.198
12    -2.222
13    -2.434
14    -8.936
15    -4.3789997
16    -4.8009996
17    -3.12
18    -6.3549995
19    -2.985
20    -10.642
21    -10.617
22    -147.186
23    -10.5
24    -147.244
25    -10.555
26    -10.619
27    -10.537
28    -10.623
29    -10.703
30    -13.208
31    -13.158
32    -13.158
33    -13.147
34    -12.823
35    -12.799
36    -12.754
37    -13.039
38    -13.11
39    -13.238
40    -13.2
41    -12.323999
42    -13.163
43    -12.34
44    -13.3
45    -7.8359995
46    -13.3689995
47    -12.342
48    -13.481
49    -1.628
50    -13.367
51    0.34500003
52    1.2350001
53    1.2550001
54    0.21800017
55    0.30200005
56    -139.044
57    -139.085
58    -138.178
59    -142.945
60    -143.823
61    -144.131
62    -143.824
63    -143.47
64    -143.985
65    -143.591
66    -143.843
67    -143.091
68    -143.872
69    -143.889
70    -143.866
71    -143.872
72    -143.811
73    -1.332
74    -1.332
75    -1.629
76    -1.355
77    -8.154
78    -8.38
79    -8.375
80    -7.33
81    -7.697
82    -7.671
83    -7.548
84    -7.015
85    -7.337
86    -7.517
87    -7.66
88    -4.782
89    -7.173
90    -7.687
91    -7.631
92    -7.17
93    -6.854
94    -7.079
95    -7.171
96    -7.168
97    -8.95
98    -7.1429996
99    -7.522
100    -7.7609997
101    -7.764
102    -22.043
103    -21.741
104    -24.126999
105    -24.021
106    -3.109
107    -16.331
108    -2.165
109    -17.46
110    -17.34
111    -16.721
112    -17.354
113    -1.5849999
114    -17.316
115    -17.253
116    -2.291
117    -154.153
118    -16.236
119    -2.549
120    -18.927
121    -18.736
122    -18.672
123    -2.405
124    -18.956
125    -20.351
126    -18.55
127    -19.965
128    -20.289
129    -20.297
130    -18.867
131    -18.802
132    -14.952
133    -1.596
134    -1.575
135    -1.434
136    -15.313999
137    -1.4289999
138    -1.559
139    -1.461
140    -14.916
141    -14.908
142    -1.685
143    -0.9469999
144    -14.882999
145    -14.896999
146    -14.962
147    -15.209
148    -1.424
149    -15.577999
150    -0.64
151    -1.662
152    -1.651
153    -14.74
154    -15.473
155    -1.551
156    -15.167
157    -14.767
158    -14.968
159    -15.058
160    -15.09
161    -1.412
162    -15.228
163    -14.921
164    -14.895
165    -0.6379999
166    -14.2039995
167    -14.573999
168    -20.391
169    -14.948
170    -14.627
171    -14.118
172    -14.741
173    -1.308
174    -1.201
175    -1.286
176    -1.246
177    -1.628
178    -0.9469999
179    -1.2809999
180    -1.305
181    -1.411
182    -1.64
183    -1.415
184    -1.424
185    -1.688
186    -1.1719999
187    -1.561
188    -1.446
189    -1.463
190    -1.631
191    -1.458
192    -1.285
193    -1.4519999
194    -22.552
195    -15.518999
196    -1.417
197    -14.507999
198    -15.225
199    -1.66
200    -14.795
201    -15.382
202    -1.3399999
203    -18.57
204    -18.402
205    -15.482
206    -1.6
207    -14.954
208    -19.71
209    -20.843
210    -15.268
211    -1.085
212    -15.297
213    -1.69
214    -15.277
215    -1.431
216    -1.4619999
217    -15.587
218    -3.585
219    -12.327
220    -1.6719999
221    -1.7
222    -14.483999
223    -1.48
224    -1.0749999
225    -14.905
226    -1.175
227    0.9720001
228    -0.9109999
229    -1.1669999
230    0.09500003
231    -1.183
232    -1.549
233    -1.571
234    -0.6869999
235    -13.031
236    -13.8
237    -14.603
238    -14.562
239    -14.997
240    -1.137
241    -14.591
242    -0.9649999
243    -14.968
244    -14.032
245    -0.34699988
246    -1.036
247    -1.096
248    -0.6869999
249    -1.224
250    -1.3699999
251    0.4020002
252    -0.47199988
253    -0.7329999
254    -0.14599991
255    -1.446
256    -1.365
257    -1.023
258    -1.013
259    -12.465
260    -12.342
261    -0.3399999
262    -0.987
263    -0.92999995
264    -14.959999
265    -1.3729999
266    -0.831
267    -0.93499994
268    -0.5259999
269    -1.0309999
270    -1.207
271    -1.1329999
272    -1.2679999
273    -1.2479999
274    -1.02
275    -1.2149999
276    -0.93799996
277    -1.266
278    -1.2049999
279    -1.036
280    -1.21
281    -1.157
282    -0.752
283    -1.2179999
284    -1.2709999
285    -1.66
286    -1.81
287    -1.51
288    -1.242
289    -1.434
290    -1.0509999
291    -1.349
292    -1.492
293    -1.227
294    -1.699
295    -1.671
296    -0.9649999
297    -0.9879999
298    -1.574
299    -0.6999999
300    -1.1159999
301    -0.8989999
302    -0.2019999
303    0.0010001659
304    -0.81299996
305    -0.92199993
306    -0.9649999
307    -1.256
308    -0.50399995
309    -0.89199996
310    -1.2909999
311    -1.1299999
312    -0.85599995
313    -2.074
314    -1.39
315    -1.2779999
316    -1.3859999
317    0.045000076
318    -0.8599999
319    -1.148
320    -0.60099995
321    -1.081
322    -1.062
323    -0.9549999
324    -0.65
325    0.3080001
326    -1.3379999
327    -1.1919999
328    -1.173
329    -1.506
330    -0.86399996
331    -1.002
332    -1.0749999
333    -1.185
334    -1.033
335    -0.042999864
336    -1.3599999
337    -1.28
338    0.6630001
339    -1.175
340    -1.5979999
341    -131.563
342    -1.2969999
343    -0.34399986
344    -1.058
345    -0.5059999
346    -1.081
347    -1.183
348    -1.115
349    -1.316
350    -1.1719999
351    -1.31
352    0.5580001
353    0.18500018
354    -1.254
355    -1.298
356    -0.2939999
357    -1.385
358    -0.951
359    -0.9549999
360    -0.97099996
361    -1.197
362    -0.969
363    -1.3379999
364    -0.6769999
365    0.582
366    -1.214
367    -1.085
368    -0.77
369    0.38500023
370    -1.0769999
371    -1.0049999
372    -1.454
373    -1.178
374    -0.1559999
375    -0.954
376    1.144
377    0.11500001
378    -1.1199999
379    -1.334
380    -1.4159999
381    -0.36299992
382    -0.25099993
383    -1.035
384    -1.233
385    -0.8349999
386    -0.38699996
387    -0.52199996
388    -1.441
389    -1.217
390    0.018000126
391    -0.93999994
392    0.78300023
393    -1.198
394    -0.732
395    -1.201
396    -1.417
397    4.5320005
398    -0.9829999
399    -1.4059999
400    -1.1489999
401    -2.143
402    -1.326
403    -1.106
404    -1.3959999
405    -1.0869999
406    -1.243
407    -0.87
408    -1.371
409    -1.206
410    -1.357
411    1.1230001
412    -1.208
413    -1.196
414    -0.951
415    -1.147
416    -1.211
417    -1.344
418    -1.3169999
419    -1.269
420    -1.3369999
421    -1.3659999
422    -1.068
423    -1.433
424    -1.01
425    -1.151
426    -1.071
427    -0.81499994
428    -1.305
429    -1.259
430    -0.5919999
431    -0.97099996
432    -1.0869999
433    -1.183
434    -1.056
435    -4.682
436    -1.0769999
437    -0.34099996
438    -0.81799996
439    47.496002
440    -1.4059999
441    -1.1299999
442    -1.0289999
443    -1.398
444    -1.247
445    -1.109
446    -0.072999954
447    -1.165
448    -1.4319999
449    -1.477
450    -0.8779999
451    -0.969
452    -1.5509999
453    -1.142
454    -1.401
455    -0.6869999
456    -1.367
457    -1.078
458    1.1220002
459    -1.322
460    -1.805
461    -1.322
462    -1.1299999
463    -1.15
464    -1.2579999
465    -1.229
466    -0.84099996
467    -5.158
468    -4.693
469    -5.113
470    -4.957
471    -5.156
472    -1.012
473    -0.5359999
474    -2.179
475    -1.5649999
476    -0.76399994
477    -2.019
478    -1.177
479    -1.177
480    -1.184
481    -1.219
482    -1.286
483    -5.249
484    -6.38
485    -6.1949997
486    -6.002
487    -6.033
488    -6.033
489    -5.708
490    -4.569
491    -6.84
492    -6.079
493    -5.891
494    -6.444
495    -9.667
496    -6.053
497    -6.072
498    -5.967
499    -6.072
500    -6.062
501    -6.875
502    -5.935
503    -6.5559998
504    -127.435
505    -7.877
506    -5.465
507    -6.163
508    -5.1099997
509    -6.977
510    -6.977
511    -6.103
512    -6.154
513    -5.79
514    -10.983
515    -5.668
516    -5.668
517    -7.441
518    -5.844
519    -5.992
520    -5.9519997
521    -6.2539997
522    -6.269
523    -6.262
524    -6.027
525    -5.3849998
526    -6.273
527    -6.199
528    -6.284
529    -6.259
530    -6.284
531    -6.132
532    -0.08499998
533    -6.111
534    -6.013
535    -5.666
536    -6.258
537    -5.851
538    -5.667
539    -6.0099998
540    -6.37
541    -7.424
542    -5.991
543    -6.328
544    -1.371
545    -4.183
546    -4.231
547    -3.945
548    -4.226
549    -4.844
550    -4.252
551    -3.9759998
552    -3.472
553    -4.734
554    -5.604
555    -6.856
556    -6.208
557    -6.176
558    -6.033
559    -6.1289997
560    -6.2539997
561    -6.061
562    -6.219
563    -7.021
564    -9.542
565    -6.812
566    -6.209
567    -4.851
568    -5.605
569    -6.271
570    -6.192
571    -6.178
572    -6.108
573    -6.069
574    -6.297
575    -6.192
576    -5.834
577    22.306002
578    -6.19
579    -6.871
580    -6.163
581    -6.384
582    -6.1349998
583    -6.108
584    -6.258
585    -6.1
586    48.353
587    -5.896
588    -6.045
589    -5.652
590    -4.248
591    -4.1619997
592    -4.257
593    -4.291
594    -4.245
595    -5.958
596    -6.095
597    -132.62
598    -6.179
599    -5.8129997
600    -6.171
601    -5.913
602    -6.093
603    -6.749
604    -5.851
605    -4.233
606    -3.836
607    -4.272
608    -6.713
609    -7.666
610    -6.146
611    -5.782
612    -5.798
613    -8.239
614    -5.5439997
615    -3.539
616    -4.285
617    -150.066
618    -3.8379998
619    -3.892
620    -9.498
621    -6.168
622    -5.739
623    -5.907
624    -7.538
625    -5.847
626    -10.605
627    -5.848
628    -6.053
629    -8.881
630    -5.548
631    -153.43
632    -7.549
633    -5.783
634    -11.844
635    -5.927
636    -142.692
637    -5.448
638    -6.208
639    -5.864
640    -7.549
641    -6.098
642    -5.71
643    -6.0629997
644    -5.801
645    -6.069
646    -5.954
647    -5.834
648    -6.256
649    -5.817
650    -12.605
651    -5.9969997
652    -5.9189997
653    -7.565
654    -14.455
655    -5.8529997
656    -8.212
657    -5.961
658    -12.533
659    -6.121
660    -6.139
661    -146.66699
662    -6.055
663    -5.729
664    -5.831
665    -6.694
666    -7.153
667    -6.9309998
668    -7.717
669    -0.73899984
670    -7.05
671    -7.052
672    -147.691
673    -6.784
674    -7.375
675    -140.732
676    -6.68
677    -9.632
678    -6.918
679    -6.953
680    -7.06
681    -18.314
682    -10.687
683    -6.922
684    -8.712
685    -6.756
686    -6.929
687    -6.47
688    -10.753
689    -6.264
690    -6.9779997
691    -6.712
692    -6.862
693    -7.062
694    -7.138
695    -9.957
696    -7.106
697    -7.174
698    -7.08
699    -7.2539997
700    -6.7019997
701    -5.606
702    -138.996
703    -8.444
704    -9.351
705    -7.128
706    -7.051
707    -6.981
708    -6.79
709    -6.816
710    -6.797
711    -6.903
712    -6.817
713    -6.98
714    -7.259
715    -7.107
716    -7.226
717    -7.259
718    -6.785
719    -8.636
720    -7.385
721    -6.926
722    -7.047
723    -7.368
724    -7.302
725    -10.235
726    -6.0699997
727    -7.047
728    -7.501
729    -7.238
730    -6.623
731    -7.238
732    -6.64
733    -6.801
734    -7.225
735    -7.133
736    -7.245
737    -6.6289997
738    -7.22
739    -9.631
740    -7.249
741    -8.044
742    -7.299
743    -7.29
744    -7.226
745    -9.392
746    -9.265
747    -9.186
748    -10.925
749    -9.114
750    -9.263
751    -8.028
752    -8.963
753    -8.912
754    -9.262
755    -8.227
756    -9.3689995
757    -9.293
758    -9.231
759    -8.736
760    -8.895
761    -9.258
762    -8.6
763    -9.461
764    -9.032
765    -8.936
766    -9.008
767    -8.264
768    -8.861
769    -9.09
770    -8.863
771    -9.325
772    -9.386
773    -9.206
774    -9.191
775    -7.452
776    -6.8059998
777    -6.172
778    -6.89
779    -7.075
780    -12.044
781    -6.844
782    -6.75
783    -7.277
784    -7.17
785    -8.929
786    -8.898
787    -9.157
788    -8.933
789    -13.901
790    -9.113
791    -9.041
792    -9.027
793    -8.523
794    -8.79
795    -8.723
796    -9.052
797    -8.848
798    -9.075
799    -9.155
800    -9.155
801    -9.274
802    -9.347
803    -9.04
804    -9.439
805    -8.058
806    -8.784
807    -8.872
808    -9.07
809    -9.7369995
810    -8.889
811    -9.236
812    -8.9
813    -8.934
814    -9.043
815    -20.472
816    -20.317
817    -20.466
818    -20.447
819    -20.516
820    -20.805
821    -8.963
822    -20.572
823    -8.965
824    -8.911
825    -20.536
826    -9.253
827    -20.493
828    -20.699
829    -20.301
830    -20.665
831    -12.203
832    -9.064
833    -9.352
834    -8.901
835    -20.669
836    -7.3719997
837    -20.636
838    -4.8079996
839    -8.515
840    -9.152
841    -8.873
842    -9.063
843    -20.543
844    -9.288
845    -20.559
846    -20.498
847    -20.69
848    -8.785
849    -9.094
850    -9.258
851    -8.991
852    -8.97
853    -8.905
854    -9.194
855    -12.126
856    -9.238
857    -9.057
858    -8.977
859    -20.629
860    -9.09
861    -9.291
862    -20.661
863    -7.693
864    -8.936
865    -20.455
866    -20.335
867    -8.314
868    -8.933
869    -8.851
870    -9.157
871    -9.147
872    -8.914
873    -12.067
874    -9.152
875    -20.372
876    -9.21
877    -11.335
878    -20.509
879    -9.25
880    -20.387
881    -9.231
882    -10.852
883    -20.678
884    -8.964
885    -20.557
886    -7.24
887    -9.163
888    -20.753
889    -9.316
890    -9.058
891    -20.548
892    -8.873
893    -9.359
894    -20.534
895    -9.056
896    -9.016
897    -8.979
898    -20.395
899    -20.395
900    -20.529
901    -20.516
902    -11.695
903    -8.957
904    -9.277
905    -9.077
906    -20.45
907    -8.464
908    -8.748
909    -20.546
910    -9.063
911    -6.007
912    -6.292
913    -6.7869997
914    -6.536
915    -17.792
916    -5.89
917    -5.958
918    -6.308
919    -6.314
920    -6.136
921    -12.961
922    -4.475
923    3.844
924    -12.789
925    -12.9
926    -7.107
927    -7.059
928    -7.13
929    -6.957
930    -18.509
931    -18.621
932    -7.23
933    -18.684
934    -6.915
935    -6.801
936    -7.198
937    -6.442
938    -18.57
939    -6.874
940    -6.566
941    -6.924
942    -7.163
943    -7.316
944    -7.1
945    -7.204
946    -7.308
947    -6.833
948    -7.099
949    -7.146
950    -6.8059998
951    -6.967
952    -7.348
953    -7.275
954    -7.408
955    -7.177
956    -7.408
957    -6.359
958    -6.9
959    -7.161
960    -6.965
961    -6.646
962    -6.752
963    -7.141
964    -7.33
965    -6.875
966    -6.7139997
967    -6.816
968    -7.419
969    -7.249
970    -6.9309998
971    -7.079
972    -7.189
973    -1.2279999
974    -1.418
975    -1.3399999
976    -1.4519999
977    -1.1129999
978    -1.283
979    -1.063
980    -2.1
981    -1.605
982    -0.22999996
983    -1.4159999
984    -1.1099999
985    -1.168
986    -1.03
987    -1.346
988    -1.299
989    -1.285
990    -1.2349999
991    -1.272
992    -0.89699996
993    -9.465
994    -9.407
995    -7.1949997
996    -6.248
997    -7.047
998    -6.958
999    -6.822
1000    -6.908
1001    -6.9119997
1002    -6.823
1003    -6.771
1004    -7.1809998
1005    -8.106
1006    -7.354
1007    -6.911
1008    -7.4639997
1009    -6.961
1010    -7.091
1011    -6.565
1012    -7.023
1013    -7.078
1014    -6.998
1015    -7.324
1016    -7.32
1017    -7.27
1018    -6.677
1019    -7.319
1020    -7.291
1021    -7.391
1022    -7.13
1023    -7.11
1024    -7.377
1025    -6.901
1026    -7.24
1027    -7.488
1028    -7.338
1029    -7.13
1030    -7.237
1031    -7.413
1032    -10.124
1033    -18.539
1034    -1.099
1035    -1.5139999
1036    -0.78499997
1037    -1.1209999
1038    -1.0139999
1039    -1.5929999
1040    -0.81299996
1041    -0.81299996
1042    -1.5189999
1043    -12.504
1044    -1.2479999
1045    -12.929
1046    -1.582
1047    -1.272
1048    -12.434999
1049    -1.208
1050    -0.806
1051    -1.451
1052    -1.568
1053    -1.035
1054    -0.48899996
1055    -0.903
1056    -1.441
1057    -1.433
1058    -12.739
1059    -1.227
1060    -1.2779999
1061    -1.5569999
1062    -1.4860001
1063    -1.193
1064    -12.625
1065    -7.248
1066    -7.026
1067    -6.783
1068    -7.375
1069    -7.121
1070    -7.442
1071    -6.345
1072    -7.369
1073    -6.989
1074    -7.333
1075    -18.64
1076    -7.338
1077    -18.679
1078    -7.075
1079    -13.12
1080    -13.156
1081    -12.977
1082    -12.531
1083    -13.142
1084    -24.24
1085    -13.108
1086    -12.93
1087    -12.661
1088    -24.422
1089    -24.561
1090    -13.182
1091    -13.059999
1092    -12.749
1093    -13.209
1094    -18.483
1095    -6.495
1096    -18.652
1097    -6.897
1098    -7.106
1099    -7.027
1100    -7.255
1101    -18.658
1102    -18.545
1103    -6.267
1104    -18.788
1105    -18.498
1106    -7.382
1107    -7.156
1108    -18.521
1109    -7.275
1110    -7.141
1111    -7.035
1112    -18.799
1113    -7.614
1114    -18.902
1115    -6.859
1116    -7.136
1117    -7.067
1118    -6.98
1119    -6.832
1120    -7.3129997
1121    -18.861
1122    -6.943
1123    -18.65
1124    -18.537
1125    -6.932
1126    -7.268
1127    -6.986
1128    -18.696
1129    -7.136
1130    -7.46
1131    -18.608
1132    -6.588
1133    -7.368
1134    -7.012
1135    -9.274
1136    -18.758
1137    -6.1809998
1138    -7.401
1139    -11.025
1140    -18.991
1141    -7.478
1142    -18.197
1143    -18.477
1144    -17.532
1145    -18.469
1146    -6.265
1147    -7.394
1148    -6.1349998
1149    -6.995
1150    -7.505
1151    -6.755
1152    -7.213
1153    -18.915
1154    -7.085
1155    -7.136
1156    -6.942
1157    -7.384
1158    -7.159
1159    -7.164
1160    -7.175
1161    -7.153
1162    -5.441
1163    -6.887
1164    -7.144
1165    -7.269
1166    -7.028
1167    -7.289
1168    -6.408
1169    -6.365
1170    -6.832
1171    -7.266
1172    -7.06
1173    -6.639
1174    -7.14
1175    -6.9049997
1176    -6.96
1177    -6.345
1178    -10.45
1179    -10.037
1180    -8.959
1181    -8.993
1182    -9.919
1183    -9.916
1184    -14.921
1185    -13.694
1186    -9.167
1187    -8.863
1188    -9.343
1189    -10.031
1190    -9.77
1191    -10.632999
1192    -10.807
1193    -9.738
1194    -11.681
1195    -8.919
1196    -6.085
1197    -9.583
1198    -9.397
1199    -9.397
1200    -9.078
1201    -10.064
1202    -9.98
1203    -9.783
1204    -10.033
1205    -9.203
1206    -10.448999
1207    -7.829
1208    -7.987
1209    -8.114
1210    -8.081
1211    -25.188
1212    -10.836
1213    -15.086
1214    -25.417
1215    -24.578
1216    -22.246
1217    -21.315
1218    -23.407999
1219    -9.934
1220    -21.287
1221    -23.169
1222    -9.15
1223    -22.071
1224    -21.166
1225    -22.282999
1226    -22.293
1227    -25.524
1228    -22.131
1229    -10.879
1230    -24.57
1231    -22.315
1232    -23.182
1233    -21.817
1234    -22.191
1235    -21.619999
1236    -22.379
1237    -25.175
1238    -23.189
1239    -9.345
1240    -22.012
1241    -22.184
1242    -22.359
1243    -22.230999
1244    -22.364
1245    -9.636
1246    -21.252
1247    -21.01
1248    -22.174
1249    -17.777
1250    -22.202
1251    -22.315
1252    -23.3
1253    -21.956
1254    -24.048
1255    -21.79
1256    -22.232
1257    -22.275
1258    -19.404
1259    -19.549
1260    -19.307
1261    -9.108
1262    -18.08
1263    -7.789
1264    -20.244
1265    -18.433
1266    -8.394
1267    -19.28
1268    -7.9709997
1269    -18.133
1270    -18.902
1271    -23.51
1272    -19.273
1273    -9.212
1274    -8.856
1275    -19.225
1276    -20.412
1277    -19.16
1278    -20.293
1279    -18.818
1280    -161.728
1281    -17.909
1282    -8.848
1283    -18.92
1284    -19.425
1285    -8.9869995
1286    -9.035
1287    -9.202
1288    -9.831
1289    -7.49
1290    -11.312
1291    -6.796
1292    -7.543
1293    -6.5109997
1294    -6.323
1295    -4.916
1296    -4.916
1297    -10.08
1298    -7.315
1299    -7.5629997
1300    -7.7089996
1301    -7.241
1302    -19.594
1303    -7.499
1304    -6.323
1305    -19.186
1306    -6.691
1307    -7.363
1308    -6.9069996
1309    -7.185
1310    -7.318
1311    -7.476
1312    -7.2209997
1313    -7.196
1314    -6.986
1315    -7.396
1316    -19.414
1317    -7.508
1318    -19.268
1319    -20.101
1320    -19.046
1321    -19.161
1322    -7.097
1323    -7.489
1324    -7.376
1325    -7.119
1326    -20.771
1327    -20.664
1328    -20.696
1329    -27.55
1330    -20.25
1331    -20.694
1332    -27.416
1333    -27.708
1334    -4.753
1335    -20.098
1336    -21.061
1337    -20.01
1338    -20.666
1339    -20.798
1340    -20.498
1341    -20.85
1342    -20.43
1343    -19.473
1344    -28.604
1345    -28.814
1346    -29.298
1347    -45.117
1348    -28.800999
1349    -7.143
1350    -7.143
1351    -6.833
1352    -5.0249996
1353    -6.7939997
1354    -6.705
1355    0.82500005
1356    -5.3879995
1357    -6.109
1358    -6.753
1359    -6.276
1360    -6.441
1361    -6.8269997
1362    -26.994999
1363    -26.191
1364    -27.412
1365    -26.972
1366    -27.125
1367    -27.274
1368    -26.977
1369    -27.462
1370    -27.439
1371    -26.885
1372    -26.182
1373    -27.296
1374    -26.393
1375    -27.006
1376    -27.521
1377    -27.542
1378    -26.945
1379    -27.264
1380    -26.893
1381    -26.333
1382    -26.758
1383    -30.656
1384    -26.631
1385    -26.902
1386    -26.611
1387    -27.958
1388    -27.117
1389    -25.244
1390    -27.569
1391    -27.056
1392    -26.124
1393    -27.176
1394    -30.23
1395    -27.123
1396    -27.157999
1397    -27.545
1398    -28.193
1399    -27.375
1400    -25.135
1401    -27.05
1402    -27.569
1403    -27.936
1404    -27.411
1405    -28.217
1406    -26.895
1407    -27.483
1408    -27.164
1409    -27.305
1410    -28.135
1411    -26.997
1412    -25.871
1413    -28.083
1414    -26.965
1415    -27.347
1416    -27.203
1417    -27.225
1418    -27.144
1419    -27.688
1420    -27.703
1421    -26.93
1422    -27.5
1423    -27.126999
1424    -6.801
1425    -27.039
1426    -28.316
1427    -27.388
1428    -27.594
1429    -26.594
1430    -26.798
1431    -27.696
1432    -6.222
1433    -6.6689997
1434    -6.642
1435    -4.811
1436    -6.631
1437    -6.332
1438    -5.987
1439    -6.159
1440    -5.988
1441    -6.416
1442    -5.282
1443    -6.387
1444    -25.695
1445    -5.705
1446    -26.295
1447    -169.714
1448    -6.034
1449    -6.679
1450    -6.432
1451    -6.461
1452    -6.724
1453    -6.5
1454    -6.371
1455    -5.763
1456    -5.615
1457    -10.196
1458    -5.818
1459    -6.644
1460    -6.024
1461    -5.6949997
1462    -6.796
1463    -7.263
1464    -6.277
1465    -9.326
1466    -6.308
1467    -11.736
1468    -6.656
1469    -6.573
1470    -6.433
1471    -6.216
1472    -8.228
1473    -8.6189995
1474    -6.8599997
1475    -6.1169996
1476    -7.772
1477    -7.516
1478    -6.796
1479    -5.31
1480    -5.749
1481    -6.326
1482    -5.639
1483    -8.004
1484    -5.489
1485    -6.793
1486    -6.641
1487    -5.6219997
1488    -6.215
1489    -12.275
1490    -6.489
1491    -5.901
1492    -6.003
1493    -6.2349997
1494    -5.0179996
1495    -6.2139997
1496    -5.75
1497    -5.134
1498    -6.232
1499    -6.363
1500    -6.523
1501    -6.3669996
1502    -6.646
1503    -6.314
1504    -9.500999
1505    -6.475
1506    -6.079
1507    -4.718
1508    -6.361
1509    -6.182
1510    -6.7139997
1511    -7.954
1512    -7.738
1513    -10.908
1514    -6.259
1515    -5.332
1516    -4.882
1517    -6.555
1518    -6.54
1519    -5.9779997
1520    -6.687
1521    -6.802
1522    -6.612
1523    -5.986
1524    -6.67
1525    -6.5369997
1526    -5.495
1527    -27.487
1528    -6.307
1529    -26.050999
1530    -6.053
1531    -1.2279999
1532    -5.6019998
1533    -7.729
1534    -25.917
1535    -5.5559998
1536    -6.305
1537    -7.421
1538    -5.811
1539    -5.25
1540    -24.343
1541    -6.517
1542    -5.862
1543    -6.568
1544    -6.416
1545    -5.792
1546    -6.766
1547    -6.58
1548    -6.713
1549    -6.049
1550    -7.448
1551    -23.547
1552    -19.567
1553    -5.8409996
1554    -19.816
1555    -6.8599997
1556    -6.723
1557    -6.781
1558    -8.228
1559    -7.462
1560    -26.72
1561    -6.183
1562    -5.536
1563    -6.0429997
1564    -6.0039997
1565    -6.781
1566    -6.6099997
1567    -6.675
1568    -26.112999
1569    -4.767
1570    -6.684
1571    -25.689999
1572    -23.992
1573    -25.285
1574    -6.208
1575    -26.174
1576    -5.757
1577    -0.19399995
1578    -5.4309998
1579    -6.965
1580    -6.0369997
1581    -26.211
1582    -25.616
1583    -24.463
1584    -6.16
1585    -9.725
1586    -25.962
1587    -6.607
1588    -6.502
1589    -6.145
1590    -6.208
1591    -6.536
1592    -6.8719997
1593    -5.8269997
1594    -7.8149996
1595    -6.336
1596    -6.177
1597    -6.474
1598    -5.942
1599    -6.422
1600    -4.8219995
1601    -5.382
1602    -24.992
1603    -6.4
1604    -6.505
1605    -4.995
1606    -7.333
1607    -6.285
1608    -6.003
1609    -6.132
1610    -6.635
1611    -6.635
1612    -6.47
1613    -9.235
1614    -182.09799
1615    -6.64
1616    -6.399
1617    -5.8079996
1618    -6.663
1619    -6.506
1620    -6.54
1621    -6.546
1622    -5.7860003
1623    -6.505
1624    -6.881
1625    -6.742
1626    -6.623
1627    -6.608
1628    -6.595
1629    -6.149
1630    -6.89
1631    -3.8909998
1632    -6.458
1633    -6.4969997
1634    -6.417
1635    -6.593
1636    -6.632
1637    -6.0769997
1638    -6.391
1639    -6.114
1640    -5.174
1641    -7.02
1642    -6.357
1643    -6.627
1644    -6.13
1645    -5.6029997
1646    -4.1029997
1647    -6.093
1648    -6.093
1649    -6.825
1650    -5.569
1651    -26.196
1652    -5.274
1653    -6.095
1654    -6.213
1655    -6.238
1656    -6.535
1657    -6.406
1658    -5.753
1659    -25.119
1660    -6.918
1661    -6.286
1662    -7.612
1663    -6.413
1664    -26.159
1665    -6.512
1666    -6.399
1667    -6.399
1668    -6.357
1669    -6.262
1670    -26.996
1671    -6.6619997
1672    -6.597
1673    -6.18
1674    -6.87
1675    -26.771
1676    -6.281
1677    -6.582
1678    -6.617
1679    -6.083
1680    -6.45
1681    -27.084
1682    -6.724
1683    -6.455
1684    -25.673
1685    -6.1169996
1686    -5.153
1687    -6.512
1688    -6.328
1689    -6.571
1690    -5.7939997
1691    -6.64
1692    -5.7869997
1693    -6.637
1694    -1.4579997
1695    -6.357
1696    -8.73
1697    -25.52
1698    -6.192
1699    -6.593
1700    -6.475
1701    -6.69
1702    -5.8529997
1703    -6.705
1704    -6.482
1705    -6.198
1706    -6.723
1707    -6.6099997
1708    -6.816
1709    -6.2009997
1710    -6.032
1711    -25.013
1712    -5.606
1713    -6.7279997
1714    -7.134
1715    -5.545
1716    -5.682
1717    -6.509
1718    -6.382
1719    -6.658
1720    -25.328
1721    -5.422
1722    -6.777
1723    -6.014
1724    -25.603
1725    -6.843
1726    -6.6899996
1727    -6.696
1728    -5.579
1729    -6.4309998
1730    -6.694
1731    -6.284
1732    -5.358
1733    -25.701
1734    -6.908
1735    -6.038
1736    -6.4449997
1737    -6.371
1738    -5.8389997
1739    -6.9589996
1740    -25.911
1741    -5.331
1742    -6.727
1743    -7.8059998
1744    -6.91
1745    -6.1349998
1746    -6.7869997
1747    -6.863
1748    -27.075
1749    -7.38
1750    -9.201
1751    -6.911
1752    -6.6289997
1753    -6.496
1754    -6.0439997
1755    -5.8669996
1756    -6.838
1757    -6.154
1758    -5.6429996
1759    -6.444
1760    -0.6489999
1761    -4.727
1762    -6.757
1763    -7.584
1764    -7.601
1765    -7.355
1766    -7.193
1767    -5.5559998
1768    -6.659
1769    -6.76
1770    -11.066999
1771    -6.082
1772    -6.9979997
1773    -26.073
1774    -7.748
1775    -7.1879997
1776    -6.059
1777    -6.553
1778    -6.605
1779    -6.9440002
1780    -25.962
1781    -6.792
1782    -5.88
1783    -6.447
1784    -6.925
1785    -7.6759996
1786    -7.6759996
1787    -26.029
1788    -6.759
1789    -5.805
1790    -6.797
1791    -6.2599998
1792    -5.932
1793    -7.575
1794    -7.3599997
1795    -7.219
1796    -7.535
1797    -5.69
1798    -7.448
1799    -7.1619997
1800    -9.517
1801    -7.696
1802    -6.792
1803    -6.925
1804    -6.677
1805    -6.6099997
1806    -6.875
1807    -6.881
1808    -6.667
1809    -6.85
1810    -6.781
1811    -7.608
1812    -6.628
1813    -6.749
1814    -6.687
1815    -6.59
1816    -8.752
1817    -6.392
1818    -6.772
1819    -6.834
1820    -11.059999
1821    -6.73
1822    -6.9189997
1823    -6.408
1824    -6.79
1825    -6.6429996
1826    -0.9109999
1827    -6.716
1828    -10.521
1829    -11.99
1830    30.575
1831    -6.473
1832    -6.789
1833    -25.866
1834    -6.837
1835    -5.9379997
1836    -5.854
1837    -6.776
1838    -7.539
1839    -6.805
1840    -3.7329998
1841    -3.815
1842    -4.006
1843    -6.963
1844    -3.054
1845    -2.42
1846    30.662003
1847    -3.815
1848    -3.964
1849    -3.899
1850    -4.95
1851    -4.547
1852    -3.916
1853    -7.63
1854    -4.043
1855    -3.3849998
1856    -4.661
1857    -22.647999
1858    -3.807
1859    -3.2069998
1860    -3.21
1861    -3.8569999
1862    -3.6009998
1863    -3.383
1864    -3.966
1865    -3.604
1866    -23.139
1867    -3.303
1868    -3.796
1869    -4.653
1870    -3.6869998
1871    -3.445
1872    -3.642
1873    -4.27
1874    -3.905
1875    -2.8939998
1876    -3.668
1877    -3.379
1878    2.501
1879    -3.5559998
1880    -3.873
1881    -3.9689999
1882    -3.7779999
1883    -3.151
1884    -7.533
1885    -3.11
1886    -3.552
1887    -3.2009997
1888    -3.737
1889    -2.988
1890    -3.027
1891    -3.046
1892    -3.889
1893    -3.712
1894    -1.9159999
1895    -3.626
1896    -3.448
1897    -3.6339998
1898    -3.3969998
1899    -4.325
1900    -3.83
1901    -3.446
1902    -3.6799998
1903    -3.244
1904    -3.616
1905    -3.839
1906    -2.556
1907    -4.055
1908    -3.94
1909    -3.1759999
1910    -4.046
1911    -3.633
1912    -3.848
1913    -3.668
1914    -3.4429998
1915    -3.6079998
1916    -3.4029999
1917    -3.605
1918    -3.465
1919    -3.452
1920    -3.447
1921    -3.349
1922    -3.5819998
1923    -3.945
1924    -3.918
1925    -4.147
1926    -3.624
1927    -3.862
1928    -3.8379998
1929    -3.143
1930    -3.743
1931    -3.3639998
1932    -3.329
1933    -3.5559998
1934    -3.37
1935    -3.612
1936    -3.757
1937    -3.6529999
1938    -3.592
1939    -3.712
1940    -2.4759998
1941    -3.642
1942    -3.249
1943    -3.3209999
1944    1.4990001
1945    -3.788
1946    -3.583
1947    -3.908
1948    -3.231
1949    -3.6
1950    -3.2329998
1951    -3.85
1952    -3.836
1953    -1.4329998
1954    -0.8539996
1955    -3.875
1956    -3.3769999
1957    -3.407
1958    -2.541
1959    -3.1019998
1960    -3.132
1961    -3.78
1962    -3.6869998
1963    -3.625
1964    -3.3109999
1965    -3.256
1966    -2.7289999
1967    -3.4889998
1968    -3.8049998
1969    -3.485
1970    -3.3899999
1971    -3.553
1972    -2.8909998
1973    -3.961
1974    -3.9299998
1975    -3.8119998
1976    -3.834
1977    1.7530001
1978    -3.6859999
1979    -3.5559998
1980    -3.6019998
1981    -3.718
1982    -0.73399997
1983    -3.7389998
1984    1.363
1985    -3.356
1986    -3.611
1987    -3.326
1988    -3.4439998
1989    -2.869
1990    -3.3979998
1991    -3.688
1992    -3.524
1993    -2.951
1994    -3.2789998
1995    -3.467
1996    -3.688
1997    -3.487
1998    -3.3049998
1999    -3.166
2000    -3.87
2001    -3.678
2002    -3.5219998
2003    -2.725
2004    -3.408
2005    -3.7059999
2006    -3.946
2007    -0.913
2008    -2.715
2009    -9.021
2010    -3.1739998
2011    -3.546
2012    0.17700005
2013    -2.8899999
2014    -3.7719998
2015    -3.606
2016    -4.015
2017    -3.609
2018    -2.991
2019    -3.0939999
2020    -3.731
2021    -4.007
2022    -3.6609998
2023    -4.078
2024    -6.373
2025    -3.3319998
2026    -6.555
2027    -3.6269999
2028    -3.868
2029    -3.434
2030    -3.723
2031    -3.888
2032    -3.382
2033    -5.955
2034    -3.885
2035    6.0290003
2036    -3.975
2037    -3.0049999
2038    13.120001
2039    -3.346
2040    -0.4829998
2041    -3.783
2042    -3.6729999
2043    0.79800004
2044    -1.7139997
2045    -3.0619998
2046    -3.4589999
2047    -6.62
2048    -3.059
2049    -4.001
2050    -3.52
2051    -1.7459998
2052    2.9010005
2053    -3.6599998
2054    1.2780001
2055    -3.5689998
2056    -2.882
2057    -3.4889998
2058    -3.126
2059    -6.663
2060    -6.605
2061    -6.223
2062    -6.749
2063    -6.488
2064    -2.409
2065    -10.04
2066    -8.183
2067    -10.206
2068    -10.357
2069    -10.544
2070    -10.44
2071    0.90500003
2072    -10.087
2073    -10.457
2074    1.2520001
2075    1.1910001
2076    1.2490001
2077    -10.158
2078    -10.578
2079    -10.541
2080    -9.707
2081    -9.903
2082    -10.566999
2083    -8.809
2084    -10.198999
2085    -10.705
2086    -10.2439995
2087    -10.495
2088    -10.576
2089    1.1550001
2090    -10.573
2091    -10.146
2092    -10.507
2093    -10.469
2094    3.033
2095    -12.316999
2096    -12.3289995
2097    9.228
2098    -9.759
2099    -10.182
2100    -10.402
2101    -12.434999
2102    -11.68
2103    -10.311
2104    -3.498
2105    -3.5479999
2106    -3.7919998
2107    -3.82
2108    -3.382
2109    -3.066
2110    -4.756
2111    4.302
2112    -5.078
2113    -3.774
2114    -3.5609999
2115    -3.8189998
2116    -3.6019998
2117    -5.633
2118    -3.458
2119    -5.772
2120    -3.973
2121    1.3340001
2122    -4.546
2123    -3.218
2124    -1.0209999
2125    -3.606
2126    -3.757
2127    -3.958
2128    -3.692
2129    0.97900003
2130    -2.9759998
2131    -3.8930001
2132    -3.6079998
2133    -3.592
2134    4.593
2135    8.116
2136    -3.921
2137    0.98200005
2138    -4.826
2139    -3.7329998
2140    -3.447
2141    -6.75
2142    -3.764
2143    -3.2059999
2144    -131.444
2145    -3.7199998
2146    -0.9569999
2147    -2.8249998
2148    1.276
2149    -3.745
2150    -5.4049997
2151    -4.017
2152    -3.722
2153    -4.061
2154    -3.7459998
2155    -3.671
2156    -3.774
2157    -6.899
2158    -3.902
2159    -3.854
2160    -3.946
2161    -5.966
2162    -4.125
2163    -3.657
2164    -2.721
2165    -3.724
2166    -3.7389998
2167    -2.0029998
2168    -3.7389998
2169    -4.027
2170    0.88600004
2171    1.1450001
2172    -3.75
2173    -6.977
2174    -3.6799998
2175    -3.2549999
2176    -3.703
2177    -3.768
2178    -3.559
2179    -3.4369998
2180    -3.359
2181    -2.816
2182    -3.9429998
2183    -3.672
2184    -3.895
2185    9.558001
2186    -3.8379998
2187    -2.573
2188    -3.931
2189    -3.879
2190    -3.669
2191    -3.78
2192    -3.57
2193    -3.951
2194    -4.033
2195    -4.046
2196    -3.882
2197    -2.748
2198    -3.2389998
2199    -3.465
2200    -3.9239998
2201    -1.0059998
2202    -3.5679998
2203    -3.8109999
2204    -2.8869998
2205    -3.744
2206    -3.948
2207    -3.671
2208    -4.05
2209    -3.849
2210    0.90300006
2211    -1.7129999
2212    1.0830001
2213    -3.8319998
2214    -4.0559998
2215    -3.771
2216    1.261
2217    1.1170001
2218    -4.532
2219    -3.9559999
2220    -3.593
2221    -3.58
2222    1.2930001
2223    -3.625
2224    -3.797
2225    0.84700006
2226    -3.545
2227    -3.685
2228    -3.965
2229    1.751
2230    -4.016
2231    1.054
2232    -3.9559999
2233    -4.012
2234    -3.465
2235    -3.801
2236    1.465
2237    1.702
2238    1.3590001
2239    0.837
2240    11.559
2241    0.87900007
2242    2.492
2243    0.2600001
2244    1.2060001
2245    1.605
2246    1.5660001
2247    -0.102999985
2248    -4.106
2249    -3.284
2250    -3.993
2251    -3.777
2252    -3.9359999
2253    -3.55
2254    -3.098
2255    -3.741
2256    -3.953
2257    -1.239
2258    -1.0449998
2259    -3.8319998
2260    -3.776
2261    -3.705
2262    -3.565
2263    -3.796
2264    -3.277
2265    -3.388
2266    -3.9819999
2267    -3.451
2268    -3.6739998
2269    -3.848
2270    -3.664
2271    -3.373
2272    2.2740002
2273    1.044
2274    -0.811
2275    -3.626
2276    -3.712
2277    -3.826
2278    -3.7919998
2279    -3.722
2280    -4.817
2281    -3.973
2282    -3.821
2283    1.1750001
2284    -3.491
2285    -5.94
2286    -3.169
2287    -3.82
2288    -3.5029998
2289    9.589001
2290    -2.6209998
2291    -2.2269998
2292    -3.475
2293    -3.573
2294    -3.931
2295    -3.241
2296    -3.979
2297    -1.8429999
2298    -3.888
2299    -3.369
2300    -3.751
2301    -3.768
2302    -4.067
2303    -3.9559999
2304    -3.5679998
2305    -3.7919998
2306    -1.8039999
2307    -1.2209997
2308    -5.251
2309    -3.57
2310    -3.827
2311    -3.3449998
2312    -3.606
2313    -3.229
2314    -3.52
2315    -3.6999998
2316    -3.644
2317    -3.65
2318    -3.688
2319    -3.506
2320    2.206
2321    1.3560001
2322    1.1780001
2323    1.248
2324    1.1800001
2325    1.2270001
2326    1.641
2327    1.1290001
2328    1.3570001
2329    1.143
2330    1.0450001
2331    1.192
2332    -3.5419998
2333    -3.2389998
2334    -3.973
2335    -3.333
2336    -3.88
2337    -3.5619998
2338    -3.6149998
2339    -1.591
2340    -3.5229998
2341    -6.832
2342    -3.5089998
2343    -3.5809999
2344    -3.671
2345    -3.546
2346    -3.644
2347    1.1290001
2348    0.97200006
2349    1.713
2350    1.0320001
2351    1.074
2352    1.3790001
2353    1.095
2354    0.846
2355    0.91700006
2356    1.644
2357    1.534
2358    1.0530001
2359    1.167
2360    1.404
2361    1.9990001
2362    1.1140001
2363    1.315
2364    1.062
2365    1.143
2366    1.9920001
2367    -2.104
2368    -3.642
2369    -4.013
2370    -3.671
2371    -5.506
2372    -3.643
2373    -3.804
2374    1.4310001
2375    1.338
2376    1.5500001
2377    1.3620001
2378    -0.251
2379    -0.82799995
2380    0.9110001
2381    1.493
2382    2.352
2383    1.0680001
2384    1.018
2385    0.94200003
2386    1.251
2387    1.0090001
2388    0.841
2389    5.6790004
2390    4.971
2391    1.5480001
2392    0.78800005
2393    3.8980002
2394    1.8500001
2395    1.033
2396    1.09
2397    1.345
2398    1.128
2399    0.96700007
2400    1.9280001
2401    6.092
2402    -1.4109999
2403    1.3280001
2404    -3.5879998
2405    2.389
2406    -3.787
2407    -3.7859998
2408    -3.289
2409    -4.046
2410    -3.9039998
2411    -4.447
2412    -6.991
2413    -3.4129999
2414    -3.942
2415    -3.3049998
2416    -3.868
2417    -3.744
2418    -3.3979998
2419    1.2210001
2420    1.3840001
2421    1.424
2422    1.2370001
2423    1.1340001
2424    1.613
2425    -3.8839998
2426    -3.842
2427    -3.2919998
2428    1.493
2429    0.92
2430    1.6980001
2431    1.215
2432    1.2370001
2433    0.989
2434    0.18300009
2435    1.097
2436    1.687
2437    1.2490001
2438    1.151
2439    1.478
2440    1.1
2441    1.3470001
2442    1.764
2443    1.332
2444    1.041
2445    0.8
2446    1.006
2447    1.018
2448    0.99100006
2449    0.86700004
2450    1.284
2451    1.19
2452    0.961
2453    0.934
2454    1.1500001
2455    1.299
2456    1.613
2457    1.212
2458    -3.821
2459    -3.905
2460    -3.5619998
2461    -3.86
2462    -3.9720001
2463    -3.881
2464    1.0680001
2465    1.312
2466    1.2060001
2467    1.044
2468    0.95000005
2469    1.23
2470    1.042
2471    2.157
2472    1.238
2473    1.7090001
2474    2.7580001
2475    1.228
2476    -3.883
2477    -3.8449998
2478    -3.9759998
2479    1.4840001
2480    0.758
2481    0.998
2482    -3.1069999
2483    -2.82
2484    -3.965
2485    1.2870001
2486    1.069
2487    1.264
2488    1.092
2489    1.695
2490    1.292
2491    1.463
2492    1.6650001
2493    1.4120001
2494    -5.271
2495    -3.6409998
2496    -3.8969998
2497    -2.78
2498    -3.6999998
2499    -3.145
2500    -3.852
2501    -3.044
2502    -3.507
2503    -3.133
2504    -3.2139997
2505    -3.395
2506    1.501
2507    1.276
2508    1.194
2509    1.049
2510    1.7730001
2511    1.3010001
2512    1.2870001
2513    1.366
2514    1.3000001
2515    0.934
2516    1.335
2517    1.7190001
2518    -3.3
2519    -3.791
2520    -2.4399998
2521    1.0400001
2522    1.269
2523    1.5040001
2524    1.6240001
2525    1.8950001
2526    1.218
2527    1.983
2528    1.019
2529    1.6480001
2530    1.4940001
2531    1.2040001
2532    1.4410001
2533    1.6170001
2534    1.102
2535    1.9000001
2536    1.6290001
2537    1.3010001
2538    0.83900005
2539    -3.5099998
2540    1.839
2541    -2.8439999
2542    2.107
2543    1.6630001
2544    1.575
2545    1.5780001
2546    1.033
2547    1.391
2548    1.264
2549    1.0860001
2550    1.9750001
2551    1.4350001
2552    1.154
2553    2.0
2554    1.1960001
2555    1.148
2556    1.6570001
2557    0.86600006
2558    0.9480001
2559    1.062
2560    1.088
2561    1.7550001
2562    0.96300006
2563    1.636
2564    0.78800005
2565    1.0940001
2566    1.5130001
2567    1.7670001
2568    -3.412
2569    -3.6019998
2570    -1.2659998
2571    2.558
2572    1.042
2573    1.228
2574    1.207
2575    1.0830001
2576    1.6830001
2577    2.367
2578    1.172
2579    1.7090001
2580    -2.3639998
2581    1.225
2582    -3.742
2583    -3.5549998
2584    -3.164
2585    -3.5019999
2586    -3.738
2587    -3.814
2588    -3.734
2589    -3.586
2590    -3.7189999
2591    -3.336
2592    -2.465
2593    -3.679
2594    -3.297
2595    -3.2879999
2596    -3.7849998
2597    0.99600005
2598    0.91600007
2599    1.2720001
2600    2.279
2601    1.161
2602    1.131
2603    5.638
2604    1.1110001
2605    1.335
2606    -3.7069998
2607    -3.563
2608    -3.527
2609    -10.231
2610    -10.345
2611    -10.29
2612    -10.386
2613    -10.746
2614    -10.341
2615    -9.292
2616    -10.463
2617    -11.389
2618    -10.49
2619    -10.545
2620    -10.68
2621    -10.837
2622    -10.101
2623    -10.485
2624    -10.022
2625    -10.705
2626    -9.094
2627    -10.209
2628    -10.013
2629    -10.429
2630    -10.18
2631    -10.65
2632    -10.195
2633    -2.689
2634    -9.613
2635    -9.739
2636    9.656
2637    1.552
2638    2.1590002
2639    -10.557
2640    -10.559
2641    1.312
2642    -10.345
2643    -10.499
2644    1.088
2645    -10.671
2646    -10.3029995
2647    1.6020001
2648    -9.554
2649    -7.835
2650    -9.131
2651    -8.986
2652    -10.147
2653    -10.396
2654    -10.403
2655    -10.3029995
2656    -10.65
2657    -10.149
2658    -8.761
2659    -10.41
2660    -10.0789995
2661    1.917
2662    -10.519
2663    -10.036
2664    -9.896
2665    -10.241
2666    -9.6119995
2667    -10.511
2668    -10.615
2669    -9.396
2670    1.264
2671    -10.444
2672    -10.342
2673    -9.205
2674    -10.488
2675    -10.024
2676    7.653
2677    -9.922
2678    1.7600001
2679    0.95300007
2680    2.0400002
2681    1.2540001
2682    1.5680001
2683    -0.092999935
2684    1.322
2685    1.325
2686    1.649
2687    1.2140001
2688    1.1010001
2689    2.1360002
2690    1.2
2691    0.874
2692    1.2470001
2693    1.2830001
2694    -1.043
2695    1.343
2696    1.2270001
2697    0.81500006
2698    1.886
2699    0.93200004
2700    1.534
2701    3.4220002
2702    1.143
2703    0.88500005
2704    -0.997
2705    1.149
2706    1.1320001
2707    1.7960001
2708    1.6560001
2709    1.1780001
2710    2.664
2711    1.187
2712    1.738
2713    1.353
2714    1.279
2715    1.3870001
2716    1.141
2717    1.8110001
2718    1.8140001
2719    1.4080001
2720    0.91300005
2721    1.559
2722    1.6680002
2723    3.0870001
2724    1.065
2725    0.93200004
2726    1.5120001
2727    1.2060001
2728    0.95000005
2729    1.9820001
2730    1.0760001
2731    1.3080001
2732    1.8510001
2733    12.297
2734    2.631
2735    1.5070001
2736    1.21
2737    -0.8319999
2738    1.345
2739    1.4410001
2740    1.082
2741    1.5870001
2742    1.2160001
2743    1.554
2744    0.92
2745    1.1860001
2746    1.0170001
2747    1.1700001
2748    1.258
2749    0.90300006
2750    0.89800006
2751    1.0830001
2752    1.2390001
2753    0.95300007
2754    1.189
2755    1.6450001
2756    0.99700004
2757    1.695
2758    1.5180001
2759    0.92100006
2760    1.302
2761    1.1120001
2762    1.5450001
2763    1.4660001
2764    0.95300007
2765    1.128
2766    1.2390001
2767    1.3360001
2768    -10.305
2769    -10.288
2770    -10.687
2771    -10.256
2772    -10.043
2773    -10.7
2774    1.0400001
2775    -0.98899996
2776    -1.2019999
2777    0.0
2778    1.5280001
2779    0.94900006
2780    0.97
2781    1.005
2782    1.419
2783    0.91800004
2784    0.832
2785    0.938
2786    1.2190001
2787    1.6070001
2788    1.197
2789    1.064
2790    0.42600012
2791    1.9280001
2792    1.646
2793    0.88600004
2794    0.81100005
2795    0.89400005
2796    1.205
2797    0.952
2798    1.3740001
2799    0.93000007
2800    1.0680001
2801    1.149
2802    2.9150002
2803    1.19
2804    1.4230001
2805    2.091
2806    1.7830001
2807    0.906
2808    1.1700001
2809    6.382
2810    1.3610001
2811    0.95500004
2812    -0.42099988
2813    1.5940001
2814    1.187
2815    0.767
2816    1.006
2817    0.94900006
2818    2.2740002
2819    1.5660001
2820    1.1680001
2821    0.9760001
2822    0.99200004
2823    1.8570001
2824    0.809
2825    1.6990001
2826    0.83500004
2827    1.4590001
2828    0.96300006
2829    2.97
2830    1.0990001
2831    0.943
2832    1.34
2833    0.95300007
2834    2.0900002
2835    1.12
2836    1.8880001
2837    1.5660001
2838    0.96800005
2839    2.082
2840    1.1370001
2841    1.0
2842    0.24400008
2843    0.89900005
2844    3.0110002
2845    2.1850002
2846    0.748
2847    0.78400004
2848    1.4690001
2849    1.3520001
2850    1.5320001
2851    1.7630001
2852    1.0500001
2853    1.4360001
2854    0.86700004
2855    1.1980001
2856    1.95
2857    1.4940001
2858    1.123
2859    1.2370001
2860    1.2520001
2861    1.131
2862    1.0320001
2863    0.855
2864    1.248
2865    21.539
2866    1.7670001
2867    1.439
2868    1.0600001
2869    1.049
2870    0.919
2871    1.213
2872    0.96700007
2873    0.768
2874    1.2670001
2875    0.998
2876    1.093
2877    0.864
2878    1.3110001
2879    1.243
2880    -2.806
2881    2.066
2882    1.0730001
2883    1.3720001
2884    1.172
2885    1.304
2886    0.97200006
2887    1.0480001
2888    -9.782
2889    -10.43
2890    -10.322
2891    -10.556
2892    -9.458
2893    -9.439
2894    -10.631
2895    -10.596
2896    -10.578
2897    -10.59
2898    -10.606
2899    -9.771
2900    -10.688
2901    -10.471
2902    -10.562
2903    -10.533
2904    -10.466
2905    -10.013
2906    -10.798
2907    -10.5789995
2908    -10.157
2909    -10.705
2910    -10.195
2911    -10.527
2912    -10.634
2913    -10.672
2914    -10.426
2915    -10.269
2916    -10.425
2917    -10.313
2918    -10.811
2919    -10.606
2920    -10.568
2921    -10.754
2922    -10.589
2923    -10.74
2924    -10.373
2925    -10.659
2926    -10.608
2927    -8.495
2928    -12.072
2929    -10.491
2930    0.95400006
2931    0.97400004
2932    1.174
2933    1.1680001
2934    2.256
2935    1.292
2936    1.0500001
2937    1.1140001
2938    1.5070001
2939    -10.483
2940    -10.305
2941    -10.648
2942    1.033
2943    1.904
2944    1.2670001
2945    1.1880001
2946    -2.99
2947    1.557
2948    1.3280001
2949    1.2490001
2950    1.5680001
2951    1.9650002
2952    0.97400004
2953    1.84
2954    1.292
2955    1.1730001
2956    1.2390001
2957    0.943
2958    1.274
2959    1.215
2960    1.536
2961    3.0010002
2962    0.99200004
2963    2.8070002
2964    1.042
2965    0.94900006
2966    1.1240001
2967    -141.938
2968    1.189
2969    1.381
2970    1.284
2971    1.4210001
2972    0.933
2973    1.552
2974    1.8770001
2975    1.7870001
2976    -1.058
2977    0.777
2978    1.075
2979    0.86300004
2980    0.006000042
2981    1.1700001
2982    3.4650002
2983    1.4030001
2984    1.1800001
2985    1.151
2986    0.823
2987    1.4120001
2988    0.878
2989    1.1350001
2990    1.9250001
2991    1.2490001
2992    1.534
2993    0.73700005
2994    1.0250001
2995    1.2390001
2996    1.105
2997    0.88000005
2998    2.1880002
2999    0.89400005
3000    -2.128
3001    1.667
3002    0.84700006
3003    0.96300006
3004    1.018
3005    1.1370001
3006    1.195
3007    0.96000004
3008    1.7570001
3009    1.0350001
3010    1.044
3011    0.95600003
3012    0.95100003
3013    0.994
3014    0.9710001
3015    1.501
3016    2.128
3017    0.77500004
3018    1.493
3019    1.0530001
3020    1.45
3021    0.91800004
3022    1.019
3023    1.0170001
3024    -3.215
3025    1.156
3026    1.0610001
3027    1.2490001
3028    0.92
3029    1.3000001
3030    1.0760001
3031    1.6190001
3032    1.2040001
3033    1.5940001
3034    1.0250001
3035    0.74300003
3036    0.734
3037    1.6700001
3038    1.2090001
3039    0.98300004
3040    1.1090001
3041    -10.796
3042    -10.281
3043    -10.13
3044    -10.496
3045    -10.529
3046    -10.073999
3047    -10.527
3048    -10.212
3049    -10.828
3050    0.85800004
3051    1.48
3052    1.0380001
3053    0.94100004
3054    1.4660001
3055    1.6450001
3056    1.1680001
3057    0.9250001
3058    1.003
3059    1.5580001
3060    1.7120001
3061    1.008
3062    1.3280001
3063    0.735
3064    0.88500005
3065    0.882
3066    1.5180001
3067    1.1120001
3068    1.6380001
3069    1.0020001
3070    1.036
3071    -2.041
3072    1.1700001
3073    1.2980001
3074    1.176
3075    1.6470001
3076    1.274
3077    1.235
3078    1.4350001
3079    1.138
3080    -9.905
3081    -10.709
3082    -10.649
3083    -9.646
3084    -9.908
3085    -10.922
3086    -10.429
3087    -10.52
3088    -10.841
3089    -10.219
3090    -10.527
3091    -10.221
3092    -10.479
3093    -10.813
3094    -9.84
3095    1.2880001
3096    1.1090001
3097    3.4740002
3098    0.83400005
3099    0.841
3100    1.6090001
3101    1.9760001
3102    0.87100005
3103    1.197
3104    1.309
3105    1.534
3106    8.922
3107    1.1520001
3108    1.213
3109    0.9760001
3110    -22.928
3111    0.9710001
3112    1.1420001
3113    1.493
3114    1.126
3115    0.906
3116    0.91200006
3117    1.1190001
3118    1.922
3119    0.10900009
3120    1.1120001
3121    1.6320001
3122    -2.1669998
3123    -1.9139999
3124    0.97400004
3125    2.126
3126    1.514
3127    1.0020001
3128    0.88900006
3129    -2.097
3130    0.84800005
3131    1.2210001
3132    1.8500001
3133    0.83000004
3134    1.478
3135    -3.126
3136    1.6830001
3137    1.307
3138    1.164
3139    1.5430001
3140    1.7320001
3141    1.0830001
3142    -2.041
3143    3.067
3144    1.0430001
3145    1.281
3146    0.89000005
3147    1.1550001
3148    0.95100003
3149    1.4720001
3150    -1.8089999
3151    1.1120001
3152    1.9800001
3153    1.641
3154    2.154
3155    1.248
3156    0.82000005
3157    0.90900004
3158    1.046
3159    1.8320001
3160    2.128
3161    1.309
3162    1.1580001
3163    1.184
3164    1.189
3165    1.121
3166    1.514
3167    1.148
3168    1.149
3169    1.705
3170    0.79200006
3171    -1.9499999
3172    1.1270001
3173    3.8650002
3174    0.869
3175    -3.2
3176    1.1220001
3177    1.1120001
3178    7.395
3179    1.789
3180    1.248
3181    0.90800005
3182    1.187
3183    0.78700006
3184    1.1420001
3185    1.121
3186    1.0350001
3187    0.91800004
3188    1.9200001
3189    0.90200007
3190    0.39400005
3191    1.014
3192    1.3310001
3193    1.0150001
3194    0.74
3195    1.0
3196    0.72900003
3197    1.187
3198    -0.4749999
3199    0.73700005
3200    1.8460001
3201    1.0890001
3202    1.3310001
3203    1.3440001
3204    0.938
3205    1.0660001
3206    -2.1209998
3207    0.89900005
3208    2.21
3209    2.166
3210    1.2700001
3211    1.107
3212    3.506
3213    1.5040001
3214    1.08
3215    1.296
3216    1.0430001
3217    0.83000004
3218    0.94600004
3219    1.1850001
3220    1.7290001
3221    1.243
3222    1.937
3223    1.125
3224    1.2880001
3225    1.19
3226    1.475
3227    8.042
3228    0.93700004
3229    1.1010001
3230    1.065
3231    2.528
3232    1.616
3233    0.906
3234    0.84000003
3235    0.84300005
3236    0.98800004
3237    -147.948
3238    1.082
3239    1.264
3240    4.117
3241    1.506
3242    1.2980001
3243    1.2880001
3244    -12.674
3245    -10.36
3246    -10.363
3247    -10.323
3248    -10.138
3249    -10.647
3250    -10.617
3251    -10.16
3252    -9.058
3253    -10.701
3254    -10.544
3255    -10.443
3256    -10.322
3257    -10.596
3258    -9.837
3259    -10.54
3260    -10.38
3261    -9.984
3262    1.8280001
3263    0.906
3264    1.1700001
3265    1.6270001
3266    0.91600007
3267    2.9850001
3268    1.1930001
3269    1.6400001
3270    1.365
3271    0.86300004
3272    1.2040001
3273    0.94900006
3274    1.266
3275    0.85800004
3276    0.72
3277    1.153
3278    1.167
3279    0.95000005
3280    1.5640001
3281    1.235
3282    0.90300006
3283    1.7120001
3284    1.1240001
3285    0.89100003
3286    0.004000187
3287    1.077
3288    1.2290001
3289    1.6070001
3290    1.2520001
3291    1.445
3292    1.105
3293    1.151
3294    0.85300004
3295    1.1880001
3296    -2.092
3297    1.176
3298    3.048
3299    1.2320001
3300    1.164
3301    1.5040001
3302    1.113
3303    2.9970002
3304    1.151
3305    1.7830001
3306    1.7900001
3307    1.4330001
3308    -1.208
3309    2.3200002
3310    1.815
3311    4.875
3312    1.1010001
3313    1.3050001
3314    1.0430001
3315    1.9010001
3316    0.94100004
3317    0.89500004
3318    1.723
3319    1.5130001
3320    1.432
3321    0.93900007
3322    1.0430001
3323    1.1860001
3324    1.478
3325    1.4790001
3326    1.047
3327    0.94600004
3328    0.96500003
3329    0.98
3330    0.95000005
3331    1.307
3332    1.0630001
3333    -12.587
3334    0.80100006
3335    1.13
3336    1.0430001
3337    1.289
3338    0.99100006
3339    5.504
3340    1.8930001
3341    0.87500006
3342    2.032
3343    0.94400007
3344    0.72
3345    2.1090002
3346    1.4480001
3347    1.7040001
3348    0.91600007
3349    1.4050001
3350    1.0040001
3351    1.034
3352    2.075
3353    1.133
3354    2.368
3355    1.3080001
3356    -3.1
3357    1.0350001
3358    1.7060001
3359    1.1140001
3360    0.84200007
3361    -0.3499999
3362    0.81600004
3363    1.5550001
3364    1.434
3365    1.274
3366    1.33
3367    1.0890001
3368    1.128
3369    0.776
3370    1.3900001
3371    1.0630001
3372    1.3540001
3373    1.5100001
3374    1.192
3375    1.9690001
3376    1.9440001
3377    1.197
3378    1.365
3379    1.128
3380    1.2390001
3381    1.2260001
3382    1.3110001
3383    0.85600007
3384    0.84000003
3385    1.4670001
3386    1.309
3387    1.3640001
3388    1.4020001
3389    0.94900006
3390    3.2340002
3391    0.78800005
3392    2.075
3393    0.683
3394    1.3060001
3395    4.208
3396    1.233
3397    0.93700004
3398    1.6290001
3399    1.1850001
3400    1.1700001
3401    1.644
3402    2.186
3403    4.3180003
3404    1.547
3405    0.91300005
3406    1.2310001
3407    1.9700001
3408    0.906
3409    0.74100006
3410    1.223
3411    1.4770001
3412    1.399
3413    1.4180001
3414    1.628
3415    1.095
3416    1.4460001
3417    1.0450001
3418    -14.416
3419    1.6270001
3420    -0.3879999
3421    -0.92199993
3422    0.268
3423    1.2570001
3424    1.8410001
3425    1.271
3426    1.462
3427    1.0350001
3428    0.94100004
3429    1.2470001
3430    1.199
3431    0.87100005
3432    1.5220001
3433    1.2260001
3434    1.25
3435    0.99100006
3436    0.92700005
3437    1.3330001
3438    1.01
3439    1.1680001
3440    1.8100001
3441    1.345
3442    1.131
3443    1.337
3444    0.97400004
3445    1.363
3446    1.2140001
3447    1.218
3448    0.96700007
3449    1.4000001
3450    0.84800005
3451    1.779
3452    -1.658
3453    1.6020001
3454    0.88500005
3455    0.97700006
3456    1.143
3457    0.98800004
3458    1.5200001
3459    1.6170001
3460    1.8180001
3461    0.81200004
3462    1.146
3463    3.002
3464    0.851
3465    1.279
3466    1.3620001
3467    1.1620001
3468    1.9000001
3469    3.2300003
3470    1.343
3471    1.2290001
3472    1.2770001
3473    0.84800005
3474    1.3900001
3475    1.2210001
3476    1.2800001
3477    2.2580001
3478    1.12
3479    1.2620001
3480    1.623
3481    1.3260001
3482    1.7140001
3483    1.1090001
3484    1.2950001
3485    1.097
3486    2.0240002
3487    1.6140001
3488    1.2
3489    -2.165
3490    1.138
3491    1.2320001
3492    1.1290001
3493    1.8540001
3494    1.264
3495    1.0040001
3496    -10.102
3497    -10.516
3498    -10.434
3499    -10.448999
3500    -9.629
3501    -10.38
3502    -10.709
3503    -10.188
3504    -9.896999
3505    -11.164
3506    -10.344
3507    -10.2439995
3508    -10.609
3509    -10.469
3510    -10.555
3511    -10.413
3512    -10.641
3513    -9.547
3514    -10.624
3515    -10.703
3516    -10.389999
3517    -9.623
3518    -10.919
3519    -10.402
3520    -10.162
3521    -10.488
3522    -8.894
3523    -10.477
3524    -10.457
3525    -10.592
3526    -10.342
3527    -10.739
3528    -10.396
3529    -10.711
3530    -10.597
3531    -12.368
3532    -9.9869995
3533    -9.568
3534    -10.424
3535    -9.907
3536    -10.343
3537    -10.557
3538    -4.584
3539    -9.158
3540    -10.389
3541    -10.855
3542    -10.597
3543    -10.526
3544    -9.236
3545    -10.559999
3546    -7.217
3547    -9.993
3548    -10.448999
3549    -10.308
3550    -10.309999
3551    -12.045
3552    -10.481
3553    -10.45
3554    -10.378
3555    -9.855
3556    -10.327
3557    -10.308
3558    -10.292
3559    -10.684
3560    -10.014999
3561    -10.184999
3562    -10.026
3563    -10.852
3564    -10.332
3565    -10.4869995
3566    -10.575
3567    -7.625
3568    -10.216
3569    -10.273
3570    -10.614
3571    -11.095
3572    -10.509
3573    -10.5
3574    -10.448999
3575    -10.313
3576    -10.485
3577    -10.563
3578    -10.197
3579    -10.246
3580    1.8570001
3581    2.154
3582    2.0740001
3583    1.9690001
3584    0.95100003
3585    1.646
3586    1.8510001
3587    2.2150002
3588    1.4530001
3589    0.901
3590    0.915
3591    1.176
3592    2.3660002
3593    1.9110001
3594    1.82
3595    2.4910002
3596    1.1830001
3597    1.3050001
3598    2.0240002
3599    1.649
3600    1.1350001
3601    1.0830001
3602    1.5050001
3603    1.6220001
3604    0.934
3605    1.365
3606    1.194
3607    -10.507999
3608    -10.609
3609    -11.59
3610    -10.441999
3611    -10.5529995
3612    -9.903999
3613    -10.681
3614    -9.653
3615    -4.173
3616    -10.017
3617    -10.49
3618    -10.273
3619    -10.351
3620    -10.711
3621    -10.19
3622    -10.121
3623    -9.842
3624    -10.642
3625    -10.461
3626    -10.269
3627    -9.477
3628    -10.05
3629    -10.479
3630    -10.476
3631    -10.293
3632    -9.757999
3633    -9.808
3634    -9.976
3635    -10.45
3636    -3.466
3637    -9.912
3638    -10.688
3639    -10.696
3640    -10.228
3641    -10.653
3642    -10.83
3643    -10.342
3644    -9.788
3645    -10.389999
3646    -10.645
3647    -10.3289995
3648    -10.837
3649    -10.314
3650    -10.67
3651    -9.996
3652    -9.16
3653    -10.357
3654    -10.891
3655    -9.4939995
3656    -10.255
3657    -10.327
3658    -9.308
3659    -9.653999
3660    -10.453
3661    -10.608
3662    -9.955999
3663    -10.147
3664    -10.573999
3665    -10.777
3666    -10.495
3667    -12.036
3668    -10.3289995
3669    -12.742
3670    -10.726
3671    -10.463
3672    -10.175
3673    -10.386
3674    -9.857
3675    -10.763
3676    -10.662
3677    -10.271
3678    -12.851
3679    -5.449
3680    -10.363
3681    -10.452
3682    -10.736
3683    -9.691999
3684    -10.717
3685    -10.404
3686    -10.71
3687    -10.252
3688    -10.641
3689    -10.691
3690    -9.543
3691    -10.8
3692    -12.882999
3693    -9.957
3694    -13.882
3695    -10.771
3696    -9.978
3697    -10.506
3698    -10.188
3699    -9.736
3700    -10.851
3701    -10.568
3702    -9.151
3703    -10.17
3704    -9.958
3705    -10.416
3706    -10.411
3707    -10.32
3708    -10.524
3709    -10.532
3710    -9.405
3711    -10.613
3712    -10.222
3713    -9.969999
3714    -10.434999
3715    -10.127
3716    -10.347
3717    -10.538
3718    -9.750999
3719    -10.404
3720    -10.505
3721    -10.459
3722    -12.04
3723    -6.994
3724    -9.754
3725    -10.505
3726    -10.364
3727    -10.461
3728    -10.4539995
3729    -7.837
3730    -10.661
3731    -10.316999
3732    -10.411
3733    -10.717
3734    -10.826
3735    -10.009
3736    -9.966
3737    -10.042
3738    -9.344999
3739    -10.533
3740    -10.373
3741    -9.382999
3742    -12.512
3743    -10.475
3744    -10.517
3745    -10.426
3746    -10.438
3747    -9.41
3748    -10.64
3749    -9.695
3750    -10.835
3751    -10.676
3752    -10.5
3753    -10.486
3754    -10.365
3755    -10.0199995
3756    -10.246
3757    -10.686
3758    -10.488
3759    -10.217
3760    -10.17
3761    -10.721
3762    -10.022
3763    -10.37
3764    -10.2039995
3765    -9.807
3766    -9.532
3767    -9.901
3768    -9.029
3769    -5.35
3770    -10.131
3771    -10.1
3772    -10.602
3773    -10.757
3774    -10.466
3775    -10.304
3776    -10.51
3777    -10.528
3778    -10.754
3779    -8.559999
3780    -10.382
3781    -10.405
3782    -10.53
3783    -9.988
3784    -10.806
3785    -13.525
3786    -10.3689995
3787    -150.868
3788    -10.389999
3789    -147.934
3790    -10.671
3791    -10.377
3792    -10.302
3793    1.029
3794    1.9590001
3795    13.934
3796    2.525
3797    2.3600001
3798    1.003
3799    1.4870001
3800    8.077
3801    3.211
3802    1.039
3803    1.0450001
3804    1.8970001
3805    2.568
3806    0.88100004
3807    7.493
3808    2.0990002
3809    1.1320001
3810    11.989
3811    4.059
3812    3.1430001
3813    -138.88
3814    1.2490001
3815    1.4180001
3816    -1.18
3817    1.22
3818    0.818
3819    1.973
3820    6.586
3821    0.74100006
3822    0.777
3823    0.71400005
3824    0.822
3825    0.75900006
3826    0.73200005
3827    0.66
3828    0.86700004
3829    0.89900005
3830    0.72300005
3831    0.91200006
3832    0.813
3833    1.133
3834    0.768
3835    0.966
3836    0.777
3837    0.66
3838    0.777
3839    0.804
3840    0.651
3841    0.84900004
3842    0.795
3843    0.919
3844    0.67800003
3845    0.68700004
3846    0.73200005
3847    0.75000006
3848    0.71400005
3849    0.768
3850    0.795
3851    0.786
3852    0.84000003
3853    0.75000006
3854    0.74100006
3855    1.0730001
3856    0.75900006
3857    0.75000006
3858    0.813
3859    0.75900006
3860    0.68700004
3861    0.83100003
3862    0.717
3863    0.74100006
3864    0.768
3865    0.74100006
3866    0.84900004
3867    0.615
3868    0.786
3869    0.768
3870    0.822
3871    1.927
3872    1.159
3873    0.74100006
3874    0.957
3875    0.69600004
3876    0.813
3877    0.84900004
3878    1.2010001
3879    0.83100003
3880    0.68700004
3881    0.74100006
3882    0.89400005
3883    0.768
3884    0.804
3885    0.804
3886    0.75000006
3887    0.86700004
3888    0.87600005
3889    0.84900004
3890    2.644
3891    0.966
3892    0.87600005
3893    0.75000006
3894    0.67800003
3895    0.89400005
3896    0.84000003
3897    0.75900006
3898    0.85700005
3899    0.813
3900    0.86700004
3901    0.73200005
3902    0.71400005
3903    0.777
3904    -10.946
3905    -10.839
3906    -10.884
3907    -10.849
3908    -10.759
3909    -10.795
3910    -10.945
3911    -10.858
3912    -10.949
3913    0.804
3914    0.70500004
3915    0.768
3916    -0.94499993
3917    0.73200005
3918    0.84000003
3919    1.9990001
3920    0.768
3921    0.75900006
3922    0.84000003
3923    0.795
3924    1.294
3925    0.75900006
3926    0.84000003
3927    0.71400005
3928    0.72300005
3929    0.873
3930    1.3980001
3931    0.88500005
3932    0.75000006
3933    0.85800004
3934    0.72300005
3935    0.75000006
3936    -10.872
3937    -10.816999
3938    -9.027
3939    -10.893
3940    -10.652
3941    -10.944
3942    -10.86
3943    -10.785
3944    -10.638
3945    -10.681
3946    -10.858
3947    -10.643
3948    -10.921
3949    -10.627
3950    -10.757
3951    -10.588
3952    -10.631
3953    -10.84
3954    -7.619
3955    -10.953
3956    -10.656
3957    -10.46
3958    -10.816
3959    -10.143
3960    -7.623
3961    -10.275
3962    -10.912
3963    -10.614
3964    -10.938
3965    -10.243
3966    -10.619
3967    -10.434999
3968    -10.177
3969    -10.606
3970    -10.681
3971    -10.73
3972    -10.71
3973    -10.565
3974    -10.667
3975    -10.687
3976    -10.223
3977    -10.424
3978    -10.552
3979    -10.506
3980    -10.500999
3981    -10.389999
3982    -10.269
3983    -9.953
3984    -10.128
3985    -10.661
3986    -10.605
