0    1.3180001
1    -0.847
2    0.6520002
3    3.19
4    -1.474
5    0.90400004
6    0.21300006
7    0.859
8    1.9050001
9    1.253
10    2.0530002
11    2.0530002
12    1.223
13    1.079
14    1.3800001
15    1.3800001
16    -0.04099995
17    0.3590001
18    -1.6639998
19    -1.6639998
20    1.2370001
21    1.174
22    0.5710001
23    1.9230001
24    1.2540001
25    2.4710002
26    1.506
27    -0.8269999
28    1.0450001
29    2.015
30    1.3560001
31    0.3540001
32    1.439
33    1.3840001
34    0.95000005
35    -1.872
36    -1.694
37    8.417001
38    -0.655
39    2.308
40    -1.494
41    0.1960001
42    -0.48799992
43    -0.46299994
44    -0.57799995
45    -0.48399997
46    1.3050001
47    1.7140001
48    0.3490001
49    1.5660001
50    0.43400002
51    1.2090001
52    -1.4679999
53    1.0450001
54    0.6470001
55    1.7450001
56    2.569
57    2.0180001
58    0.42900002
59    0.7570001
60    1.366
61    1.4100001
62    0.53700006
63    1.9310001
64    1.626
65    1.5500001
66    1.5840001
67    1.6070001
68    2.1390002
69    1.5330001
70    1.042
71    0.97000015
72    -0.6479999
73    1.8360001
74    1.792
75    0.3720001
76    2.066
77    1.715
78    2.1920002
79    1.5860001
80    1.9710001
81    -4.175
82    8.618
83    -1.4749999
84    1.093
85    1.0610001
86    1.3210001
87    1.2140001
88    0.6190002
89    2.4450002
90    0.5730001
91    1.8930001
92    1.9260001
93    1.4590001
94    1.45
95    1.4250001
96    0.9970001
97    0.6680001
98    1.1930001
99    1.8090001
100    0.27700007
101    -0.28299987
102    0.41200006
103    2.1430001
104    0.37900007
105    1.5640001
106    1.5230001
107    0.45800006
108    0.6400001
109    2.483
110    8.652
111    1.5760001
112    1.6430001
113    1.559
114    1.9540001
115    -4.1499996
116    2.003
117    0.37900007
118    1.5220001
119    1.9510001
120    0.5530001
121    1.4280001
122    2.4780002
123    2.676
124    1.5790001
125    1.6120001
126    -0.61899996
127    1.0010002
128    1.4810001
129    -1.635
130    1.8740001
131    2.138
132    2.592
133    1.3820001
134    1.3700001
135    1.6760001
136    1.695
137    0.84800005
138    1.8740001
139    0.3160001
140    1.9180001
141    1.6780001
142    0.32700002
143    2.2580001
144    0.4410001
145    0.6020001
146    1.4770001
147    1.4430001
148    1.47
149    1.626
150    -0.25399995
151    0.22400022
152    2.2800002
153    1.996
154    0.17800009
155    1.8030001
156    0.57000005
157    0.8720001
158    1.6380001
159    1.5320001
160    2.2150002
161    1.8040001
162    1.5660001
163    1.9070001
164    -0.18099988
165    1.6300001
166    0.83800006
167    -0.71599996
168    1.2780001
169    1.9570001
170    2.68
171    2.131
172    1.9990001
173    1.4840001
174    -1.392
175    1.4430001
176    0.5640001
177    1.5760001
178    1.6020001
179    1.5090001
180    2.46
181    1.8610001
182    2.275
183    1.2270001
184    1.366
185    0.58700013
186    1.8800001
187    2.615
188    3.094
189    0.21500003
190    1.9580001
191    2.3790002
192    2.6780002
193    3.3820002
194    2.661
195    2.5200002
196    0.8440001
197    0.9690001
198    1.7210002
199    -0.8989999
200    2.4720001
201    2.1910002
202    1.9690001
203    0.37300003
204    2.153
205    2.3630002
206    0.77100015
207    1.9530001
208    2.299
209    0.13800001
210    2.219
211    2.275
212    2.365
213    2.3130002
214    1.9690001
215    0.82500005
216    1.6290002
217    3.417
218    0.73600006
219    -0.8599999
220    -0.6489999
221    -3.412
222    2.68
223    2.6290002
224    2.1890001
225    1.098
226    2.2940001
227    2.288
228    2.3620002
229    1.0120001
230    2.19
231    2.364
232    1.8720001
233    2.3700001
234    2.298
235    3.4110003
236    1.283
237    3.2180004
238    2.6790001
239    2.4280002
240    2.733
241    1.105
242    2.729
243    2.3070002
244    2.2180002
245    2.252
246    1.016
247    3.104
248    3.012
249    1.263
250    0.549
251    2.342
252    2.354
253    1.7410002
254    1.5550001
255    1.3010001
256    2.513
257    1.4620001
258    1.891
259    3.0140002
260    1.6860001
261    2.1590002
262    1.9950001
263    2.651
264    1.043
265    2.3400002
266    2.2350001
267    1.2580001
268    2.354
269    0.29500008
270    1.151
271    0.9200001
272    1.0370002
273    1.3470001
274    1.9970001
275    1.0010002
276    2.227
277    2.101
278    3.4090002
279    0.45500016
280    2.298
281    2.7400002
282    1.2240002
283    0.05700016
284    2.2350001
285    2.5310001
286    1.9130001
287    2.296
288    1.9530001
289    1.1570001
290    0.11199999
291    1.743
292    2.308
293    2.3460002
294    -3.412
295    -3.412
296    2.298
297    1.9680002
298    1.46
299    3.012
300    2.5800002
301    3.2050002
302    1.2520001
303    -1.3079998
304    3.065
305    -0.8139999
306    1.0820003
307    0.18400002
308    0.878
309    1.1370001
310    1.2240001
311    0.33700013
312    0.85800004
313    1.5610001
314    2.4250002
315    1.5600001
316    1.1530001
317    1.9420002
318    0.16400003
319    2.3700001
320    0.33500004
321    1.2090001
322    1.9570003
323    1.0680001
324    2.516
325    1.3460002
326    0.85600007
327    2.427
328    1.2620001
329    1.46
330    2.2380002
331    1.302
332    1.7390001
333    1.1620001
334    0.125
335    2.352
336    2.335
337    3.423
338    1.9050002
339    -1.457
340    3.2150002
341    2.1650002
342    1.292
343    2.69
344    2.387
345    2.3030002
346    2.6920002
347    -3.4099998
348    1.047
349    2.743
350    1.118
351    2.265
352    2.322
353    2.22
354    2.407
355    3.0200002
356    1.991
357    3.1250002
358    1.0050001
359    0.052000046
360    1.7060001
361    0.549
362    0.33300006
363    1.2520001
364    1.22
365    1.6710001
366    1.7490001
367    3.038
368    1.1040001
369    1.0170002
370    0.36400008
371    2.2770002
372    1.194
373    0.3820001
374    2.509
375    0.33500004
376    1.36
377    1.9660001
378    0.799
379    2.532
380    -14.910999
381    2.071
382    1.3440001
383    2.1870003
384    3.1360002
385    2.0860002
386    2.5640001
387    2.2410002
388    1.7290001
389    1.0
390    1.2440002
391    2.344
392    2.243
393    0.88100004
394    1.329
395    0.54400015
396    2.115
397    2.39
398    1.5800002
399    1.079
400    2.1430001
401    1.8320001
402    1.006
403    3.4210002
404    2.6920002
405    1.797
406    2.2440002
407    2.3160002
408    1.651
409    0.444
410    1.904
411    2.3160002
412    0.329
413    1.062
414    1.342
415    1.2220001
416    1.4760001
417    2.255
418    1.9060001
419    2.131
420    2.831
421    2.637
422    1.0870001
423    2.318
424    1.1070001
425    0.036000013
426    1.0340002
427    1.2350001
428    2.3140001
429    1.8730001
430    2.173
431    0.25800014
432    1.1170001
433    0.88100004
434    1.0300002
435    1.9930001
436    1.9390001
437    -0.9589999
438    2.1190002
439    2.1660001
440    2.3230002
441    1.092
442    1.006
443    2.1950002
444    2.115
445    -0.07899994
446    2.227
447    2.7280002
448    3.4410002
449    2.2210002
450    2.6910002
451    0.45500016
452    2.213
453    2.1090002
454    2.7380002
455    2.5670002
456    3.131
457    1.2940001
458    1.9120002
459    3.0210001
460    2.1690001
461    2.4280002
462    1.1370001
463    2.513
464    2.618
465    2.2350001
466    3.2410002
467    1.6320001
468    1.0610001
469    2.259
470    1.4030001
471    1.9560001
472    2.66
473    1.2250001
474    2.546
475    1.0670002
476    2.305
477    2.8100002
478    1.345
479    2.3260002
480    1.0180001
481    0.43700004
482    1.0900002
483    3.2250001
484    2.1720002
485    1.9410002
486    1.0770001
487    1.437
488    2.2840002
489    1.963
490    1.1620002
491    2.3170002
492    1.6220001
493    0.15100002
494    1.756
495    2.3690002
496    3.4320002
497    2.3400002
498    2.1660001
499    1.5840001
500    3.4470003
501    -3.395
502    3.2400002
503    2.173
504    1.3110001
505    2.703
506    2.709
507    2.4060001
508    2.237
509    2.318
510    2.756
511    -3.393
512    2.762
513    1.1390002
514    2.2410002
515    2.278
516    2.3430002
517    2.4540002
518    3.0330002
519    2.0040002
520    3.144
521    1.0220001
522    2.444
523    1.279
524    2.5530002
525    2.26
526    1.5830002
527    2.286
528    1.4330001
529    1.0600002
530    1.9280002
531    3.252
532    2.18
533    2.286
534    1.108
535    2.3400002
536    1.08
537    1.0210001
538    1.9190001
539    2.2900002
540    1.7820001
541    1.1190002
542    1.0370002
543    2.513
544    1.3440001
545    -0.9359999
546    0.45500016
547    1.9740002
548    1.365
549    0.078999996
550    1.2240002
551    0.35000014
552    0.8750001
553    1.0890002
554    2.3370001
555    1.4380002
556    2.447
557    1.2770002
558    1.5770001
559    1.4770002
560    1.3210001
561    2.5270002
562    1.9000001
563    2.243
564    0.99000007
565    1.9300001
566    3.0790002
567    2.006
568    3.144
569    1.02
570    2.8160002
571    1.1960001
572    2.344
573    2.424
574    2.305
575    2.523
576    3.499
577    3.3000002
578    2.253
579    1.3740001
580    2.7640002
581    2.492
582    2.7630002
583    2.381
584    -3.33
585    2.022
586    1.2350001
587    2.388
588    1.822
589    0.20600009
590    1.9000001
591    2.414
592    2.4410002
593    2.223
594    3.305
595    2.6320002
596    2.2080002
597    1.8470001
598    2.607
599    0.17400002
600    2.3590002
601    1.1260002
602    1.6680002
603    1.4990001
604    1.138
605    3.14
606    1.7440002
607    2.482
608    2.443
609    2.9900002
610    3.407
611    2.8420002
612    2.5080001
613    2.7280002
614    2.095
615    1.319
616    1.1820002
617    2.345
618    1.3920002
619    1.2550001
620    2.14
621    1.4870002
622    2.7370002
623    1.5310001
624    2.3130002
625    2.8140001
626    0.4460001
627    2.8790002
628    1.299
629    3.6080003
630    3.002
631    2.213
632    2.578
633    1.6790001
634    2.914
635    1.8540001
636    1.2340002
637    0.9000001
638    1.7540002
639    3.223
640    2.094
641    3.4050002
642    2.7870002
643    2.358
644    2.687
645    1.8530002
646    1.0870001
647    1.4300001
648    2.2480001
649    2.296
650    1.5610001
651    2.4250002
652    2.3600001
653    2.69
654    3.1290002
655    0.5400002
656    2.926
657    1.3640001
658    2.2770002
659    0.411
660    2.401
661    2.3930001
662    2.4940002
663    2.6160002
664    3.4120002
665    1.227
666    2.45
667    2.318
668    2.459
669    2.7180002
670    2.8260002
671    1.766
672    1.585
673    2.749
674    1.9510002
675    1.9510002
676    2.4720001
677    2.8600001
678    3.5860002
679    3.3890004
680    2.551
681    2.867
682    1.4680002
683    -3.2399998
684    2.5240002
685    2.503
686    1.1720002
687    2.505
688    1.2650001
689    0.6200001
690    -0.7809999
691    2.683
692    2.081
693    1.286
694    1.5010002
695    1.1930001
696    2.0700002
697    1.5340002
698    1.4000001
699    2.71
700    0.2340002
701    1.6100001
702    2.509
703    0.5150001
704    2.153
705    1.0280001
706    1.2590001
707    2.0830002
708    2.426
709    2.7250001
710    2.0960002
711    1.4860001
712    1.6370001
713    1.753
714    1.47
715    2.617
716    1.2950001
717    1.825
718    1.3360002
719    1.033
720    1.7930002
721    2.456
722    2.4020002
723    2.539
724    2.338
725    3.3350003
726    2.7400002
727    1.1620002
728    3.2370002
729    2.1790001
730    2.6250002
731    2.414
732    2.505
733    2.44
734    1.306
735    2.946
736    1.786
737    2.4550002
738    2.832
739    1.6100001
740    1.3800001
741    2.2410002
742    3.005
743    2.5410001
744    2.3240001
745    3.578
746    2.282
747    1.687
748    2.0070002
749    2.4810002
750    0.19200015
751    2.4680002
752    1.9250002
753    1.9690001
754    1.3130002
755    2.345
756    1.47
757    2.352
758    2.2910001
759    2.7380002
760    1.776
761    1.434
762    2.203
763    3.13
764    2.7280002
765    2.42
766    2.983
767    3.423
768    1.352
769    2.513
770    0.6630001
771    2.7680001
772    2.9320002
773    1.3310001
774    2.687
775    2.831
776    1.391
777    2.051
778    2.378
779    2.5430002
780    2.2970002
781    2.7380002
782    2.459
783    2.375
784    2.519
785    1.2360001
786    1.0250001
787    1.9230001
788    2.6920002
789    2.5170002
790    0.53200006
791    1.559
792    2.423
793    2.6810002
794    1.2840002
795    1.0700002
796    0.22800016
797    2.7150002
798    1.161
799    1.4840002
800    2.9440002
801    1.3980002
802    1.5300002
803    2.545
804    1.4620001
805    2.5010002
806    3.584
807    2.522
808    2.0830002
809    2.4720001
810    2.391
811    1.4840002
812    1.6350002
813    1.7510002
814    1.4650002
815    2.6200001
816    1.23
817    2.7150002
818    1.5320001
819    1.292
820    1.8240001
821    1.7910001
822    2.503
823    1.463
824    2.5410001
825    2.858
826    2.295
827    1.7740002
828    2.6910002
829    2.203
830    2.831
831    2.9440002
832    1.3040001
833    1.329
834    1.394
835    2.5100002
836    2.6460001
837    1.3980002
838    1.6320002
839    3.2350001
840    2.4540002
841    1.46
842    2.2440002
843    3.3330002
844    1.8230002
845    1.0700002
846    1.4290001
847    2.0830002
848    1.5320001
849    1.4620001
850    2.2800002
851    2.4610002
852    2.377
853    1.3760002
854    2.7270002
855    1.1720002
856    1.128
857    2.503
858    2.124
859    3.196
860    1.4710002
861    2.5790002
862    2.354
863    2.848
864    2.4550002
865    1.2290001
866    2.358
867    2.3950002
868    2.6200001
869    1.467
870    1.2940001
871    2.4190001
872    0.5300002
873    1.4870002
874    1.4660001
875    3.2270002
876    2.713
877    1.6320002
878    1.0210001
879    2.6890001
880    1.1700001
881    1.993
882    1.434
883    2.4640002
884    2.3720002
885    1.3740001
886    2.743
887    2.7340002
888    3.233
889    1.6260002
890    2.4540002
891    2.6200001
892    1.5320001
893    1.2290001
894    1.0660002
895    1.6580002
896    1.2840002
897    2.69
898    3.4210002
899    2.3760002
900    1.4870002
901    2.9480002
902    0.5280001
903    2.459
904    2.2840002
905    1.3740001
906    2.147
907    1.6040001
908    2.5010002
909    2.424
910    1.263
911    2.0790002
912    1.483
913    1.6260002
914    1.7500002
915    1.46
916    1.7740002
917    2.6420002
918    2.8390002
919    2.358
920    0.4940002
921    2.513
922    1.1320002
923    2.117
924    3.223
925    2.585
926    1.432
927    2.084
928    2.299
929    2.8620002
930    2.713
931    1.8230002
932    2.4720001
933    1.0210001
934    2.835
935    2.505
936    1.394
937    2.644
938    1.437
939    2.733
940    2.8460002
941    2.4520001
942    2.8660002
943    -3.2419999
944    2.0790002
945    1.263
946    2.71
947    1.2840002
948    1.0700002
949    0.5410001
950    1.3980002
951    2.743
952    2.549
953    2.4580002
954    2.375
955    2.7270002
956    1.2280002
957    0.52400017
958    2.6200001
959    2.38
960    3.7450004
961    0.50600004
962    1.5480001
963    1.2020001
964    2.1200001
965    2.352
966    1.171
967    3.19
968    2.503
969    2.357
970    2.6200001
971    2.299
972    0.7370002
973    0.50600004
974    1.4640002
975    1.4870002
976    2.8460002
977    2.4520001
978    3.2240002
979    1.6260002
980    1.3740001
981    2.687
982    1.7770002
983    2.459
984    2.9480002
985    1.3270001
986    2.6890001
987    3.588
988    2.5170002
989    2.6780002
990    2.7380002
991    0.661
992    3.005
993    1.1490002
994    2.8360002
995    1.789
996    -0.75
997    1.2860003
998    2.1050003
999    2.4490001
1000    1.5630002
1001    1.664
1002    2.638
1003    3.5830002
1004    0.513
1005    0.22800016
1006    -3.2419999
1007    2.147
1008    2.5760002
1009    1.6040001
1010    1.4870002
1011    1.2610002
1012    2.0830002
1013    0.7370002
1014    2.371
1015    2.532
1016    3.2470002
1017    0.56700015
1018    1.1990001
1019    2.9160001
1020    0.5760002
1021    2.535
1022    2.8100002
1023    0.93900007
1024    2.687
1025    0.503
1026    1.5810001
1027    2.7940001
1028    2.5270002
1029    2.453
1030    2.5830002
1031    2.5790002
1032    1.4710002
1033    3.4020002
1034    1.2590001
1035    2.2250001
1036    1.404
1037    3.3030002
1038    2.5240002
1039    1.8950002
1040    1.5320001
1041    2.496
1042    2.1610003
1043    3.489
1044    0.7880001
1045    2.716
1046    3.2900002
1047    2.0640001
1048    0.5760002
1049    1.5320001
1050    -3.2419999
1051    2.713
1052    1.263
1053    0.22800016
1054    2.503
1055    1.4990001
1056    2.147
1057    1.0280001
1058    2.5010002
1059    2.286
1060    0.52400017
1061    1.6260002
1062    2.6200001
1063    2.0820003
1064    0.78400016
1065    2.434
1066    2.914
1067    2.651
1068    3.288
1069    3.499
1070    0.5760002
1071    3.2840002
1072    2.8060002
1073    -1.5519998
1074    2.7960002
1075    1.4260001
1076    1.8400002
1077    1.2440002
1078    3.4780002
1079    -0.3249998
1080    2.519
1081    2.239
1082    2.5800002
1083    3.3500001
1084    2.1650002
1085    -0.648
1086    2.49
1087    0.50100017
1088    3.3960001
1089    0.227
1090    3.3000002
1091    0.8360002
1092    1.8990002
1093    0.2800002
1094    2.476
1095    1.6240001
1096    3.016
1097    -0.24999976
1098    3.6460001
1099    2.0870001
1100    3.647
1101    2.061
1102    2.92
1103    9.621
1104    3.0690002
1105    1.4070001
1106    0.78400016
1107    0.43400002
1108    0.572
1109    2.184
1110    2.0660002
1111    2.4080002
1112    3.295
1113    3.104
1114    2.581
1115    2.47
1116    2.7930002
1117    1.6100001
1118    2.2270002
1119    -0.5189998
1120    2.1690001
1121    2.6460001
1122    0.56500006
1123    2.914
1124    2.69
1125    1.5350001
1126    3.4020002
1127    2.421
1128    2.2150002
1129    2.8030002
1130    1.6180003
1131    3.0260003
1132    1.8460002
1133    2.578
1134    2.8000002
1135    3.025
1136    1.8420002
1137    2.755
1138    2.1950002
1139    0.56200004
1140    3.288
1141    2.5740001
1142    0.75600004
1143    1.1980002
1144    2.5270002
1145    2.71
1146    2.5870001
1147    -2.991
1148    2.9180002
1149    1.3280001
1150    1.6100001
1151    2.315
1152    3.2840004
1153    2.69
1154    0.7290001
1155    1.4060001
1156    3.4060001
1157    1.5540001
1158    2.486
1159    0.72700024
1160    2.9150002
1161    2.171
1162    3.0740001
1163    2.539
1164    3.6540003
1165    7.4920006
1166    2.167
1167    1.3630002
1168    1.4740002
1169    2.1650002
1170    1.605
1171    2.0770001
1172    1.5580001
1173    2.341
1174    2.8850002
1175    1.8930001
1176    2.7270002
1177    2.4610002
1178    2.5210001
1179    1.7940001
1180    3.492
1181    1.299
1182    1.352
1183    3.085
1184    1.1160002
1185    2.061
1186    2.585
1187    0.56200004
1188    2.582
1189    2.7970002
1190    0.78200006
1191    2.913
1192    2.65
1193    3.295
1194    1.8590002
1195    2.8030002
1196    2.811
1197    -0.52299976
1198    0.57500005
1199    0.7880001
1200    2.4220002
1201    1.2910001
1202    2.7940001
1203    2.43
1204    1.838
1205    2.216
1206    0.5610001
1207    2.7840002
1208    3.2990003
1209    2.423
1210    -0.52499986
1211    1.19
1212    1.2390001
1213    2.436
1214    2.446
1215    1.5040002
1216    2.802
1217    2.1660001
1218    2.306
1219    1.2590001
1220    2.6940002
1221    1.48
1222    3.413
1223    1.3310001
1224    3.3060002
1225    2.249
1226    1.8920002
1227    2.072
1228    2.857
1229    2.4850001
1230    2.582
1231    2.367
1232    2.9250002
1233    2.904
1234    3.6540003
1235    2.549
1236    1.9910002
1237    2.5270002
1238    1.9220002
1239    0.5710001
1240    1.2670002
1241    0.57700014
1242    0.46500015
1243    2.9220002
1244    2.19
1245    1.8270001
1246    2.266
1247    2.584
1248    3.265
1249    3.2930002
1250    2.483
1251    2.7140002
1252    1.3400002
1253    2.8100002
1254    2.89
1255    2.5310001
1256    1.444
1257    2.798
1258    2.7870002
1259    0.56700015
1260    2.424
1261    -0.52199984
1262    0.786
1263    2.072
1264    0.5760002
1265    2.4310002
1266    2.92
1267    2.42
1268    1.029
1269    3.496
1270    0.5740001
1271    3.285
1272    2.8040001
1273    -1.5539999
1274    2.7940001
1275    1.424
1276    1.838
1277    1.2420001
1278    3.476
1279    -0.32599998
1280    2.5170002
1281    2.239
1282    2.584
1283    3.348
1284    2.163
1285    -0.64999986
1286    2.492
1287    0.49700022
1288    3.3950002
1289    0.22500014
1290    3.298
1291    0.8340001
1292    1.8960001
1293    0.27800012
1294    2.4780002
1295    1.6220002
1296    3.0140002
1297    -0.25099993
1298    3.6440003
1299    2.0870001
1300    3.65
1301    2.061
1302    2.9180002
1303    0.5660002
1304    2.404
1305    3.0670002
1306    1.4070001
1307    0.77100015
1308    0.4330001
1309    0.5700002
1310    2.1820002
1311    2.068
1312    2.404
1313    3.2930002
1314    3.1030002
1315    2.5790002
1316    2.4680002
1317    2.7910001
1318    1.6100001
1319    2.2250001
1320    -0.5209999
1321    2.167
1322    2.6490002
1323    0.5610001
1324    2.9160001
1325    2.213
1326    1.5300002
1327    3.4010003
1328    3.4
1329    2.421
1330    2.8030002
1331    1.6170001
1332    3.0240002
1333    1.8440001
1334    2.5760002
1335    2.798
1336    3.0240002
1337    1.8400002
1338    2.753
1339    2.193
1340    0.5580001
1341    3.288
1342    2.5770001
1343    0.78400016
1344    3.489
1345    1.1980002
1346    2.525
1347    2.7080002
1348    2.585
1349    -2.9929998
1350    2.9180002
1351    1.3270001
1352    1.6100001
1353    2.318
1354    3.282
1355    0.29700017
1356    2.6880002
1357    0.72700024
1358    1.404
1359    3.404
1360    1.5540001
1361    2.486
1362    0.72700024
1363    2.9150002
1364    2.1690001
1365    3.072
1366    2.539
1367    1.3030002
1368    3.6540003
1369    1.3620002
1370    2.1650002
1371    2.1650002
1372    1.4720001
1373    1.5550001
1374    1.8920002
1375    2.341
1376    2.8850002
1377    2.7270002
1378    2.4610002
1379    2.5210001
1380    1.792
1381    1.299
1382    1.352
1383    3.0870001
1384    0.57800007
1385    1.1200001
1386    2.0600002
1387    2.585
1388    2.5800002
1389    0.5610001
1390    2.795
1391    0.7800002
1392    2.9110003
1393    2.647
1394    3.292
1395    1.8570001
1396    2.8060002
1397    2.811
1398    -0.52499986
1399    0.5730002
1400    0.7870002
1401    2.42
1402    1.2930002
1403    2.7940001
1404    1.5370001
1405    2.426
1406    1.838
1407    2.216
1408    0.5640001
1409    2.782
1410    2.424
1411    -0.52199984
1412    0.7880001
1413    2.072
1414    0.5760002
1415    2.4320002
1416    2.9180002
1417    2.4180002
1418    2.7940001
1419    3.4980001
1420    0.57700014
1421    3.2840002
1422    2.801
1423    -1.5639999
1424    1.4280002
1425    1.8410001
1426    1.2410002
1427    -0.32599998
1428    3.479
1429    2.2380002
1430    2.516
1431    3.3470001
1432    2.5830002
1433    -0.6459999
1434    2.1660001
1435    2.4910002
1436    -0.6459999
1437    0.49900007
1438    3.302
1439    3.3950002
1440    0.22300005
1441    1.8990002
1442    0.27800012
1443    0.832
1444    2.4810002
1445    1.6220002
1446    3.0180001
1447    -0.25099993
1448    3.6440003
1449    2.7440002
1450    2.0870001
1451    2.0630002
1452    2.9150002
1453    0.56700015
1454    2.4020002
1455    3.071
1456    1.4070001
1457    0.4330001
1458    0.78300023
1459    0.569
1460    2.1820002
1461    2.071
1462    2.071
1463    2.071
1464    3.2960002
1465    3.1030002
1466    2.578
1467    2.4720001
1468    1.6060002
1469    2.792
1470    2.2280002
1471    -0.5239999
1472    2.1710002
1473    2.6480002
1474    0.5580001
1475    2.9160001
1476    2.213
1477    1.5280001
1478    2.421
1479    3.4050002
1480    2.802
1481    1.6210003
1482    3.0210001
1483    1.848
1484    2.5740001
1485    2.801
1486    3.0240002
1487    1.8430002
1488    2.7510002
1489    0.5530002
1490    0.707
1491    2.7480001
1492    0.7310002
1493    0.29900002
1494    3.288
1495    2.5760002
1496    0.786
1497    1.1950002
1498    3.4870002
1499    2.528
1500    2.7
1501    2.5890002
1502    -2.9929998
1503    2.92
1504    1.3260002
1505    1.6100001
1506    2.3200002
1507    3.282
1508    0.296
1509    2.6880002
1510    0.7310002
1511    1.4030001
1512    3.4080002
1513    1.5560002
1514    2.4850001
1515    0.72700024
1516    2.917
1517    2.173
1518    3.0760002
1519    1.3030002
1520    3.6560001
1521    1.358
1522    2.1660001
1523    2.1690001
1524    1.4720001
1525    1.5580001
1526    1.8920002
1527    2.338
1528    2.884
1529    2.7280002
1530    2.456
1531    2.522
1532    0.7160001
1533    2.7470002
1534    0.73500013
1535    1.7950001
1536    1.3010001
1537    1.3540001
1538    0.5760002
1539    2.079
1540    3.404
1541    1.118
1542    2.0600002
1543    2.5870001
1544    0.5610001
1545    0.26600003
1546    2.7910001
1547    0.7800002
1548    2.901
1549    3.2900002
1550    2.6490002
1551    1.8530002
1552    2.805
1553    2.8130002
1554    -0.5259998
1555    0.57700014
1556    1.102
1557    0.7870002
1558    2.4190001
1559    1.2970002
1560    2.7960002
1561    1.8370001
1562    2.2180002
1563    0.5630002
1564    2.7800002
1565    2.424
1566    -0.52
1567    0.786
1568    2.0740001
1569    2.4310002
1570    2.9060001
1571    0.5760002
1572    2.4150002
1573    2.7940001
1574    3.5000002
1575    3.282
1576    2.8000002
1577    1.046
1578    -1.579
1579    1.4300001
1580    1.8410001
1581    1.2390001
1582    -0.32599998
1583    3.4780002
1584    2.236
1585    3.3450003
1586    2.5140002
1587    2.5630002
1588    -0.6439998
1589    2.1660001
1590    2.49
1591    0.49900007
1592    3.3040001
1593    3.3950002
1594    0.22300005
1595    0.73500013
1596    1.8990002
1597    0.27800012
1598    0.832
1599    2.482
1600    1.6220002
1601    3.0200002
1602    0.95500004
1603    0.7310002
1604    -0.25099993
1605    3.6440003
1606    2.7440002
1607    2.0870001
1608    2.0630002
1609    2.9150002
1610    2.4020002
1611    0.56700015
1612    3.0730002
1613    1.4070001
1614    0.4330001
1615    0.7850001
1616    0.56700015
1617    2.1820002
1618    2.071
1619    3.295
1620    3.1030002
1621    2.5760002
1622    1.0840001
1623    2.4740002
1624    1.6020002
1625    2.7940001
1626    -0.5259998
1627    2.2280002
1628    2.6460001
1629    2.173
1630    0.5480001
1631    0.7180002
1632    2.9160001
1633    2.213
1634    1.5250001
1635    2.421
1636    3.407
1637    0.69200015
1638    1.6230001
1639    2.8000002
1640    3.019
1641    1.8500001
1642    2.5740001
1643    2.801
1644    3.0240002
1645    2.7510002
1646    0.69000006
1647    0.5430002
1648    0.707
1649    2.746
1650    0.7290001
1651    0.29700017
1652    3.2900002
1653    2.5740001
1654    0.786
1655    1.1910002
1656    3.4870002
1657    2.528
1658    2.684
1659    2.591
1660    -2.994
1661    1.3240001
1662    2.92
1663    1.6100001
1664    2.3200002
1665    3.282
1666    0.29500008
1667    2.6880002
1668    0.73300004
1669    0.29300022
1670    1.401
1671    1.5560002
1672    3.41
1673    2.7250001
1674    2.4850001
1675    0.72700024
1676    2.1750002
1677    2.917
1678    3.078
1679    1.302
1680    3.6560001
1681    1.3500001
1682    2.1680002
1683    2.171
1684    1.4720001
1685    1.5580001
1686    1.8920002
1687    2.3360002
1688    1.141
1689    0.9590001
1690    1.0040002
1691    2.878
1692    2.726
1693    1.8990002
1694    2.45
1695    2.5200002
1696    0.7160001
1697    2.7470002
1698    0.73300004
1699    1.7970002
1700    1.3010001
1701    1.3540001
1702    0.5740001
1703    2.081
1704    3.4060001
1705    1.1200001
1706    2.0600002
1707    2.5870001
1708    0.5610001
1709    2.7830002
1710    0.7800002
1711    2.881
1712    3.2900002
1713    2.651
1714    2.8030002
1715    2.8130002
1716    -0.5279999
1717    0.57900023
1718    0.7870002
1719    2.417
1720    1.835
1721    2.7960002
1722    2.2180002
1723    0.5610001
1724    2.7800002
1725    2.424
1726    2.0760002
1727    2.4310002
1728    2.8860002
1729    2.413
1730    0.5760002
1731    2.7940001
1732    3.5000002
1733    3.282
1734    2.8000002
1735    1.0550001
1736    -1.5799999
1737    1.4300001
1738    1.8410001
1739    1.2390001
1740    -0.32599998
1741    3.4780002
1742    2.236
1743    3.3450003
1744    2.5140002
1745    -0.6439998
1746    2.581
1747    2.1660001
1748    0.49900007
1749    2.49
1750    0.22300005
1751    3.3040001
1752    3.3950002
1753    0.27800012
1754    1.8990002
1755    0.832
1756    0.73500013
1757    2.482
1758    1.6220002
1759    3.0200002
1760    0.95500004
1761    0.95500004
1762    0.7290001
1763    -0.25099993
1764    2.7370002
1765    2.0630002
1766    3.6440003
1767    2.91
1768    0.56700015
1769    1.4070001
1770    3.0730002
1771    0.4330001
1772    0.7850001
1773    0.56700015
1774    2.1780002
1775    3.295
1776    2.071
1777    2.578
1778    3.1030002
1779    1.0780001
1780    2.4740002
1781    1.6020002
1782    2.7940001
1783    -0.5259998
1784    2.2280002
1785    2.6460001
1786    0.5480001
1787    2.173
1788    0.7180002
1789    2.9160001
1790    2.213
1791    1.5250001
1792    3.4060001
1793    2.421
1794    0.6880002
1795    1.6230001
1796    2.8000002
1797    1.8500001
1798    3.019
1799    2.801
1800    3.0240002
1801    0.6880002
1802    2.7510002
1803    0.5430002
1804    2.7410002
1805    0.72800016
1806    0.29400015
1807    0.707
1808    3.3070002
1809    2.591
1810    0.8030002
1811    1.2080002
1812    3.5040002
1813    2.545
1814    2.7010002
1815    2.608
1816    -2.9769998
1817    1.3410001
1818    2.937
1819    1.6270001
1820    2.3370001
1821    2.7050002
1822    3.2990003
1823    0.31000018
1824    0.7490001
1825    1.4180002
1826    1.5730002
1827    3.427
1828    2.742
1829    2.502
1830    0.7440002
1831    2.1920002
1832    2.9340003
1833    1.043
1834    3.095
1835    1.319
1836    3.673
1837    1.3670001
1838    2.1850002
1839    2.1880002
1840    1.4890001
1841    1.575
1842    1.9090002
1843    1.1570001
1844    0.9740001
1845    1.0760002
1846    2.8950002
1847    0.73
1848    2.5370002
1849    2.759
1850    0.7470002
1851    1.371
1852    0.5910001
1853    0.92
1854    2.536
1855    3.423
1856    1.5630002
1857    0.06400013
1858    0.79700017
1859    2.8980002
1860    3.3070002
1861    2.6680002
1862    2.8200002
1863    0.5960002
1864    2.8290002
1865    -0.5109999
1866    0.80400014
1867    2.434
1868    1.8520002
1869    2.8130002
1870    2.2350001
1871    0.57800007
1872    2.7970002
1873    2.815
1874    3.0730002
1875    2.5300002
1876    3.5210001
1877    2.8170002
1878    3.298
1879    1.072
1880    -1.5649998
1881    1.8620002
1882    0.5790001
1883    3.499
1884    -0.6229999
1885    0.5840001
1886    -0.007999957
1887    1.3410001
1888    2.868
1889    3.288
1890    2.8470001
1891    2.5300002
1892    0.78800005
1893    -29.342
1894    -27.201
1895    -28.712
1896    -27.132
1897    -27.574
1898    -27.892
1899    -27.376
1900    0.06500006
1901    1.307
1902    0.5220001
1903    0.045000076
1904    1.825
1905    -28.15
1906    -28.696
1907    -27.803
1908    1.5180001
1909    1.5320001
1910    1.539
1911    1.4610001
1912    1.462
1913    1.437
1914    1.098
1915    1.416
1916    1.4710001
1917    1.4810001
1918    2.416
1919    1.493
1920    1.485
1921    2.461
1922    1.4710001
1923    1.5370001
1924    1.5370001
1925    -28.834
1926    -28.761
1927    -27.752
1928    -28.758
1929    1.4200001
1930    -0.12899995
1931    -0.46899998
1932    1.4360001
1933    2.4720001
1934    1.447
1935    1.534
1936    2.4060001
1937    1.4760001
1938    2.0180001
1939    2.4770002
1940    1.4540001
1941    1.4720001
1942    1.5450001
1943    3.39
1944    -27.152
1945    -27.645
1946    -27.197
1947    -26.886
1948    -27.21
1949    2.434
1950    1.4310001
1951    1.4410001
1952    2.409
1953    1.4260001
1954    1.4770001
1955    2.4060001
1956    1.432
1957    1.557
1958    -28.163
1959    -28.079
1960    -27.494
1961    2.411
1962    1.427
1963    1.417
1964    -29.008
1965    -27.431
1966    -27.854
1967    -27.876999
1968    -28.19
1969    1.4350001
1970    2.401
1971    1.442
1972    2.436
1973    1.4440001
1974    -27.645
1975    -28.15
1976    -29.982
1977    1.3740001
1978    1.0640001
1979    1.4970001
1980    1.4940001
1981    1.4940001
1982    2.9950001
1983    2.429
1984    1.3980001
1985    2.415
1986    2.3930001
1987    1.434
1988    1.447
1989    -28.604
1990    -28.17
1991    1.44
1992    1.4440001
1993    2.435
1994    1.3920001
1995    1.4760001
1996    1.496
1997    2.407
1998    1.4990001
1999    2.533
2000    2.533
2001    1.447
2002    2.4190001
2003    1.4100001
2004    1.386
2005    2.448
2006    2.832
2007    0.6860001
2008    0.032999992
2009    2.423
2010    2.423
2011    1.429
2012    1.445
2013    -27.801
2014    -28.853
2015    -28.835
2016    -27.795
2017    -28.818
2018    -28.866
2019    0.94900006
2020    0.818
2021    -28.796
2022    -27.819
2023    -28.875
2024    -28.838
2025    -27.825
2026    -28.924
2027    -28.85
2028    -27.806
2029    -28.875
2030    -28.824
2031    0.90700006
2032    -0.7989999
2033    2.433
2034    1.462
2035    1.3870001
2036    3.5670002
2037    6.859
2038    1.396
2039    2.403
2040    1.4360001
2041    2.413
2042    1.4430001
2043    2.378
2044    2.41
2045    1.4130001
2046    2.3920002
2047    2.415
2048    1.4210001
2049    2.38
2050    2.375
2051    1.4260001
2052    2.407
2053    2.413
2054    2.391
2055    1.429
2056    1.391
2057    2.4050002
2058    6.854
2059    4.327
2060    2.9380002
2061    1.2
2062    1.3920001
2063    1.3920001
2064    2.378
2065    1.3850001
2066    2.381
2067    1.404
2068    2.3980002
2069    1.396
2070    1.409
2071    1.363
2072    2.389
2073    1.4150001
2074    1.376
2075    2.4
2076    1.3670001
2077    1.3980001
2078    2.3980002
2079    1.391
2080    1.9060001
2081    1.381
2082    2.032
2083    2.981
2084    3.252
2085    3.115
2086    3.7630002
2087    2.227
2088    1.0500002
2089    2.357
2090    4.028
2091    3.2770002
2092    2.2350001
2093    3.0070002
2094    2.279
2095    3.779
2096    1.894
2097    3.6420002
2098    1.9790001
2099    3.4060001
2100    2.2350001
2101    2.079
2102    2.17
2103    2.023
2104    1.6790001
2105    1.9430001
2106    4.177
2107    1.3240001
2108    3.605
2109    1.401
2110    2.502
2111    1.434
2112    1.4480001
2113    1.396
2114    0.4870001
2115    0.388
2116    1.4440001
2117    0.45500004
2118    1.4430001
2119    0.42000008
2120    0.48800004
2121    1.404
2122    0.47300005
2123    2.2410002
2124    1.457
2125    0.41700006
2126    0.43000007
2127    0.39100003
2128    0.4740001
2129    1.1230001
2130    1.1270001
2131    1.8390001
2132    -0.903
2133    0.08200002
2134    0.4310001
2135    1.077
2136    1.5810001
2137    -0.76
2138    -0.35299993
2139    -1.8889999
2140    2.045
2141    -0.6839999
2142    1.332
2143    1.4330001
2144    0.27
2145    -1.3569999
2146    1.125
2147    1.2060001
2148    -0.778
2149    1.8180001
2150    -1.01
2151    -0.5639999
2152    -0.8119999
2153    0.20400012
2154    -2.27
2155    1.6100001
2156    1.5510001
2157    2.255
2158    2.0110002
2159    2.0
2160    3.0270002
2161    0.6890001
2162    0.90400004
2163    1.092
2164    -0.7399999
2165    1.0380001
2166    -0.35699987
2167    1.3110001
2168    0.17400002
2169    0.94500005
2170    0.97800004
2171    -0.964
2172    -2.794
2173    -0.553
2174    0.39600015
2175    -1.464
2176    -0.8549999
2177    0.6420002
2178    3.1720004
2179    -1.4829999
2180    0.823
2181    0.892
2182    0.859
2183    1.069
2184    1.3670001
2185    -1.668
2186    0.64900005
2187    0.9760001
2188    0.66700006
2189    8.216001
2190    -0.2939999
2191    2.107
2192    1.143
2193    -32.826
2194    -0.8579998
2195    1.9530001
2196    2.033
2197    1.7760001
2198    -0.8299999
2199    -3.473
2200    0.018000126
2201    0.9950001
2202    -2.8319998
2203    -0.964
2204    2.2
2205    0.98500013
2206    1.7060001
2207    0.27900004
2208    0.975
2209    1.3640001
2210    1.0610001
2211    1.437
2212    1.2950001
2213    0.12400007
2214    1.616
2215    2.0760002
2216    -0.3399999
2217    0.70800006
2218    0.91300005
2219    1.1570001
2220    0.70000005
2221    3.0800002
2222    1.056
2223    1.7540001
2224    1.5220001
2225    0.41700006
2226    0.2700001
2227    -0.719
2228    1.2160001
2229    2.0430002
2230    -0.6839999
2231    0.34700012
2232    -0.04699993
2233    1.0070001
2234    1.3050001
2235    0.37300003
2236    1.0860001
2237    -0.681
2238    1.603
2239    -0.6019999
2240    1.2120001
2241    -1.969
2242    -1.2499999
2243    -1.0299999
2244    -1.2559999
2245    -17.837
2246    1.9820001
2247    1.9590001
2248    0.813
2249    1.626
2250    0.984
2251    -0.36399996
2252    1.973
2253    -0.022999883
2254    -0.21499991
2255    -6.1099997
2256    -2.303
2257    0.94600004
2258    1.6780001
2259    1.6710001
2260    1.6710001
2261    1.2360001
2262    0.40300012
2263    1.381
2264    0.31800008
2265    1.1650001
2266    1.2390001
2267    1.544
2268    0.1960001
2269    1.6500001
2270    1.764
2271    1.2370001
2272    1.2420001
2273    -0.058999956
2274    1.1340001
2275    -0.74599993
2276    1.1980001
2277    1.8220001
2278    0.35800004
2279    1.2310001
2280    1.2160001
2281    1.6600001
2282    2.0570002
2283    0.23000002
2284    0.989
2285    0.509
2286    -0.4979999
2287    0.3490001
2288    1.598
2289    1.7630001
2290    1.6890001
2291    0.2140001
2292    1.195
2293    0.32500005
2294    -0.71599996
2295    0.21500003
2296    -0.8989999
2297    0.37300003
2298    0.75100005
2299    -0.8579999
2300    -0.6489999
2301    0.88000005
2302    1.1450001
2303    1.2420001
2304    1.57
2305    0.15900004
2306    1.171
2307    1.0500001
2308    0.059000015
2309    0.33300006
2310    1.2520001
2311    1.2260001
2312    1.2090001
2313    0.39800012
2314    1.3770001
2315    1.3570001
2316    0.93500006
2317    1.8370001
2318    1.807
2319    1.6560001
2320    0.045000076
2321    1.9490001
2322    -0.06399995
2323    1.646
2324    1.626
2325    1.136
2326    1.033
2327    1.501
2328    0.96700007
2329    1.059
2330    1.567
2331    0.33300006
2332    1.161
2333    0.99500006
2334    0.62900007
2335    0.031000018
2336    1.3800001
2337    0.832
2338    0.083000064
2339    1.3440001
2340    0.559
2341    0.0710001
2342    1.848
2343    1.427
2344    -0.11399996
2345    -0.43699992
2346    2.039
2347    1.5150001
2348    0.6880001
2349    0.031000018
2350    0.99000007
2351    0.84200007
2352    0.92800003
2353    -0.7729999
2354    1.1290001
2355    1.8570001
2356    -0.8989999
2357    0.11000013
2358    0.4280001
2359    1.0710001
2360    1.5920001
2361    -0.75399995
2362    -0.3499999
2363    -1.8879999
2364    2.0470002
2365    -0.655
2366    1.3410001
2367    1.4360001
2368    0.19600001
2369    -1.346
2370    1.146
2371    1.2140001
2372    -0.7679999
2373    1.8410001
2374    -1.009
2375    -0.55499995
2376    -0.806
2377    0.19000006
2378    -2.2659998
2379    1.6200001
2380    1.5680001
2381    2.278
2382    2.0240002
2383    2.025
2384    3.045
2385    0.6980001
2386    0.92300004
2387    1.1010001
2388    -0.7379999
2389    1.0480001
2390    -0.35799992
2391    1.309
2392    0.18400002
2393    0.95600003
2394    0.989
2395    -0.9189999
2396    -2.7849998
2397    -0.54699993
2398    0.39700007
2399    -1.6149999
2400    -0.847
2401    0.6520002
2402    3.1820002
2403    -1.474
2404    0.827
2405    0.90400004
2406    0.859
2407    1.079
2408    1.3760002
2409    -1.6639998
2410    0.30100012
2411    0.83500004
2412    0.5300001
2413    8.075001
2414    -0.43499994
2415    1.9660001
2416    1.0020001
2417    -32.608
2418    -0.99899983
2419    1.812
2420    1.8920001
2421    1.6350001
2422    -0.829
2423    -3.616
2424    0.018000126
2425    0.8520001
2426    -2.609
2427    -0.96299994
2428    1.9970001
2429    0.9940002
2430    1.71
2431    0.29000008
2432    0.989
2433    1.3720001
2434    1.07
2435    1.677
2436    1.3060001
2437    -0.018999934
2438    1.4740001
2439    1.937
2440    -0.47699988
2441    0.5630001
2442    0.768
2443    1.0150001
2444    0.56100005
2445    2.943
2446    0.9110001
2447    1.6120001
2448    1.3820001
2449    0.27800012
2450    0.1270001
2451    -0.7199999
2452    1.077
2453    2.0530002
2454    -0.8299999
2455    0.3570001
2456    -0.042999983
2457    1.014
2458    1.1630001
2459    0.23400009
2460    0.943
2461    -0.6739999
2462    1.4640001
2463    -0.9619999
2464    1.0730002
2465    -1.7889999
2466    -1.2429999
2467    -1.2179999
2468    -0.3269999
2469    -17.838
2470    1.9810001
2471    1.9580001
2472    0.81000006
2473    1.6270001
2474    0.989
2475    -0.36699986
2476    1.9690001
2477    -0.019999862
2478    -0.25699997
2479    -6.106
2480    -3.23
2481    0.94900006
2482    1.6750001
2483    1.6730001
2484    1.674
2485    1.235
2486    0.40400004
2487    1.3800001
2488    0.314
2489    1.1550001
2490    1.2390001
2491    1.542
2492    0.19200003
2493    1.6500001
2494    1.7670001
2495    1.2360001
2496    1.245
2497    -0.059999943
2498    1.133
2499    -0.7449999
2500    1.202
2501    1.8210001
2502    0.36100006
2503    1.2340001
2504    1.215
2505    1.659
2506    2.056
2507    0.22800004
2508    0.9850001
2509    1.0860001
2510    0.13500011
2511    0.9620001
2512    1.0830001
2513    -0.65
2514    0.1730001
2515    0.28100002
2516    2.23
2517    1.6190001
2518    1.672
2519    1.5760001
2520    2.025
2521    -2.303
2522    1.2260001
2523    -0.49099994
2524    0.30000007
2525    1.5840001
2526    -6.527
2527    -0.47899997
2528    -0.5049999
2529    -0.6129999
2530    1.6420001
2531    1.121
2532    1.649
2533    1.105
2534    1.71
2535    1.8130001
2536    -0.48099995
2537    0.35500002
2538    1.8260001
2539    1.1790001
2540    1.9470001
2541    1.171
2542    1.1350001
2543    0.11500001
2544    -1.879
2545    2.038
2546    1.445
2547    1.4100001
2548    3.2710001
2549    -0.11499995
2550    -0.75899994
2551    0.22300005
2552    0.35200012
2553    1.1580001
2554    1.199
2555    -0.3089999
2556    1.6270001
2557    -0.7169999
2558    -1.8549999
2559    2.0870001
2560    1.2950001
2561    1.9970001
2562    1.8620001
2563    1.6300001
2564    1.2340001
2565    1.6810001
2566    6.48
2567    -4.302
2568    2.269
2569    1.6400001
2570    2.0730002
2571    -2.7729998
2572    0.18800008
2573    -1.5359999
2574    1.8750001
2575    2.0040002
2576    1.006
2577    0.24900007
2578    -0.35699987
2579    0.42900014
2580    1.3860002
2581    8.433001
2582    0.22900009
2583    -0.747
2584    1.9210001
2585    1.669
2586    1.858
2587    1.1270001
2588    1.7960001
2589    -0.4979999
2590    -0.46899998
2591    -0.464
2592    -0.599
2593    2.013
2594    1.9990001
2595    0.63600004
2596    1.6830001
2597    1.6700001
2598    1.1780001
2599    1.138
2600    1.5400001
2601    1.2980001
2602    0.17800009
2603    1.1090001
2604    1.6120001
2605    1.033
2606    0.06800008
2607    1.4230001
2608    1.353
2609    0.6
2610    0.21600008
2611    1.465
2612    1.695
2613    1.526
2614    1.1630001
2615    -0.40499997
2616    2.078
2617    0.73300004
2618    0.39600003
2619    1.0500001
2620    -0.43699992
2621    1.439
2622    -0.4979999
2623    0.3490001
2624    1.598
2625    0.23100007
2626    1.2360001
2627    0.35800004
2628    1.166
2629    1.2
2630    2.0070002
2631    1.863
2632    1.3050001
2633    1.6270001
2634    0.22500002
2635    1.6790001
2636    1.2290001
2637    0.38900006
2638    1.626
2639    1.1750001
2640    -0.46599996
2641    1.794
2642    1.2670001
2643    1.3560001
2644    1.7580001
2645    1.6330001
2646    -0.714
2647    -1.851
2648    -0.4979999
2649    -0.4979999
2650    1.881
2651    1.11
2652    1.033
2653    0.96700007
2654    1.059
2655    0.21500003
2656    0.21500003
2657    1.567
2658    0.63800013
2659    1.033
2660    1.7980001
2661    1.702
2662    0.39600003
2663    0.4280001
2664    -0.46899998
2665    2.0010002
2666    1.2370001
2667    -0.464
2668    1.1270001
2669    1.695
2670    1.6860001
2671    0.73600006
2672    1.6400001
2673    -2.771
2674    1.3860002
2675    -1.5359999
2676    1.3560001
2677    0.6420001
2678    0.64400005
2679    1.8510001
2680    1.3460001
2681    1.4660001
2682    1.161
2683    8.433001
2684    1.6120001
2685    -0.599
2686    1.4210001
2687    0.86100006
2688    0.99300003
2689    1.192
2690    1.2260001
2691    0.7170001
2692    1.3490001
2693    1.1520001
2694    0.29500008
2695    2.048
2696    1.312
2697    1.59
2698    1.7
2699    1.687
2700    0.21600008
2701    1.1780001
2702    1.2980001
2703    1.529
2704    1.4640001
2705    1.1650001
2706    -0.40399992
2707    2.078
2708    0.06800008
2709    1.3870001
2710    0.17800009
2711    1.6700001
2712    1.57
2713    0.63800013
2714    -1.851
2715    0.0710001
2716    0.083000064
2717    2.0010002
2718    0.22300005
2719    1.8230001
2720    0.78400004
2721    -0.8349999
2722    1.3490001
2723    2.0040002
2724    2.006
2725    1.631
2726    1.3870001
2727    0.5610001
2728    2.015
2729    1.3430002
2730    1.4360001
2731    1.501
2732    0.032999992
2733    0.62900007
2734    0.99500006
2735    1.161
2736    -0.834
2737    1.146
2738    0.33300006
2739    -0.7679999
2740    1.7770001
2741    1.8410001
2742    -0.8269999
2743    0.83500004
2744    -1.002
2745    -0.79699993
2746    -2.257
2747    -0.48199987
2748    -0.5899999
2749    -0.45299995
2750    -0.4619999
2751    0.01999998
2752    -0.7479999
2753    -1.4649999
2754    0.71500003
2755    1.6200001
2756    1.411
2757    1.5680001
2758    1.71
2759    1.71
2760    0.29000008
2761    0.99200004
2762    0.99600005
2763    1.3720001
2764    0.01999998
2765    1.072
2766    1.9990001
2767    1.6630001
2768    0.18900001
2769    -32.608
2770    -2.606
2771    0.21700001
2772    1.6190001
2773    2.278
2774    -0.55499995
2775    2.023
2776    2.023
2777    -0.35799992
2778    1.0480001
2779    0.702
2780    0.702
2781    0.042000055
2782    0.18900001
2783    0.18900001
2784    0.95600003
2785    -0.7299999
2786    -0.9619999
2787    0.92300004
2788    -2.7849998
2789    0.70700014
2790    0.70700014
2791    -0.54599977
2792    0.39600015
2793    0.39600015
2794    1.1010001
