0    2.3100002
1    -27.552
2    -27.619
3    -27.936
4    -27.414
5    -57.257
6    -28.556
7    -29.381
8    -29.491
9    -29.312
10    -27.924
11    -29.751999
12    -27.717
13    -29.713
14    -29.739
15    -27.705
16    -30.149
17    -27.664
18    -29.881
19    -28.024
20    -30.965
21    -29.662
22    -29.871
23    -28.379
24    -28.013
25    -27.528
26    -28.027
27    -27.793
28    -27.594
29    -27.151
30    -28.251
31    -27.865
32    -29.246
33    -29.388
34    -27.629
35    -30.0
36    -28.005
37    -28.94
38    -27.746
39    -27.638
40    -27.565
41    -27.999
42    -28.791
43    -28.7
44    -27.807
45    1.5230001
46    1.531
47    1.536
48    1.462
49    1.4640001
50    1.4360001
51    1.4430001
52    1.4430001
53    1.4250001
54    1.4510001
55    2.43
56    1.452
57    1.5330001
58    3.114
59    2.4780002
60    1.4150001
61    1.4720001
62    1.478
63    2.417
64    1.4900001
65    1.4820001
66    2.4640002
67    1.4350001
68    2.469
69    1.4480001
70    1.531
71    2.407
72    1.4790001
73    2.422
74    1.4590001
75    1.47
76    1.544
77    2.443
78    1.4640001
79    1.4640001
80    1.503
81    2.44
82    1.478
83    1.5000001
84    2.454
85    1.516
86    2.457
87    2.4310002
88    1.4870001
89    2.48
90    2.415
91    1.4280001
92    1.439
93    2.417
94    1.4440001
95    1.46
96    1.5090001
97    2.456
98    1.457
99    2.442
100    1.424
101    1.478
102    1.4210001
103    1.4410001
104    1.414
105    2.45
106    0.45400012
107    2.4450002
108    1.4890001
109    2.506
110    1.519
111    3.112
112    3.048
113    1.4990001
114    2.4520001
115    1.424
116    1.452
117    1.4790001
118    2.454
119    1.4790001
120    1.44
121    2.4440002
122    1.4950001
123    1.4790001
124    1.491
125    2.411
126    1.4430001
127    2.4380002
128    1.475
129    1.434
130    1.48
131    1.552
132    1.4560001
133    2.433
134    1.439
135    1.416
136    2.4510002
137    3.4
138    1.4490001
139    1.585
140    2.4320002
141    1.5510001
142    2.395
143    1.417
144    1.4920001
145    2.5500002
146    1.4720001
147    1.4120001
148    2.403
149    1.4460001
150    1.4640001
151    1.4360001
152    2.446
153    1.46
154    1.44
155    2.41
156    1.452
157    1.4490001
158    2.447
159    1.439
160    1.4480001
161    1.4510001
162    2.4190001
163    3.0670002
164    1.4200001
165    2.396
166    1.429
167    1.4250001
168    2.4120002
169    1.468
170    1.4770001
171    2.4510002
172    1.4380001
173    1.44
174    2.436
175    1.445
176    1.47
177    2.457
178    1.3950001
179    2.455
180    1.468
181    2.631
182    1.434
183    2.403
184    1.4070001
185    1.4490001
186    1.465
187    2.41
188    1.4560001
189    1.4050001
190    2.409
191    1.45
192    1.4490001
193    1.422
194    2.4510002
195    1.4740001
196    1.427
197    2.4120002
198    1.442
199    1.4300001
200    2.435
201    1.5560001
202    1.4310001
203    2.4050002
204    1.4250001
205    2.441
206    1.4180001
207    1.414
208    1.4280001
209    2.4120002
210    1.4020001
211    1.593
212    2.387
213    1.427
214    1.404
215    1.424
216    1.44
217    2.41
218    1.4100001
219    1.4230001
220    2.416
221    1.416
222    1.3950001
223    2.389
224    1.424
225    1.396
226    2.384
227    1.4150001
228    1.3970001
229    1.4440001
230    2.404
231    1.419
232    2.4050002
233    1.401
234    1.388
235    2.447
236    1.4560001
237    1.4410001
238    1.429
239    2.437
240    1.4410001
241    2.402
242    1.432
243    2.4580002
244    1.4180001
245    1.422
246    1.4120001
247    1.6840001
248    2.404
249    1.4810001
250    1.4250001
251    2.44
252    1.0630002
253    1.4300001
254    1.5040001
255    2.404
256    1.439
257    2.414
258    1.417
259    1.4350001
260    1.4540001
261    2.381
262    1.388
263    2.404
264    1.4300001
265    1.4280001
266    1.465
267    2.382
268    2.553
269    1.4380001
270    2.3920002
271    3.028
272    2.442
273    1.3980001
274    2.3990002
275    1.4790001
276    1.45
277    2.4120002
278    1.432
279    1.4330001
280    2.3920002
281    2.414
282    1.419
283    2.43
284    1.437
285    1.4410001
286    2.434
287    1.393
288    1.475
289    1.4970001
290    1.4260001
291    1.44
292    2.413
293    2.378
294    1.406
295    1.424
296    1.46
297    2.437
298    1.422
299    1.4310001
300    2.619
301    1.5130001
302    1.5130001
303    1.4260001
304    1.427
305    2.415
306    1.4260001
307    1.427
308    2.422
309    1.4360001
310    1.4210001
311    2.487
312    1.396
313    1.429
314    2.41
315    1.432
316    1.5450001
317    2.3930001
318    1.45
319    1.4480001
320    2.532
321    1.5020001
322    2.41
323    1.4560001
324    1.4030001
325    1.4150001
326    2.503
327    1.4260001
328    2.417
329    1.4560001
330    1.4580001
331    1.4030001
332    2.416
333    1.4250001
334    1.47
335    2.403
336    1.457
337    2.3990002
338    1.4410001
339    1.4000001
340    2.454
341    1.4080001
342    1.401
343    2.402
344    2.818
345    1.478
346    1.5020001
347    1.4460001
348    2.447
349    1.389
350    1.409
351    2.42
352    1.4430001
353    2.435
354    1.3870001
355    1.394
356    2.44
357    2.4490001
358    1.406
359    1.4950001
360    2.407
361    1.4440001
362    1.4280001
363    2.422
364    2.426
365    -28.799
366    -27.8
367    -28.855999
368    -28.836
369    -27.794
370    -28.821
371    -28.871
372    -27.818
373    -28.874
374    -28.835
375    -27.834
376    -28.925
377    -28.859
378    -27.809
379    -28.878
380    -28.825
381    1.401
382    2.434
383    1.3950001
384    1.389
385    2.4180002
386    1.3820001
387    1.4080001
388    2.3990002
389    1.422
390    1.465
391    2.415
392    1.3900001
393    1.409
394    3.569
395    1.3950001
396    2.408
397    1.439
398    2.416
399    1.4460001
400    2.381
401    6.886
402    2.413
403    1.4180001
404    2.3930001
405    2.4180002
406    1.424
407    2.383
408    2.38
409    1.4250001
410    2.408
411    2.4120002
412    2.39
413    1.432
414    1.3920001
415    2.404
416    6.8580003
417    4.329
418    2.96
419    1.2080002
420    1.399
421    1.391
422    2.3790002
423    1.3920001
424    2.382
425    1.4030001
426    2.397
427    1.399
428    1.414
429    1.3720001
430    2.388
431    1.414
432    1.391
433    2.423
434    1.3720001
435    1.3970001
436    2.397
437    1.394
438    1.9050001
439    1.3800001
440    2.032
441    2.987
442    3.256
443    3.115
444    3.7630002
445    2.227
446    1.0540001
447    2.3590002
448    4.03
449    3.279
450    2.237
451    3.0070002
452    2.2810001
453    3.779
454    1.8960001
455    3.644
456    1.9810001
457    3.4080002
458    2.237
459    2.081
460    2.1720002
461    2.025
462    1.6830001
463    1.9430001
464    4.179
465    1.3230001
466    3.605
467    1.4000001
468    2.502
469    1.4330001
470    1.447
471    1.3970001
472    0.48800004
473    0.38700008
474    1.4430001
475    0.4560001
476    1.442
477    0.41900003
478    0.48900008
479    1.4030001
480    0.47200012
481    2.243
482    1.4560001
483    0.416
484    0.42900002
485    0.3900001
486    0.47500002
487    1.125
