0    -2.58
1    -4.553
2    -4.567
3    -4.571
4    -3.57
5    -3.544
6    -3.576
7    -2.433
8    -3.457
9    -2.588
10    -2.612
11    -4.628
12    -4.518
13    -4.583
14    -4.621
15    -4.601
16    -3.542
17    -4.624
18    -4.54
19    -4.528
20    -4.592
21    -2.509
22    -4.581
23    -4.511
24    -4.578
25    -3.579
26    -3.516
27    -3.572
28    -3.578
29    -4.593
30    -3.488
31    -2.5349998
32    -2.433
33    -3.486
34    -2.452
35    -2.522
36    -2.417
37    -2.47
38    -2.537
39    -2.485
40    -3.506
41    -3.5
42    -2.496
43    -3.516
44    -2.507
45    -3.521
46    -2.555
47    -3.491
48    -3.451
49    -2.5
50    -3.511
51    -2.52
52    -3.519
53    -2.496
54    -2.4759998
55    -3.478
56    -2.525
57    -3.492
58    -2.539
59    -2.461
60    -3.47
61    -2.447
62    -3.542
63    -2.463
64    -2.4819999
65    -1.4289999
66    -1.506
67    -1.497
68    -2.521
69    -2.433
70    -2.488
71    -1.563
72    -1.5419999
73    -2.511
74    -2.4720001
75    -2.518
76    -1.459
77    -1.507
78    -2.455
79    -2.5
80    -1.516
81    -2.487
82    -1.513
83    -2.46
84    -2.446
85    -1.5209999
86    -1.533
87    -2.418
88    -1.571
89    -3.485
90    -2.527
91    -1.552
92    -2.523
93    -2.51
94    -1.509
95    -2.504
96    -2.5019999
97    -2.457
98    -1.528
99    -2.52
100    -2.4819999
101    -2.522
102    -1.516
103    -2.4819999
104    -2.545
105    -2.52
106    -2.55
107    -1.516
108    -3.5049999
109    -2.507
110    -2.426
111    -1.454
112    -2.479
113    -2.467
114    -2.5049999
115    -1.5419999
116    -2.5019999
117    1.313
118    -2.475
119    -2.486
120    -2.486
121    -1.5009999
122    -2.452
123    -2.467
124    -2.518
125    -2.494
126    -2.406
127    -1.543
128    -1.532
129    -2.537
130    -2.558
131    -2.534
132    -2.442
133    -2.539
134    -2.496
135    -2.369
136    -1.527
137    -1.601
138    -1.575
139    -2.48
140    -2.557
141    -1.438
142    -2.524
143    -2.56
144    -2.5
145    -2.523
146    -2.539
147    -2.544
148    -1.518
149    -2.521
150    -1.569
151    -2.527
152    -2.546
153    -2.494
154    -1.522
155    -1.502
156    -2.493
157    -2.5049999
158    -2.488
159    -1.495
160    -2.507
161    -1.538
162    -2.5279999
163    -2.537
164    -1.585
165    -2.559
166    -2.524
167    -2.5349998
168    -1.54
169    -1.54
170    -2.509
171    -1.541
172    -2.467
173    -2.492
174    -2.526
175    -2.562
176    -1.561
177    -2.5149999
178    -2.549
179    -2.523
180    -2.522
181    -2.552
182    -1.52
183    -2.511
184    -1.543
185    -1.499
186    -2.521
187    -2.539
188    -2.577
189    -2.545
190    -2.424
191    -2.602
192    -1.592
193    -2.583
194    -2.573
195    -1.615
196    -2.61
197    -2.593
198    -1.592
199    -2.58
200    -1.598
201    -2.588
202    -2.569
203    -2.413
204    -2.601
205    -2.59
206    -1.6159999
207    -2.578
208    -2.557
209    -1.5669999
210    -2.5509999
211    -1.5569999
212    -2.5349998
213    -2.527
214    -2.514
215    -1.515
216    -2.564
217    -2.556
218    -2.558
219    -2.574
220    -1.569
221    -2.552
222    -1.5669999
223    -2.52
224    -2.58
225    -1.571
226    -1.5339999
227    -2.5479999
228    -2.556
229    -1.552
230    -2.545
231    -2.536
232    -2.28
233    -1.496
234    -2.549
235    -2.544
236    -2.514
237    -2.572
238    -1.527
239    -2.541
240    -2.491
241    -1.569
242    -2.533
243    -1.559
244    -2.5509999
245    -2.557
246    -2.59
247    -1.5879999
248    -2.517
249    -2.53
250    -1.596
251    -2.5349998
252    -2.547
253    -2.545
254    -1.561
255    -1.586
256    -2.566
257    -1.417
258    -1.527
259    -2.493
260    -2.599
261    -1.571
262    -2.522
263    -1.561
264    -2.537
265    -2.537
266    -1.579
267    -1.561
268    -2.559
269    -1.546
270    -2.533
271    -1.527
272    -2.536
273    -2.533
274    -1.568
275    -2.589
276    -2.479
277    -2.5
278    -2.545
279    -2.532
280    -1.562
281    -1.617
282    -2.562
283    -2.534
284    -2.511
285    -1.537
286    -2.552
287    -2.538
288    -1.3499999
289    -2.4559999
290    -2.545
291    -2.54
292    -1.552
293    -2.549
294    -1.552
295    -2.539
296    -2.549
297    -1.526
298    -2.575
299    -2.537
300    -1.562
301    -2.541
302    -2.429
303    -1.5799999
304    -2.525
305    -2.527
306    -1.441
307    -2.468
308    -1.5649999
309    -2.513
310    -2.568
311    -2.557
312    -1.466
313    -2.5479999
314    -1.559
315    -2.514
316    -2.516
317    -2.57
318    -1.5569999
319    -2.5479999
320    -2.504
321    -1.571
322    -2.514
323    -1.574
324    -2.526
325    -2.574
326    -1.527
327    -2.5609999
328    -2.568
329    -1.573
330    -1.575
331    -2.566
332    -2.578
333    -2.529
334    -2.531
335    -2.475
336    -2.473
337    -2.497
338    -2.495
339    -1.5239999
340    -2.586
341    -1.518
342    -2.565
343    -2.566
344    -1.553
345    -1.56
346    -2.53
347    -1.536
348    -1.536
349    -2.5809999
350    -2.579
351    -1.538
352    -1.526
353    -2.527
354    -2.59
355    -2.579
356    -1.53
357    -1.354
358    -2.56
359    -2.566
360    -2.4720001
361    -1.5649999
362    -2.537
363    -2.536
364    -2.532
365    -2.539
366    -2.553
367    -2.518
368    -1.522
369    -1.533
370    -2.49
371    -1.541
372    -1.531
373    -1.505
374    -2.543
375    -2.536
376    -2.566
377    -1.5929999
378    -2.55
379    -1.56
380    -1.536
381    -2.538
382    -1.549
383    -2.5349998
384    -2.57
385    -1.549
386    -2.545
387    -2.529
388    -1.51
389    -2.568
390    -2.546
391    -1.502
392    -2.557
393    -2.579
394    -1.528
395    -2.584
396    -2.549
397    -1.54
398    -2.5509999
399    -2.566
400    -1.517
401    -2.61
402    -2.5349998
403    -1.539
404    -2.578
405    -2.582
406    -1.554
407    -2.589
408    -2.565
409    -1.574
410    -2.5509999
411    -2.512
412    -1.56
413    -2.585
414    -2.573
415    -2.58
416    -1.5669999
417    -2.533
418    -1.5569999
419    -2.527
420    -1.591
421    -1.578
422    -1.583
423    -2.598
424    -1.559
425    -1.6
426    -2.506
427    -2.54
428    -1.589
429    -1.589
430    -1.558
431    -2.557
432    -1.578
433    -1.555
434    -2.5509999
435    -1.587
436    -1.595
437    -2.55
438    -1.5649999
439    -1.561
440    -1.583
441    -2.541
442    -2.5809999
443    -1.569
444    -2.58
445    -2.582
446    -1.589
447    -2.5809999
448    -1.583
449    -2.584
450    -1.576
451    -2.576
452    -2.5609999
453    -2.601
454    -1.574
455    -2.555
456    -2.576
457    -1.5439999
458    -2.595
459    -2.568
460    -1.5699999
461    -2.575
462    -2.585
463    -2.601
464    -1.5799999
465    -2.557
466    -2.638
467    -1.599
468    -2.54
469    -1.6129999
470    -1.5669999
471    -2.568
472    -2.613
473    -1.579
474    -2.525
475    -2.573
476    -1.554
477    -2.538
478    -2.6069999
479    -2.565
480    -2.58
481    -1.56
482    -2.554
483    -2.6069999
484    -2.539
485    -2.608
486    -1.5899999
487    -1.577
488    -2.599
489    -2.5509999
490    -1.564
491    -2.531
492    -2.606
493    -1.572
494    -2.597
495    -2.576
496    -1.566
497    -1.6159999
498    -2.628
499    -2.603
500    -2.53
501    -2.555
502    -1.52
503    -2.619
504    -1.5899999
505    -2.55
506    -2.517
507    -2.619
508    -1.573
509    -2.563
510    -2.622
511    -1.585
512    -2.503
513    -2.593
514    -1.5699999
515    -1.609
516    -2.612
517    -2.559
