0    -6.127
1    -0.059999943
2    -7.347
3    -7.024
4    -7.006
5    -7.172
6    -10.636
7    -18.869
8    -7.041
9    -10.756
10    -6.337
11    -6.228
12    -6.072
13    -6.101
14    0.284
15    -6.3129997
16    -6.378
17    -7.064
18    -7.134
19    -5.674
20    -5.717
21    -5.5769997
22    -6.6029997
23    -6.403
24    -6.524
25    -6.674
26    -6.423
27    -6.633
28    -6.475
29    -6.955
30    -6.981
31    -6.874
32    -6.896
33    -5.692
34    -5.507
35    -9.3619995
36    -5.799
37    -4.988
38    -7.349
39    -6.94
40    -6.967
41    -43.773
42    -6.534
43    -6.5
44    -6.514
45    -6.821
46    -6.798
47    -5.766
48    -5.394
49    -8.574
50    -8.297
51    -8.583
52    -7.553
53    -8.451
54    -9.381
55    -8.517
56    -14.458
57    -12.475
58    -22.15
59    -22.369
60    -19.539
61    -18.484
62    -19.799
63    -19.763
64    -19.258
65    -19.793
66    -20.867
67    -21.247
68    -21.262
69    -25.516
70    -25.361
71    -25.411
72    -30.789
73    -30.082
74    -34.24
75    -31.301
76    -31.531
77    -31.204
78    -31.197
79    -30.797
80    -30.876999
81    -31.146
82    -31.282999
83    -30.409
84    -32.738
85    -31.104
86    -31.213
87    -31.235
88    -31.187
89    -23.392
90    -24.306
91    -19.351
92    -19.226
93    -15.295
94    -14.999
95    -15.196
96    -15.037
97    -18.047
98    -19.333
99    -16.832
100    -18.251
101    -16.94
102    -18.0
103    -19.246
104    -18.771
105    -18.817
106    -18.277
107    -16.703
108    -16.258
109    -18.003
110    -19.068
111    -19.23
112    -19.145
113    -18.082
114    -19.089
115    -18.882
116    -17.99
117    -18.038
118    -11.546
119    -11.875999
120    -12.3029995
121    -11.879
122    -12.082
123    -10.894
124    -12.28
125    -12.365
126    -12.155
127    -15.1449995
128    -16.051
129    -15.672
130    -12.456
131    -12.451
132    -12.182
133    -11.889
134    -11.967
135    -11.966
136    -12.16
137    -13.832
138    -13.87
139    -13.785
140    -13.864
141    -13.707
142    -13.59
143    -13.824
144    -13.76
145    -14.043
146    -13.705
147    -13.759
148    -13.884
149    -18.157999
150    -18.103
151    -18.878
152    -19.761
153    -18.746
154    -13.762
155    -13.761
156    -18.252
157    -18.672
158    -18.507
159    -18.809
160    -18.541
161    -18.612999
162    -18.207
163    -18.725
164    -17.834
165    -19.633
166    -18.419
167    -19.006
168    -18.9
169    -18.879
170    -18.867
171    -18.855
172    -18.815
173    -18.788
174    -18.769
175    -18.747
176    -18.499
177    -18.377
178    -18.796
179    -19.846
180    -18.814
181    -19.979
182    -18.563
183    -19.705
184    -10.975
185    -18.585
186    -18.7
187    -18.504
188    -18.612
189    -19.466
190    -19.032999
191    -18.794
192    -18.509
193    -18.833
194    -11.407
195    -10.932
196    -18.663
197    -18.943
198    -18.494
199    -18.903
200    -18.658
201    -17.586
202    -17.764
203    -18.63
204    -18.498
205    -18.737
206    -18.791
207    -18.987
208    -18.601
209    -18.454
210    -18.494
211    -19.757
212    -19.114
213    -18.87
214    -17.563
215    -18.494
216    -18.444
217    -18.764
218    -18.568
219    -18.847
220    -18.656
221    -18.723
222    -20.061
223    -18.628
224    -11.62
225    -11.777
226    -10.964
227    -10.7369995
228    -12.946
229    -11.948
230    -12.007
231    -10.878
232    -18.998
233    -18.886
234    -18.451
235    -18.999
236    -18.326
237    -18.165
238    -18.947
239    -18.362
240    -19.089
241    -18.897
242    -18.832
243    -18.56
244    -19.814
245    -19.025
246    -18.737999
247    -18.675
248    -8.65
249    -23.909
250    -23.297
251    -23.172
252    -18.987
253    -18.527
254    -18.869
255    -18.694
256    -18.799
257    -18.14
258    -18.95
259    -18.322
260    -18.7
261    -18.758
262    -19.784
263    -18.14
264    -19.802
265    -19.143
266    -19.689
267    -19.799
268    -19.427
269    -20.134
270    -20.697
271    -20.593
272    -20.441
273    -7.8859997
274    -7.554
275    -20.76
276    -20.706
277    -20.929
278    -20.494999
279    -20.627
280    -20.242
281    -8.308
282    -6.73
283    -23.646
284    -24.778
285    -20.513
286    -20.815
287    -21.686
288    -20.405
289    -20.435
290    -20.555
291    -19.666
292    -20.7
293    -20.969
294    -32.32
295    -32.022
296    -32.3
297    -31.201
298    -32.551
299    -3.031
300    -32.123
301    -31.796
302    -31.888
303    -32.236
304    -32.833
305    -4.7279997
306    -32.624
307    -32.258
308    -31.9
309    -7.232
310    -31.701
311    -4.921
312    -32.271
313    -7.172
314    -6.99
315    -31.274
316    -32.036
317    -7.267
318    -32.105
319    -32.252
320    -7.631
321    -32.282
322    -12.665
323    -30.133999
324    -31.503
325    -32.445
326    -32.213
327    -12.672
328    -32.245
329    -32.553
330    -13.236
331    -31.997
332    -13.327
333    -32.089
334    -6.3669996
335    -5.882
336    -5.882
337    -32.586998
338    -31.386
339    -33.605
340    -36.289
341    -36.494
342    -32.007
343    -35.458
344    -32.213
345    -32.226
346    -32.118
347    -27.004
348    -31.18
349    -32.676
350    -27.379
351    -27.718
352    -32.232
353    -31.866
354    -27.353
355    -27.201
356    -30.81
357    -8.535
358    -32.132
359    -9.194
360    -33.326
361    -31.888
362    -33.403
363    -32.233
364    -32.268
365    -32.432
366    -32.523
367    -32.301
368    -32.412
369    -32.103
370    -32.661
371    -32.267
372    -31.979
373    -32.558
374    -33.519
375    -32.097
376    -32.369
377    -32.28
378    -32.381
379    -32.059
380    -32.044
381    -32.446
382    -32.442
383    -33.429
384    -33.245
385    -32.725
386    -32.552
387    -32.123
388    -13.03
389    -32.692
390    -13.789
391    -32.699
392    -32.21
393    -32.735
394    -31.405
395    -32.461998
396    -32.771
397    -32.205
398    -31.917
399    -32.287
400    -12.642
401    -12.4279995
402    -32.418
403    -31.377
404    -32.35
405    -33.216
406    -32.665
407    -14.279
408    -32.425
409    -33.44
410    -32.292
411    -33.494
412    -13.8619995
413    -32.252
414    -1.5389999
415    -32.531
416    -32.334
417    -31.875
418    -13.596
419    -32.589
420    -13.789
421    -32.327
422    -32.359
423    -32.071
424    -32.001
425    -74.991
426    -32.62
427    -32.348
428    -32.474
429    -32.538
430    -32.189
431    -32.255
432    -3.2859998
433    -33.433
434    -13.254
435    -20.955
436    -32.292
437    -31.991
438    -3.532
439    -32.578
440    -13.775
441    -32.216
442    -21.243
443    -31.98
444    -1.826
445    -31.448
446    -33.234
447    -32.224
448    -32.201
449    -32.817
450    -32.714
451    -20.65
452    -32.301
453    -32.514
454    -32.677
455    -31.806
456    -32.13
457    -33.512
458    -32.381
459    -32.466
460    -20.865
461    -32.22
462    -32.288
463    -32.307
464    -32.282
465    -31.575
466    -33.439
467    -32.366
468    -32.544
469    -32.428
470    -32.516
471    -32.055
472    -32.397
473    -32.61
474    -32.287
475    -33.438
476    -31.253
477    -32.194
478    -8.452
479    -32.295
480    -32.585
481    -33.021
482    -33.093
483    -32.117
484    -32.604
485    -32.541
486    -31.893
487    -32.43
488    -7.239
489    -30.893
490    -33.348
491    -32.096
492    -32.436
493    -31.523
494    -32.476
495    -32.011
496    -33.15
497    -32.343
498    -32.418
499    -33.302
500    -32.122
501    -32.511
502    -32.359
503    -32.367
504    -32.775
505    -24.68
506    -32.331
507    -32.331
508    -24.329
509    -32.453
510    -33.775
511    -32.356
512    -32.546
513    -32.765
514    -32.541
515    -31.785
516    -32.088
517    -33.492
518    -32.041
519    -32.648
520    -32.148
521    -31.691
522    -32.504
523    -32.397
524    -32.576
525    -31.454
526    -32.268
527    -32.475
528    -32.358
529    -32.296
530    -32.282
531    -32.617
532    -31.987999
533    -32.679
534    -32.177
535    -32.715
536    -32.102
537    -32.377
538    -31.937
539    -32.431
540    -32.431
541    -31.059
542    -32.277
543    -33.522
544    -32.361
545    -32.44
546    -32.662
547    -32.315998
548    -32.306
549    -14.3
550    -11.054
551    -13.117
552    -14.217
553    -10.223
554    -12.354
555    -13.15
556    -11.815
557    -28.335
558    -32.329
559    -32.758
560    -31.409
561    -33.55
562    -32.891
563    -31.469
564    -32.439
565    -23.685
566    -32.43
567    -32.844
568    -32.431
569    -25.015
570    -32.309
571    -32.223
572    -31.679
573    -32.298
574    -16.659
575    -32.842
576    -32.498
577    -33.174
578    -16.625
579    -24.538
580    -32.834
581    -32.534
582    -32.263
583    -32.696
584    -32.844
585    -32.309
586    -32.429
587    -32.147
588    -32.87
589    -32.474
590    -33.658
591    -32.605
592    -32.833
593    -32.318
594    -32.01
595    -33.834
596    -24.705
597    -24.623
598    -32.13
599    -32.367
600    -32.8
601    -32.476
602    -32.855
603    -32.811
604    -31.023
605    -32.148
606    -24.438
607    -32.833
608    -34.311
609    -32.474
610    -32.403
611    -20.524
612    -33.822
613    -19.449
614    -33.845
615    -32.862
616    -32.024
617    -32.186
618    -32.821
619    -32.12
620    -20.929
621    -33.881
622    -31.218
623    -32.183
624    -32.646
625    -32.162
626    -32.827
627    -32.512
628    -31.694
629    -32.44
630    -35.154
631    -35.972
632    -32.466
633    -36.033
634    -12.321
635    -36.293
636    -32.884
637    -36.398
638    -15.155
639    -15.0789995
640    -37.216
641    -31.829
642    -15.014
643    -36.727
644    -35.011
645    -32.701
646    -14.511
647    -36.78
648    -36.659
649    -32.552
650    -37.922
651    -36.973
652    -32.818
653    -37.499
654    -37.579
655    -32.642
656    -36.975998
657    -37.324
658    -32.657
659    -14.306
660    -33.057
661    -32.83
662    -33.859
663    -32.32
664    -33.008
665    -33.141
666    -32.879
667    -33.495
668    -33.065
669    -32.124
670    -34.083
671    -33.845
672    -33.431
673    -33.797
674    -33.397
675    -32.502
676    -33.7
677    -32.705
678    -33.342
679    -33.847
680    -33.433
681    -33.534
682    -32.841
683    -33.827
684    -32.501
685    -33.634
686    -34.482
687    -32.401
688    -33.563
689    -33.819
690    -34.686
691    -33.295
692    -33.826
693    -32.864
694    -33.503
695    -33.566
696    -33.609
697    -33.234
698    -34.525
699    -33.333
700    -33.699
701    -33.832
702    -33.499
703    -33.788
704    -33.285
705    -34.315998
706    -33.603
707    -33.866
708    -33.749
709    -33.042
710    -32.86
711    -33.464
712    -32.256
713    -33.842
714    -32.859
715    -33.689
716    -33.399
717    -33.26
718    -33.306
719    -32.338
720    -32.977
721    -33.541
722    -33.499
723    -31.808
724    -33.196
725    -33.489
726    -33.67
727    -33.37
728    -33.326
729    -33.838
730    -34.549
731    -33.345
732    -33.397
733    -33.335
734    -33.821
735    -33.781
736    -33.558
737    -33.586998
738    -33.791
739    -32.23
740    -33.665
741    -33.184
742    -32.296
743    -32.334
744    -33.279
745    -33.839
746    -32.801
747    -32.668
748    -33.534
749    -32.832
750    -33.75
751    -33.389
752    -33.237
753    -32.236
754    -34.481
755    -33.845
756    -33.799
757    -33.255
758    -32.086
759    -34.676
760    -32.472
761    -34.239
762    -33.329
763    -33.49
764    -32.38
765    -33.195
766    -33.326
767    -33.639
768    -33.621
769    -32.315998
770    -33.386
771    -33.535
772    -32.516
773    -34.691
774    -20.707
775    -33.667
776    -32.05
777    -33.586998
778    -33.431
779    -20.505
780    -32.074
781    -33.132
782    -22.247
783    -33.243
784    -33.364
785    -20.569
786    -32.519
787    -33.014
788    -32.92
789    -33.515
790    -33.403
791    -44.381
792    -44.144
793    -45.445
794    -45.141
795    -45.074
796    -41.975998
797    -44.134
798    -45.332
799    -45.074
800    -43.361
801    -43.149
802    -45.295
803    -46.438
804    -43.244
805    -46.214
806    -45.237
807    -41.836998
808    -44.252
809    -42.161
810    -45.639
811    -44.216
812    -44.574
813    -45.172
814    -45.041
815    -43.354
816    -46.393
817    -45.224
818    -42.601
819    -43.822
820    -44.106
821    -43.099
822    -46.298
823    -46.341
824    -42.207
825    -45.58
826    -44.119
827    -44.527
828    -44.208
829    -44.314
830    -44.385
831    -44.157
832    -37.233
833    -43.85
834    -33.199
835    -43.209
836    -41.472
837    -42.95
838    -44.577
839    -44.597
840    -34.347
841    -45.286
842    -41.736
843    -43.47
844    -42.814
845    -45.47
846    -33.346
847    -44.008
848    -41.527
849    -43.619
850    -43.33
851    -45.215
852    -33.237
853    -45.921
854    -43.302
855    -45.263
856    -44.993
857    -36.313
858    -43.641
859    -46.203
860    -22.16
861    -122.701996
862    -44.454
863    -43.103
864    -45.394
865    -46.126
866    -22.284
867    -42.859
868    -36.76
869    -43.454
870    -45.076
871    -46.293
872    -17.161
873    -43.842
874    -36.189
875    -43.469
876    -44.313
877    -43.299
878    -45.476
879    -20.351
880    -37.092
881    -44.107
882    -44.253
883    -33.483
884    -45.163
885    -44.235
886    -44.44
887    -43.507
888    -41.461998
889    -45.108
890    -33.576
891    -45.533
892    -44.688
893    -42.076
894    -45.298
895    -44.133
896    -35.661
897    -44.206
898    -43.194
899    -43.477
900    -46.295
901    -44.125
902    -44.204
903    -33.359
904    -42.848
905    -42.257
906    -44.314
907    -34.671
908    -43.872
909    -44.943
910    -45.023
911    -42.193
912    -44.252
913    -44.357
914    -33.288
915    -45.095
916    -42.141
917    -44.314
918    -42.274
919    -44.268
920    -44.306
921    -46.282
922    -44.41
923    -33.218
924    -43.912
925    -43.521
926    -45.062
927    -33.668
928    -43.37
929    -44.127
930    -45.003
931    -41.583
932    -33.142
933    -44.258
934    -43.386
935    -42.598
936    -43.552
937    -44.325
938    -44.401
939    -32.971
940    -43.355
941    -42.386
942    -43.718
943    -43.18
944    -33.639
945    -44.395
946    -41.817
947    -44.314
948    -41.134
949    -44.374
950    -44.329
951    -33.273
952    -43.417
953    -42.324
954    -43.945
955    -44.632
956    -43.942
957    -44.525
958    -45.037
959    -33.279
960    -43.609
961    -43.012
962    -43.226
963    -44.326
964    -45.452
965    -33.349
966    -43.931
967    -45.375
968    -42.345
969    -44.41
970    -43.964
971    -44.113
972    -45.239
973    -42.053
974    -37.284
975    -45.478
976    -44.368
977    -44.711998
978    -19.922
979    -45.157
980    -41.608
981    -37.372
982    -45.321
983    -46.228
984    -20.982
985    -43.045
986    -43.87
987    -36.211
988    -44.064
989    -19.318
990    -42.735
991    -44.205
992    -44.703
993    -44.154
994    -43.111
995    -44.114
996    -19.782
997    -35.63
998    -44.554
999    -42.961998
1000    -37.157
1001    -43.103
1002    -20.112999
1003    -45.274
1004    -42.105
1005    -42.744
1006    -37.099
1007    -43.902
1008    -46.222
1009    -42.137
1010    -45.471
1011    -37.494
1012    -44.546
1013    -46.403
1014    -44.514
1015    -42.995
1016    -33.286
1017    -42.32
1018    -44.387
1019    -45.126
1020    -45.363
1021    -43.541
1022    -33.379
1023    -44.321
1024    -44.457
1025    -44.995
1026    -42.577
1027    -44.538
1028    -42.331
1029    -43.418
1030    -45.037
1031    -33.364
1032    -45.482
1033    -42.686
1034    -46.47
1035    -43.3
1036    -46.111
1037    -33.373
1038    -45.252
1039    -42.364
1040    -44.249
1041    -44.514
1042    -43.159
1043    -33.511
1044    -44.16
1045    -42.383
1046    -44.253
1047    -45.056
1048    -42.711998
1049    -43.397
1050    -34.001
1051    -43.263
1052    -46.407
1053    -45.421
1054    -34.113
1055    -43.528
1056    -33.468
1057    -44.298
1058    -43.868
1059    -44.335
1060    -40.86
1061    -44.326
1062    -43.167
1063    -42.269
1064    -34.552
1065    -43.54
1066    -44.412
1067    -44.133
1068    -43.247
1069    -44.197998
1070    -42.631
1071    -43.161
1072    -33.371
1073    -43.932
1074    -42.238
1075    -42.005
1076    -43.654
1077    -33.336
1078    -43.655
1079    -44.211998
1080    -44.389
1081    -44.159
1082    -43.564
1083    -42.302
1084    -33.364
1085    -44.533
1086    -43.045
1087    -42.924
1088    -44.381
1089    -44.574
1090    -43.385
1091    -43.322998
1092    -33.336998
1093    -44.479
1094    -42.489
1095    -45.042
1096    -44.302
1097    -44.255
1098    -33.421
1099    -45.592
1100    -44.294
1101    -44.253
1102    -42.26
1103    -44.947
1104    -42.567
1105    -34.576
1106    -44.214
1107    -44.34
1108    -44.421
1109    -42.244
1110    -44.247
1111    -44.193
1112    -33.215
1113    -43.422
1114    -42.228
1115    -44.485
1116    -44.091
1117    -41.893
1118    -43.185
1119    -32.352
1120    -44.202
1121    -42.114
1122    -43.075
1123    -44.004
1124    -42.322
1125    -42.25
1126    -44.086
1127    -44.283
1128    -43.129
1129    -33.091
1130    -44.026
1131    -42.399
1132    -43.884
1133    -43.88
1134    -42.528
1135    -44.438
1136    -32.24
1137    -44.357
1138    -42.256
1139    -43.319
1140    -32.303
1141    -43.151
1142    -42.958
1143    -45.468
1144    -44.385
1145    -41.326
1146    -33.169
1147    -43.216
1148    -42.438
1149    -43.213
1150    -44.228
1151    -44.167
1152    -45.487
1153    -40.864
1154    -44.32
1155    -33.461
1156    -43.134
1157    -44.186
1158    -43.881
1159    -41.377
1160    -33.387
1161    -44.506
1162    -43.618
1163    -44.119
1164    -43.952
1165    -44.6
1166    -42.277
1167    -44.913
1168    -33.135
1169    -43.331
1170    -44.24
1171    -44.282
1172    -44.159
1173    -42.14
1174    -44.317
1175    -33.254
1176    -42.79
1177    -44.192
1178    -41.369
1179    -33.697998
1180    -45.092
1181    -44.311
1182    -43.986
1183    -43.111
1184    -43.786
1185    -47.264
1186    -46.14
1187    -43.839
1188    -49.244
1189    -47.974
1190    -48.438
1191    -49.11
1192    -46.415
1193    -43.365
1194    -50.205
1195    -47.03
1196    -46.129
1197    -42.936
1198    -48.248
1199    -48.243
1200    -49.036
1201    -55.904
1202    -52.253
1203    -50.161
1204    -54.036
1205    -56.885
1206    -55.013
1207    -25.476
1208    -56.118
1209    -54.884
1210    -50.834
1211    -41.37
1212    -53.775
1213    -29.088
1214    -54.048
1215    -54.758
1216    -58.121
1217    -53.314
1218    -42.451
1219    -53.029
1220    -31.796
1221    -44.569
1222    -56.224
1223    -42.046
1224    -54.369
1225    -50.123
1226    -46.285
1227    -28.227
1228    -55.074
1229    -40.556
1230    -42.702
1231    -31.021
1232    -53.815
1233    -56.923
1234    -36.553
1235    -54.169
1236    -135.154
1237    -55.127
1238    -54.103
1239    -40.783
1240    -54.007
1241    -50.098
1242    -48.322
1243    -53.016
1244    -54.4
1245    -47.151
1246    -46.076
1247    -43.242
1248    -53.814
1249    -52.96
1250    -51.108
1251    -53.192
1252    -53.277
1253    -52.511
1254    -47.177
1255    -53.364
1256    -54.304
1257    -51.529
1258    -43.978
1259    -50.811
1260    -47.376
1261    -51.024
1262    -55.231
1263    -44.197
1264    -52.147
1265    -46.299
1266    -52.737
1267    -50.986
1268    -50.87
1269    -52.037
1270    -43.982
1271    -53.237
1272    -52.991
1273    -52.197
1274    -46.957
1275    -54.138
1276    -51.396
1277    -51.334
1278    -44.056
1279    -53.112
1280    -52.906
1281    -53.08
1282    -47.076
1283    -52.789
1284    -44.131
1285    -54.032
1286    -49.707
1287    -48.336
1288    -53.206
1289    -52.991
1290    -53.136
1291    -52.385
1292    -53.283
1293    -44.148
1294    -53.289
1295    -45.418
1296    -51.25
1297    -49.347
1298    -47.445
1299    -52.225
1300    -53.039
1301    -50.012
1302    -44.431
1303    -47.215
1304    -51.391
1305    -53.232
1306    -51.765
1307    -52.35
1308    -44.222
1309    -49.12
1310    -51.288
1311    -51.347
1312    -44.156
1313    -49.111
1314    -48.959
1315    -50.479
1316    -53.022
1317    -54.304
1318    -54.889
1319    -55.14
1320    -54.209
1321    -53.383
1322    -54.26
1323    -55.331
1324    -52.335
1325    -53.197
1326    -54.11
1327    -54.079
1328    -54.401
1329    -54.048
1330    -54.078
1331    -53.428
1332    -52.044
1333    -52.03
1334    -52.292
1335    -54.178
1336    -56.238
1337    -52.065
1338    -53.849
1339    -52.996
1340    -55.207
1341    -54.895
1342    -50.934
1343    -51.41
1344    -49.341
1345    -52.148
1346    -52.998
1347    -55.190998
1348    -54.157
1349    -50.153
1350    -51.359
1351    -53.034
1352    -51.49
1353    -56.393
1354    -55.487
1355    -53.867
1356    -51.29
1357    -51.464
1358    -51.352
1359    -56.077
1360    -53.921
1361    -51.55
1362    -53.039
1363    -52.095
1364    -51.047
1365    -55.267
1366    -52.054
1367    -52.218
1368    -53.095
1369    -56.255
1370    -52.14
1371    -57.235
1372    -54.305
1373    -54.106
1374    -54.447998
1375    -54.041
1376    -55.036
1377    -56.348
1378    -51.979
1379    -53.715
1380    -53.038
1381    -37.327
1382    -54.286
1383    -53.911
1384    -53.523
1385    -55.273
1386    -53.965
1387    -53.188
1388    -55.065998
1389    -54.08
1390    -51.104
1391    -57.297
1392    -52.715
1393    -53.038
1394    -37.675
1395    -36.822
1396    -38.294
1397    -55.344
1398    -52.011
1399    -55.892
1400    -52.912
1401    -55.2
1402    -52.947
1403    -55.265
1404    -50.934
1405    -55.383
1406    -53.998
1407    -52.025
1408    -54.156
1409    -53.869
1410    30.599003
1411    -51.093
1412    -54.234
1413    -52.104
1414    -54.399
1415    -54.2
1416    -53.904
1417    -55.137
1418    -54.209
1419    -47.54
1420    -49.868
1421    -47.391
1422    -50.13
1423    -48.281
1424    -46.222
1425    -48.209
1426    -48.4
1427    -50.455
1428    -48.039
1429    -49.351
1430    -47.165
1431    -49.5
1432    -48.585
1433    -47.369
1434    -47.331
1435    -48.447
1436    -50.19
1437    -48.826
1438    -47.006
1439    -48.483
1440    -46.492
1441    -49.379
1442    -50.126
1443    -50.108
1444    -46.092
1445    -51.184
1446    -48.346
1447    -39.147
1448    -50.193
1449    -48.135
1450    -39.661
1451    -47.957
1452    -46.604
1453    -48.162
1454    -48.850998
1455    -49.086
1456    -48.253
1457    -50.371
1458    -39.086998
1459    -47.006
1460    -47.99
1461    -48.249
1462    -38.966
1463    -47.802
1464    -50.098
1465    -47.258
1466    -49.315
1467    -49.071
1468    -48.027
1469    -47.172
1470    -48.882
1471    -48.28
1472    -49.264
1473    -48.94
1474    -49.536
1475    -49.294
1476    -49.404
1477    -48.097
1478    -46.829
1479    -50.328
1480    -48.133
1481    -38.711998
1482    -48.193
1483    -49.252
1484    -39.079
1485    -48.314
1486    -49.044
1487    -47.28
1488    -39.287
1489    -39.112
1490    -44.39
1491    -51.93
1492    -53.159
1493    -44.311
1494    -48.797
1495    -43.827
1496    -80.6
1497    -82.336
1498    -80.712
1499    -73.819
1500    -79.018
1501    -79.598
1502    -75.024
1503    -81.749
1504    -76.283
1505    -77.706
1506    -80.572
1507    -78.717
1508    -79.605
1509    -83.7
1510    -78.187
1511    -79.281
1512    -79.675
1513    -77.187
1514    -76.787
1515    -75.139
1516    -83.489
1517    -81.827
1518    -77.275
1519    -81.234
1520    -80.967
1521    -74.553
1522    -82.944
1523    -81.214
1524    -79.855
1525    -82.226
1526    -77.437
1527    -79.164
1528    -77.324
1529    -77.082
1530    -81.972
1531    -80.615
1532    -81.431
1533    -81.113
1534    -77.977
1535    -77.941
1536    -80.065
1537    -80.803
1538    -82.926
1539    -76.827
1540    -77.113
1541    -78.111
1542    -79.93
1543    -77.187
1544    -79.831
1545    -77.15
1546    -81.037
1547    -78.854
1548    -78.907
1549    -81.114
1550    -78.848
1551    -80.952
1552    -74.828
1553    -81.737
1554    -81.988
1555    -74.333
1556    -75.331
1557    -81.845
1558    -76.902
1559    -77.782
1560    -74.525
1561    -77.054
1562    -82.724
1563    -78.763
1564    -75.564
1565    -77.091
1566    -75.86
1567    -78.046
1568    -76.816
1569    -75.827
1570    -82.713
1571    -82.009
1572    -78.786
1573    -76.082
1574    -77.026
1575    -78.915
1576    -80.617
1577    -80.039
1578    -82.246
1579    -43.088
1580    -42.076
1581    -44.229
1582    -44.03
1583    -44.091
1584    -43.338
1585    -44.35
1586    -42.208
1587    -43.923
1588    -44.161
1589    -44.502
1590    -43.597
1591    -43.978
1592    -44.359
1593    -42.847
1594    -44.354
1595    -43.157
1596    -42.723
1597    -42.72
1598    -42.238
1599    -52.994
1600    -53.314
1601    -53.262
1602    -53.963
1603    -54.333
1604    -51.804
1605    -54.48
1606    -53.464
1607    -54.409
1608    -52.906
1609    -52.456
1610    -54.119
1611    -51.489
1612    -54.079
1613    -52.27
1614    -49.461
1615    -43.187
1616    -43.411
1617    -42.615
1618    -44.302
1619    -44.137
1620    -44.26
1621    -73.36
1622    -72.949
1623    -73.248
1624    -72.175
1625    -74.057
1626    -74.163
1627    -74.152
1628    -72.236
1629    -73.575
1630    -72.085
1631    -72.365
1632    -74.073
1633    -73.133
1634    -75.944
1635    -73.172
1636    -73.323
1637    -72.204
1638    -73.352
1639    -74.092
1640    -73.373
1641    -73.189
1642    -73.136
1643    -73.309
1644    -72.508
1645    -78.101
1646    -79.407
1647    -78.217
1648    -79.075
1649    -77.978
1650    -77.329
1651    -79.45
1652    -77.164
1653    -78.21
1654    -77.907
1655    -42.739
1656    -46.015
1657    -43.333
1658    -46.173
1659    -47.991
1660    -48.199
1661    -45.112
1662    -48.241
1663    -48.267
1664    -47.575
1665    -47.33
1666    -46.445
1667    -48.347
1668    -48.115
1669    -46.36
1670    -48.06
1671    -48.013
1672    -45.346
1673    -48.306
1674    -47.513
1675    -48.272
1676    -48.043
1677    -45.244
1678    -48.172
1679    -48.125
1680    -46.202
1681    -48.173
1682    -46.227
1683    -47.872
1684    -47.389
1685    -47.49
1686    -48.473
1687    -45.255
1688    -48.229
1689    -48.106
1690    -45.529
1691    -48.286
1692    -44.523
1693    -48.228
1694    -47.076
1695    -47.299
1696    -48.392
1697    -48.505
1698    -45.728
1699    -47.989
1700    -48.199
1701    -46.545
1702    -48.092
1703    -47.447
1704    -46.164
1705    -48.056
1706    -47.238
1707    -48.045
1708    -46.171
1709    -46.518
1710    -48.207
1711    -48.322
1712    -46.051
1713    -48.367
1714    -44.148
1715    -48.44
1716    -47.991
1717    -47.618
1718    -47.925
1719    -46.196
1720    -47.213
1721    -46.124
1722    -47.608
1723    -47.278
1724    -48.279
1725    -46.143
1726    -48.209
1727    -48.438
1728    -48.256
1729    -46.519
1730    -48.041
1731    -46.201
1732    -48.134
1733    -44.364
1734    -48.036
1735    -47.023
1736    -46.117
1737    -48.236
1738    -47.854
1739    -48.458
1740    -48.047
1741    -44.365
1742    -48.118
1743    -46.282
1744    -78.173
1745    -47.148
1746    -51.171
1747    -80.619
1748    -46.734
1749    -44.994
1750    -51.15
1751    -47.367
1752    -80.259
1753    -48.085
1754    -50.319
1755    -50.185
1756    -46.207
1757    -48.329
1758    -78.132
1759    -46.489
1760    -47.192
1761    -48.121
1762    -51.355
1763    -48.121
1764    -76.413
1765    -46.293
1766    -46.068
1767    -47.127
1768    -47.152
1769    -45.974
1770    -77.15
1771    -45.76
1772    -47.274
1773    -48.181
1774    -47.3
1775    -46.48
1776    -47.358
1777    -77.172
1778    -47.494
1779    -46.897
1780    -45.884
1781    -46.979
1782    -77.383
1783    -47.871
1784    -47.444
1785    -48.404
1786    -45.405
1787    -47.077
1788    -77.458
1789    -45.812
1790    -46.344
1791    1.0
1792    -45.228
1793    -48.005
1794    -77.111
1795    -47.994
1796    -48.186
1797    -45.961
1798    -48.25
1799    -48.052
1800    -77.185
1801    -48.497
1802    -44.343
1803    -48.469
1804    -47.875
1805    -77.188
1806    -48.098
1807    -48.285
1808    -45.211998
1809    -48.447
1810    -77.609
1811    -47.223
1812    -48.461
1813    -46.08
1814    -45.181
1815    -46.709
1816    -47.261
1817    -77.305
1818    -48.331
1819    -47.102
1820    -46.457
1821    -47.077
1822    -47.991
1823    -77.429
1824    -46.161
1825    -47.702
1826    -47.257
1827    -47.584
1828    -47.26
1829    -77.023
1830    -46.037
1831    -47.107
1832    -47.9
1833    -47.514
1834    -48.188
1835    -76.422
1836    -46.384
1837    -47.479
1838    -47.977
1839    -77.262
1840    -48.319
1841    -47.701
1842    -45.343
1843    -48.25
1844    -48.605
1845    -77.022
1846    -48.454
1847    -45.19
1848    -48.28
1849    -47.068
1850    -46.915
1851    -77.455
1852    -48.426
1853    -45.249
1854    -47.213
1855    -47.909
1856    -48.123
1857    -77.565
1858    -40.25
1859    -43.333
1860    -42.197998
1861    -72.5
1862    -43.352
1863    -41.473
1864    -43.271
1865    -43.084
1866    -71.209
1867    -43.244
1868    -41.181
1869    -42.94
1870    -43.065
1871    -75.346
1872    -40.433
1873    -43.256
1874    -42.997
1875    -42.399
1876    -43.363
1877    -43.274
1878    -43.433
1879    -41.16
1880    -72.273
1881    -41.917
1882    -43.349
1883    -73.078
1884    -41.193
1885    -41.742
1886    -43.176
1887    -42.118
1888    -72.34
1889    -41.153
1890    -43.335
1891    -43.326
1892    -43.338
1893    -43.317
1894    -71.907
1895    -31.126999
1896    -34.496
1897    -33.693
1898    -34.444
1899    -63.572998
1900    -34.107
1901    -33.339
1902    -34.051
1903    -34.543
1904    -63.586
1905    -34.356
1906    -34.463
1907    -33.518
1908    -63.332
1909    -34.303
1910    -34.492
1911    -33.458
1912    -63.183
1913    -33.314
1914    -34.611
1915    -34.627
1916    -34.333
1917    -63.544
1918    -33.26
1919    -33.228
1920    -33.693
1921    -63.472
1922    -34.485
1923    -34.24
1924    -32.315998
1925    -34.364
1926    -39.468
1927    -37.887
1928    -63.493
1929    -34.584
1930    -33.336
1931    -34.539
1932    -33.38
1933    -63.35
1934    -33.415
1935    -33.606
1936    -33.091
1937    -38.259
1938    -34.385
1939    -62.769
1940    -33.172
1941    -38.037
1942    -63.534
1943    -33.611
1944    -63.523
1945    -38.236
1946    -34.279
1947    -34.233
1948    -34.773
1949    -34.738
1950    -39.145
1951    -33.485
1952    -32.685
1953    -34.5
1954    -33.027
1955    -34.41
1956    -39.213
1957    -34.421
1958    -34.333
1959    -33.731
1960    -34.2
1961    -38.64
1962    -34.289
1963    -34.396
1964    -34.544
1965    -34.31
1966    -34.149
1967    -37.697
1968    -33.284
1969    -34.187
1970    -33.39
1971    -33.56
1972    -34.246
1973    -34.225
1974    -39.292
1975    -34.491
1976    -63.514
1977    -34.319
1978    -63.513
1979    -33.053
1980    -33.947
1981    -34.29
1982    -63.108
1983    -34.51
1984    -33.565
1985    -33.431
1986    -32.75
1987    -34.064
1988    -34.704
1989    -63.701
1990    -32.967
1991    -34.514
1992    -34.55
1993    -34.796
1994    -34.38
1995    -63.533
1996    -34.397
1997    -34.284
1998    -33.294
1999    -63.575
2000    -34.315998
2001    -34.154
2002    -34.231
2003    -34.204
2004    -34.61
2005    -62.554
2006    -34.476
2007    -34.487
2008    -34.435
2009    -34.049
2010    -62.368
2011    -33.993
2012    -32.578
2013    -34.828
2014    -34.547
2015    -63.638
2016    -34.431
2017    -34.375
2018    -34.515
2019    -34.195
2020    -34.292
2021    -63.455
2022    -34.773
2023    -34.517
2024    -34.544
2025    -63.396
2026    -34.354
2027    -33.146
2028    -39.663
2029    -39.4
2030    -33.609
2031    -37.51
2032    -67.231
2033    -38.503
2034    -39.447
2035    -39.4
2036    -68.292
2037    -39.275
2038    -34.377
2039    -39.322
2040    -38.199
2041    -37.542
2042    -70.608
2043    -37.62
2044    -39.71
2045    -38.183
2046    -67.205
2047    -28.471
2048    -28.277
2049    -28.9
2050    -28.478
2051    -28.24
2052    -58.44
2053    -28.138
2054    -28.301
2055    -28.331
2056    -58.476
2057    -28.86
2058    -28.808
2059    -27.624
2060    -28.946
2061    -27.508
2062    -58.633
2063    -28.618
2064    -28.38
2065    -28.565
2066    -28.78
2067    -28.69
2068    -58.611
2069    -28.563
2070    -28.693
2071    -28.36
2072    -28.833
2073    -58.624
2074    -27.128
2075    -28.309
2076    -28.721
2077    -27.528
2078    -58.872
2079    -28.705
2080    -26.967
2081    -28.741
2082    -28.958
2083    -59.539
2084    -28.695
2085    -28.288
2086    -28.615
2087    -28.897
2088    -58.734
2089    -28.577
2090    -28.579
2091    -58.78
2092    -27.462
2093    -28.229
2094    -27.092
2095    -27.486
2096    -28.334
2097    -27.388
2098    -57.78
2099    -27.659
2100    -28.586
2101    -58.529
2102    -28.438
2103    -28.417
2104    -28.553
2105    -28.465
2106    -58.405
2107    -28.4
2108    -28.54
2109    -28.557
2110    -27.828
2111    -58.785
2112    -28.546
2113    -27.865
2114    -28.412
2115    -58.832
2116    -28.675
2117    -28.362999
2118    -28.454
2119    -27.932
2120    -28.564
2121    -58.572
2122    -28.545
2123    -58.599
2124    -28.129
2125    -28.973
2126    -58.507
2127    -28.549
2128    -28.762
2129    -28.712
2130    -58.974
2131    -28.571
2132    -28.501
2133    -58.715
2134    -27.516
2135    -28.742
2136    -28.406
2137    -28.225
2138    -57.095
2139    -28.534
2140    -28.411
2141    -28.923
2142    -58.472
2143    -28.465
2144    -28.282999
2145    -29.716
2146    -29.730999
2147    -27.458
2148    -58.331
2149    -28.506
2150    -28.405
2151    -28.582
2152    -58.913
2153    -28.583
2154    -28.498
2155    -27.676
2156    -57.652
2157    -27.32
2158    -28.396
2159    -28.71
2160    -58.83
2161    -28.455
2162    -27.52
2163    -27.857
2164    -58.616
2165    -28.649
2166    -28.687
2167    -28.528
2168    -28.265
2169    -58.358
2170    -28.559
2171    -28.24
2172    -28.601
2173    -58.893
2174    -28.549
2175    -28.781
2176    -28.219
2177    -58.488
2178    -28.980999
2179    -58.709
2180    -27.484
2181    -28.765
2182    -27.351
2183    -28.802
2184    -58.492
2185    -27.821
2186    -28.515
2187    -58.351
2188    -28.333
2189    -28.881
2190    -58.908
2191    -28.547
2192    -28.282
2193    -28.687
2194    -58.306
2195    -28.164
2196    -28.204
2197    -58.436
2198    -28.476
2199    -28.567
2200    -58.586998
2201    -27.883
2202    -58.426
2203    -28.763
2204    -28.478
2205    -60.983
2206    -28.598
2207    -28.707
2208    -58.831
2209    -28.64
2210    -27.585
2211    -58.476
2212    -28.292
2213    -28.625
2214    -28.503
2215    -28.95
2216    -28.532
2217    -28.595
2218    -28.104
2219    -28.643
2220    -58.707
2221    -28.355
2222    -28.514
2223    -28.612999
2224    -27.679
2225    -28.579
2226    -28.578
2227    -28.637
2228    -58.373
2229    -28.629
2230    -28.226
2231    -28.553
2232    -28.842
2233    -28.309
2234    -28.592
2235    -28.763
2236    -28.987
2237    -58.275
2238    -28.586
2239    -28.558
2240    -28.617
2241    -28.634
2242    -26.532999
2243    -27.605
2244    -28.513
2245    -28.664
2246    -58.387
2247    -27.423
2248    -28.421
2249    -28.968
2250    -28.32
2251    -28.777
2252    -28.664
2253    -58.832
2254    -28.563
2255    -28.623
2256    -28.941
2257    -27.632
2258    -28.614
2259    -28.527
2260    -27.627
2261    -28.617
2262    -58.504
2263    -28.475
2264    -27.338
2265    -28.319
2266    -27.648
2267    -28.627
2268    -27.633
2269    -27.691
2270    -28.455
2271    -58.538
2272    -28.653
2273    -28.676
2274    -58.552
2275    -28.612999
2276    -58.464
2277    -28.697
2278    -27.202
2279    -28.413
2280    -27.371
2281    -28.791
2282    -28.457
2283    -27.691
2284    -28.88
2285    -28.422
2286    -27.453
2287    -28.693
2288    -28.671
2289    -28.548
2290    -28.944
2291    -27.424
2292    -26.425
2293    -28.134
2294    -27.917
2295    -28.789
2296    -28.591
2297    -28.621
2298    -27.719
2299    -26.572
2300    -27.144
2301    -10.707
2302    -3.3009999
2303    -10.502
2304    -7.21
2305    -10.94
2306    -11.086
2307    -6.231
2308    -10.621
2309    -10.866
2310    -11.15
2311    -11.917
2312    -11.108
2313    -11.507999
2314    -9.279
2315    -11.173
2316    -9.672
2317    -12.157
2318    -10.416
2319    -11.943
2320    -28.574
2321    -28.726
2322    -6.597
2323    -28.483
2324    -6.232
2325    -28.466
2326    -28.547
2327    -4.9639997
2328    -28.16
2329    -7.109
2330    -6.398
2331    -28.655
2332    -28.243
2333    -6.001
2334    -28.267
2335    -4.856
2336    -28.919
2337    -8.356
2338    -28.65
2339    -6.778
2340    -26.779
2341    -5.758
2342    -28.193
2343    -5.296
2344    -27.446
2345    -6.035
2346    -28.751
2347    -8.061
2348    -28.494999
2349    -6.0249996
2350    -28.306
2351    -7.606
2352    -28.455
2353    -7.95
2354    -28.75
2355    -3.462
2356    -27.268
2357    -6.92
2358    -28.59
2359    -4.253
2360    -28.664
2361    -5.67
2362    -28.465
2363    -6.46
2364    -27.959
2365    -7.486
2366    -28.499
2367    -6.75
2368    -28.244999
2369    -7.315
2370    -28.494
2371    -7.628
2372    -28.696
2373    -8.912
2374    -27.604
2375    -3.15
2376    -28.467
2377    -9.905
2378    -28.744999
2379    -6.366
2380    -27.675
2381    -7.647
2382    -28.479
2383    -6.033
2384    -34.296
2385    1.12
2386    -34.708
2387    -7.749
2388    -31.805
2389    -8.834
2390    -33.614
2391    -34.836
2392    -34.196
2393    -34.236
2394    -33.666
2395    -33.482
2396    -34.585
2397    -34.165
2398    -34.574
2399    -34.468
2400    -34.185
2401    -33.259
2402    -34.507
2403    -34.434
2404    -33.283
2405    -33.211998
2406    -34.769
2407    -32.684
2408    -34.509
2409    -34.584
2410    -34.723
2411    -33.975
2412    -34.485
2413    -34.16
2414    -34.297
2415    -34.419
2416    -33.454
2417    -34.417
2418    -34.189
2419    -34.248
2420    -34.467
2421    -34.15
2422    -34.681
2423    -33.983
2424    -34.718
2425    -34.332
2426    -33.424
2427    -33.825
2428    -34.307
2429    -34.566
2430    -33.603
2431    -34.329
2432    -34.372
2433    -34.57
2434    -33.245
2435    -34.187
2436    -33.655
2437    -33.424
2438    -33.471
2439    -34.722
2440    -34.229
2441    -34.068
2442    -33.392
2443    -34.396
2444    -33.592
2445    -34.82
2446    -34.697998
2447    -34.334
2448    -33.586
2449    -34.238
2450    -34.606
2451    -33.171
2452    -34.426
2453    -34.301
2454    -34.779
2455    -34.489
2456    -34.603
2457    -34.52
2458    -34.166
2459    -32.847
2460    -34.34
2461    -33.693
2462    -34.263
2463    -34.685
2464    -34.178
2465    -34.219
2466    -32.489
2467    -34.803
2468    -34.59
2469    -34.591
2470    -34.127
2471    -34.501
2472    -34.593
2473    -33.287
2474    -34.4
2475    -33.831
2476    -33.223
2477    -34.245
2478    -32.612
2479    -34.25
2480    -34.658
2481    -34.127
2482    -34.608
2483    -34.444
2484    -34.46
2485    -34.236
2486    -34.294
2487    -33.343
2488    -34.564
2489    -33.797
2490    -34.192
2491    -33.812
2492    -32.955
2493    -34.72
2494    -34.117
2495    -33.803
2496    -34.333
2497    -31.537
2498    -34.627
2499    -34.749
2500    -34.34
2501    -33.914
2502    -34.281
2503    -34.407
2504    -34.627
2505    -34.428
2506    -34.707
2507    -33.31
2508    -32.728
2509    -34.333
2510    -34.355
2511    -33.143
2512    -33.943
2513    -34.595
2514    -34.632
2515    -39.342
2516    -38.35
2517    -37.535
2518    -37.438
2519    -38.318
2520    -39.173
2521    -39.048
2522    -39.437
2523    -39.21
2524    -39.351
2525    -38.384
2526    -39.614
2527    -39.465
2528    -39.331
2529    -39.12
2530    -38.183
2531    -38.788
2532    -39.385
2533    -39.741
2534    -38.956
2535    -39.079
2536    -37.827
2537    -39.416
2538    -38.557
2539    -38.658
2540    -39.218
2541    -39.185
2542    -38.344
2543    -39.579
2544    -38.434
2545    -38.348
2546    -37.48
2547    -38.019
2548    -39.499
2549    -39.471
2550    -39.774
2551    -38.663
2552    -38.659
2553    -39.367
2554    -39.206
2555    -39.046
2556    -39.778
2557    -38.181
2558    -39.36
2559    -38.427
2560    -38.137
2561    -38.899
2562    -39.626
2563    -38.33
2564    -38.319
2565    -39.576
2566    -34.096
2567    -34.658
2568    -34.459
2569    -34.572
2570    -34.321
2571    -34.451
2572    -34.392
2573    -34.392
2574    -34.491
2575    -34.196
2576    -34.663
2577    -33.296
2578    -34.19
2579    -34.531
2580    -34.583
2581    -34.405
2582    -28.596
2583    -26.735
2584    -28.612
2585    -27.423
2586    -32.359
2587    -32.394
2588    -32.313
2589    -32.423
2590    -32.264
2591    -32.449
2592    -32.772
2593    -32.204
2594    -32.706
2595    -32.422
2596    -32.335
2597    -55.249
2598    -53.191
2599    -54.841
2600    -54.973
2601    -53.802
2602    -55.03
2603    -54.754
2604    -54.972
2605    -54.429
2606    -55.072998
2607    -52.921
2608    -54.441
2609    -54.105
2610    -54.808
2611    -55.417
2612    -54.302
2613    -54.8
2614    -55.486
2615    -54.328
2616    -55.078
2617    -54.171
2618    -54.794
2619    -53.655
2620    -54.248
2621    -55.28
2622    -53.658
2623    -56.003
2624    -54.986
2625    -55.844
2626    -55.652
2627    -55.996
2628    -55.385
2629    -54.117
2630    -56.149
2631    -54.614998
2632    -55.176
2633    -53.677
2634    -55.53
2635    -55.463
2636    -55.818
2637    -51.266
2638    -55.296
2639    -55.92
2640    -55.515
2641    -43.51
2642    -55.658
2643    -56.352
2644    -55.87
2645    -56.099
2646    -55.574
2647    -55.213
2648    -55.815
2649    -54.109
2650    -43.457
2651    -54.998
2652    -56.187
2653    -55.362
2654    -56.257
2655    -50.923
2656    -55.334
2657    -55.232
2658    -54.85
2659    -55.005
2660    -55.53
2661    -50.989
2662    -55.233
2663    -55.41
2664    -54.919
2665    -55.761
2666    -56.03
2667    -54.672
2668    -55.21
2669    -49.864
2670    -55.399
2671    -56.21
2672    -55.673
2673    -55.321
2674    -51.163
2675    -54.897
2676    -56.072
2677    -55.486
2678    -55.442
2679    -55.614
2680    -56.013
2681    -50.987
2682    -55.715
2683    -55.129
2684    -55.679
2685    -55.997
2686    -55.529
2687    -50.906
2688    -56.074
2689    -53.5
2690    -56.075
2691    -55.652
2692    -56.112
2693    -54.816
2694    -55.898
2695    -51.258
2696    -55.537
2697    -56.211998
2698    -55.728
2699    -55.075
2700    -50.96
2701    -55.485
2702    -43.564
2703    -56.208
2704    -55.671
2705    -56.103
2706    -54.561
2707    -55.47
2708    -55.327
2709    -55.418
2710    -42.98
2711    -55.187
2712    -55.655
2713    -43.605
2714    -54.315998
2715    -54.334
2716    -56.018
