0    1.917
1    0.98800004
2    -0.17099994
3    0.37500012
4    -0.51899993
5    -3.485
6    1.5050001
7    0.069000006
8    -4.541
9    0.14700007
10    -2.663
11    1.1700001
12    4.632
13    -2.2389998
14    0.91200006
15    -1.6439999
16    -1.254
17    -2.371
18    -0.16299999
19    -1.293
20    -2.065
21    -0.73899996
22    -0.35999995
23    0.91200006
24    1.008
25    -0.14799988
26    -0.8629999
27    -0.08899993
28    0.32500005
29    -1.9959999
30    -2.734
31    -29.226
32    -0.8169999
33    -1.4979999
34    -0.97099996
35    -0.329
36    -0.39199996
37    -0.33099997
38    -0.05699998
39    -2.6859999
40    -1.816
41    -1.092
42    -3.3969998
43    -1.5439999
44    -1.1559999
45    -1.148
46    -0.16399997
47    0.88400006
48    0.595
49    -1.286
50    -0.36799997
51    -0.40599996
52    -0.21199995
53    -0.35399997
54    1.454
55    -0.39099997
56    -2.289
57    -1.082
58    -0.45599997
59    0.53800005
60    -0.19099998
61    0.93600005
62    0.53900003
63    -2.574
64    17.774
65    -0.459
66    0.9410001
67    -0.47599995
68    -0.12499994
69    0.72400004
70    -0.36799997
71    -0.32
72    0.99500006
73    -0.339
74    -0.45
75    -1.499
76    -0.594
77    -0.44099998
78    -0.302
79    -0.20999998
80    -1.262
81    -0.72099996
82    -0.39299995
83    -0.22499996
84    -2.413
85    -0.33599997
86    0.70000005
87    -0.47599995
88    -0.403
89    -1.101
90    -4.717
91    -0.581
92    -0.39499998
93    1.9250001
94    -0.33199996
95    -0.39699996
96    0.694
97    0.67600006
98    -0.40599996
99    -0.30699998
100    0.57600003
101    0.45400003
102    -0.548
103    -0.60899997
104    -0.478
105    -0.29299998
106    0.536
107    -0.525
108    -0.24299997
109    -1.368
110    -2.283
111    0.40800002
112    -1.3009999
113    -1.24
114    -1.4860001
115    -1.496
116    -0.546
117    -1.2969999
118    -0.292
119    0.84300005
120    -1.249
121    -1.4679999
122    -2.1069999
123    -3.425
124    1.689
125    0.63100004
126    -4.189
127    1.5200001
128    -2.282
129    -2.126
130    -0.79199994
131    -3.401
132    -0.577
133    -0.16899997
134    -0.49299997
135    -1.4779999
136    0.44000006
137    -1.464
138    -0.51199996
139    -0.302
140    -3.409
141    -5.245
142    -0.546
143    0.508
144    -0.661
145    -0.32699996
146    -2.5289998
147    -1.066
148    -0.23999995
149    -0.352
150    1.622
151    -8.83
152    0.45700002
153    -2.746
154    -2.274
155    1.445
156    -0.582
157    0.592
158    -0.653
159    -0.49299997
160    0.38700002
161    0.42600003
162    -1.586
163    -0.547
164    -0.445
165    0.42400002
166    0.48800004
167    -0.46099997
168    0.367
169    0.49400002
170    -0.39299995
171    0.24600005
172    0.643
173    -0.54399997
174    -0.51
175    0.49300003
176    -0.543
177    0.61300004
178    -0.22999996
179    -0.49799997
180    0.272
181    -1.4749999
182    0.43100002
183    -0.487
184    0.55200005
185    -1.427
186    1.485
187    -0.543
188    0.27800003
189    -0.636
190    -0.633
191    -1.424
192    -0.564
193    -0.46999997
194    0.45400003
195    -0.58299994
196    -2.365
197    -0.52699995
198    0.42400002
199    -0.21299994
200    -0.36099994
201    -1.502
202    -0.41499996
203    -1.556
204    -1.5009999
205    -2.544
206    -0.37699997
207    0.522
208    -0.68499994
209    -0.48799998
210    -1.331
211    -0.64
212    -0.40899998
213    -2.463
214    -0.627
215    -0.641
216    0.37100002
217    0.2850001
218    -0.503
219    0.708
220    -0.53699994
221    -0.541
222    -1.158
223    -1.365
224    -0.48999995
225    -0.557
226    0.48000002
227    -0.48799998
228    0.448
229    -0.38299996
230    -0.57299995
231    -1.515
232    -0.61099994
233    -0.977
234    -0.486
235    -0.40899998
236    -0.523
237    -0.6869999
238    -0.575
239    -1.503
240    -0.616
241    -0.46599996
242    -0.571
243    -0.505
244    -0.60599995
245    -0.459
246    -1.4219999
247    -1.425
248    0.441
249    -0.538
250    -0.516
251    0.40300003
252    -0.561
253    -0.63399994
254    -0.53699994
255    -1.608
256    -0.635
257    -0.707
258    -0.54399997
259    -0.61399996
260    -1.7049999
261    -0.592
262    -0.559
263    -0.616
264    -0.551
265    -0.613
266    -0.623
267    -0.59499997
268    0.40300012
269    -2.208
270    -0.569
271    -0.599
272    -0.585
273    -0.592
274    -0.63699996
275    -0.27499998
276    -0.593
277    0.476
278    -0.752
279    -1.5569999
280    3.4060001
281    0.314
282    -0.694
283    -0.11599994
284    -4.502
285    -1.45
286    -0.538
287    -0.667
288    0.30900002
289    -0.64
290    0.78900003
291    -0.718
292    -0.75699997
293    0.279
294    -2.065
295    -0.621
296    -0.729
297    -0.496
298    -0.748
299    -0.52599996
300    -0.506
301    -0.615
302    -0.645
303    -0.33299994
304    -0.477
305    -0.518
306    -0.25899994
307    1.2
308    -1.0609999
309    0.328
310    -0.704
311    -1.651
312    -0.491
313    -0.592
314    -0.663
315    0.35900003
316    -1.643
317    -1.403
318    -0.615
319    -1.5009999
320    -1.4159999
321    0.11800003
322    -1.641
323    -1.333
324    -1.435
325    -0.71
326    -1.476
327    -1.417
328    -0.576
329    -1.43
330    -1.582
331    -1.4
332    -1.5979999
333    -1.322
334    -1.387
335    -1.512
336    -1.555
337    -1.604
338    -1.492
339    -1.441
340    -0.651
341    -1.6129999
342    -2.675
343    -1.518
344    -0.53
345    -3.321
346    -2.4
347    -1.517
348    -1.5569999
349    -0.5
350    -1.538
351    -1.655
352    -2.688
353    -1.558
354    -1.596
355    -1.415
356    -2.434
357    -1.531
358    -2.501
359    -2.585
360    -1.642
361    -1.51
362    -1.611
363    -3.409
364    -1.305
365    -1.496
366    -1.482
367    -1.46
368    -0.531
369    -1.579
370    -1.4909999
371    -1.584
372    -2.483
373    -1.551
374    -1.621
375    -1.561
376    -1.4219999
377    -1.536
378    -1.7639999
379    -1.541
380    -1.5929999
381    -1.612
382    -1.633
383    -1.631
384    -1.532
385    -1.609
386    -1.4909999
387    -1.5469999
388    -0.631
389    -0.54499996
390    -1.641
391    -1.525
392    -1.706
393    -1.4519999
394    -1.3829999
395    -1.487
396    -1.532
397    -1.599
398    -1.443
399    -2.751
400    -1.464
401    -1.606
402    -1.3169999
403    -1.539
404    -1.437
405    -1.5569999
406    -1.5339999
407    -0.538
408    -1.7149999
