0    3.3390002
1    1.345
2    1.3050001
3    1.984
4    0.70000005
5    3.1660001
6    1.518
7    0.093000054
8    1.911
9    1.098
10    0.933
11    2.7340002
12    1.504
13    1.5480001
14    1.478
15    -0.7149999
16    -0.709
17    1.5090001
18    1.6140001
19    1.6630001
20    -1.2579999
21    -0.3549999
22    -1.8629999
23    -1.6709999
24    0.2240001
25    -0.7659999
26    -0.25799996
27    -1.303
28    -0.14699996
29    0.80200005
30    2.098
31    -1.5639999
32    0.13500011
33    1.9800003
34    -0.24299997
35    -1.3579999
36    0.10500002
37    -1.966
38    -6.486
39    2.2810001
40    -1.191
41    -4.219
42    -10.382
43    1.57
44    -6.555
45    3.5180001
46    1.8230002
47    -6.811
48    -1.384
49    0.96900004
50    -0.612
51    -0.643
52    1.9660001
53    -15.167
54    -6.609
55    -5.611
56    0.9480001
57    1.2540001
58    3.652
59    -8.716
60    1.353
61    -0.25499988
62    1.036
63    5.519
64    -6.677
65    1.1450001
66    -0.87899995
67    1.837
68    -7.289
69    -4.502
70    -4.06
71    -5.595
72    -2.346
73    -0.5879998
74    -2.441
75    1.2590001
76    -0.895
77    0.984
78    -8.409
79    0.82100004
80    19.378
81    -16.564
82    -10.196
83    -10.618
84    3.229
85    -10.539
86    -10.71
87    -9.579
88    -9.984
89    -10.779
90    -10.072
91    -9.461
92    -9.466
93    4.146
94    -7.18
95    -1.4479997
96    22.588
97    -1.231
98    -6.284
99    2.975
100    -5.93
101    2.529
102    -13.809
103    -10.705
104    -12.264
105    -0.34799993
106    3.677
107    -4.803
108    -0.41499996
109    -0.7589998
110    0.21300001
111    0.16900003
112    -1.3629999
113    0.386
114    1.001
115    0.12800002
116    2.733
117    1.0430001
118    2.703
119    -13.031
120    12.708
121    -5.2939997
122    -3.401
123    0.5860001
124    -3.362
125    1.9100001
126    -1.8169999
127    -1.5249996
128    3.006
129    3.263
130    -1.882
131    2.243
132    -1.0869999
133    1.692
134    0.40600002
135    1.4100001
136    -0.7789999
137    -1.675
138    -1.4959998
139    0.5660001
140    -0.30299997
141    4.5
142    -0.6179999
143    2.3560002
144    -0.8189999
145    21.172
146    3.1590002
147    5.991
148    4.792
149    2.301
150    2.4160001
151    7.347
152    5.551
153    2.375
154    2.1750002
155    5.307
156    1.521
157    -1.2719998
158    13.485001
159    2.496
160    -0.53
161    3.026
162    9.213
163    -2.0749998
164    2.071
165    5.834
166    3.861
167    4.207
168    5.09
169    3.9520001
170    1.0
171    5.766
172    0.5530001
173    -9.276999
174    9.909
175    -2.2089999
176    -3.416
177    2.0040002
178    6.84
179    2.4700003
180    -2.8569999
181    2.443
182    4.0559998
183    1.6910001
184    1.0
185    0.6140001
186    1.3740001
187    11.303
188    0.68200004
189    2.856
190    1.1780002
191    1.8560001
192    -0.885
193    4.9160004
194    2.5830002
195    1.1330001
196    -1.642
197    -0.5329999
198    8.962
199    1.7500002
200    -1.6049999
201    -0.43999994
202    4.808
203    2.5890002
204    3.7810001
205    -0.6659999
206    0.17500007
207    0.1680001
208    6.708
209    20.121
210    1.557
211    3.503
212    1.845
213    8.097
214    -7.358
215    -1.8009999
216    -1.5409999
217    7.385
218    0.957
219    2.365
220    7.203
221    1.6170001
222    2.716
223    5.4870005
224    2.782
225    1.0
226    3.1420002
227    2.337
228    1.5580001
229    2.263
230    -6.765
231    2.1020002
232    -2.2549999
233    -2.1279998
234    1.7440001
235    0.95100003
236    -1.358
237    0.13
238    -4.3009996
239    -9.655
240    -9.645
241    1.5300001
242    -0.3499999
243    -1.8679999
244    -9.594999
245    -9.672
246    -2.3379998
247    -9.101999
248    2.9710002
249    0.027999997
250    -0.49999988
251    3.4160001
252    -4.989
253    -10.224
254    -9.388
255    -0.68799996
256    -9.986
257    -2.228
258    1.5560002
259    -9.616
260    -8.35
261    -0.8299999
262    2.166
263    -0.473
264    2.729
265    6.942
266    0.51300013
267    3.938
268    1.0580001
269    0.53900003
270    3.159
271    0.2470001
272    -2.166
273    0.99300003
274    -0.32899988
275    0.85200006
276    0.68200004
277    0.093000054
278    1.0450001
279    -3.043
280    1.8780001
281    0.555
282    1.7500001
283    -2.945
284    2.685
285    0.69000006
286    4.677
287    -0.80799997
288    2.504
289    0.614
290    -1.5669999
291    -0.4649999
292    -0.02699995
293    0.76400006
294    2.24
295    -0.19699991
296    1.0760002
297    2.726
298    -0.25399995
299    -0.18199998
300    0.619
301    -0.274
302    1.9560001
303    1.71
304    -1.3339999
305    -5.831
306    -8.361
307    1.9450002
308    -0.742
309    2.2340002
310    0.82800007
311    -8.903999
312    -9.716
313    0.58300006
314    1.0
315    1.322
316    5.961
317    -0.3829999
318    2.0810003
319    0.53900003
320    0.58400005
321    0.40300012
322    0.393
323    -4.3339996
324    2.216
325    -0.79699993
326    0.021000147
327    0.37300003
328    7.021
329    1.3390002
330    2.384
331    4.1920004
332    0.17700005
333    -0.87299967
334    0.7680001
335    0.93700004
336    -0.022999883
337    3.532
338    3.3370001
339    -5.7429996
340    4.6540003
341    0.9940001
342    3.646
343    2.3730001
344    6.738001
345    1.0450001
346    1.6680001
347    8.325001
348    0.15100002
349    1.406
350    2.753
351    0.245
352    -0.7359996
353    2.062
354    0.42000008
355    1.0840001
356    0.023000002
357    -0.65999997
358    -0.3319999
359    6.1070004
360    -1.3809998
361    11.816
362    -1.091
363    -0.22299981
364    1.3740001
365    -3.512
366    -3.935
367    0.6860001
368    -2.691
369    -2.961
370    1.2080002
371    -1.497
372    -5.141
373    -0.34599996
374    -0.9829998
375    -0.48099995
376    0.35700035
377    -0.8219998
378    -4.09
379    -1.4299998
380    -1.5359998
381    -4.187
382    -3.6869998
383    -3.848
384    2.3260002
385    1.0
386    6.4350004
387    7.2650003
388    0.048000097
389    0.31700003
390    2.0570002
391    4.134
392    5.4350004
393    2.7990003
394    -1.8369999
395    1.0
396    -0.055999935
397    3.321
398    7.0800004
399    0.6930001
400    1.6510003
401    1.286
402    -0.038999975
403    1.0
404    5.057
405    6.1990004
406    3.0960002
407    -0.3729999
408    1.605
409    -0.5749998
410    -4.174
411    4.063
412    -1.3109999
413    -1.1959999
414    1.1910001
415    -9.337999
416    5.4170003
417    0.19200015
418    3.8730001
419    -1.1449999
420    0.99000007
421    18.598
422    1.69
423    1.151
424    -0.3989997
425    7.9230003
426    0.013000011
427    1.807
428    0.98100007
429    -1.81
430    1.6330001
431    2.24
432    8.451
433    -12.964
434    -0.928
435    0.18800008
436    -1.0189999
437    3.8440003
438    0.62100005
439    40.667
440    -3.934
441    0.15800011
442    -2.454
443    0.77900004
444    27.322
445    -0.78699994
446    2.637
447    1.951
448    1.5180001
449    5.395
450    1.6750002
451    4.1740003
452    2.2480001
453    0.48000002
454    0.6860001
455    3.365
456    -1.2219999
457    3.8310003
458    3.1150002
459    0.46200013
460    2.4360008
461    -1.2539997
462    -1.9059999
463    -1.4209998
464    1.9930001
465    1.2770001
466    1.2820001
467    0.5300002
468    0.98800015
469    -1.8789997
470    -0.5799999
471    -0.7409997
472    -1.5719995
473    2.3720002
474    0.49400008
475    -1.6869999
476    0.18200004
477    -3.179
478    1.2900002
479    1.9900001
480    2.082
481    3.8520002
482    1.0
483    1.4330001
484    1.0
485    0.9280001
486    3.584
487    -0.63899994
488    0.24700022
489    -8.051
490    1.7440001
491    -0.783
492    3.742
493    0.83700013
494    -0.8529999
495    -4.238
496    0.68200004
497    -11.309999
498    -2.077
499    -2.166
500    -2.3939998
501    -2.655
502    -4.016
503    1.19
504    0.48800004
505    3.1620002
506    25.554
507    1.4940002
508    1.3160001
509    0.725
510    -1.333
511    0.99100006
512    -0.092999935
513    -2.544
514    -1.086
515    1.702
516    -6.6419997
517    1.0010002
518    1.774
519    2.565
520    3.4040003
521    1.2290001
522    1.5780001
523    0.33300018
524    2.7010002
525    1.475
526    -3.479
527    0.6470001
528    5.0010004
529    -0.26899993
530    -2.795
531    2.6710005
532    2.68
533    1.7290001
534    1.3510001
535    5.099
536    4.8690004
537    0.5200001
538    0.5660001
539    0.29200006
540    -2.1269999
541    9.459
542    0.8880001
543    0.10900009
544    0.039000034
545    -5.2469997
546    -11.177
547    -20.969
548    0.54400015
549    -6.6359997
550    2.0010002
551    -19.233
552    -30.351
553    -20.486
554    -19.758
555    -21.824
556    -0.829
557    33.211
558    11.321
559    0.25600004
560    1.0
561    0.2670002
562    1.0
563    1.0
564    0.78000003
565    1.409
566    1.8180001
567    -1.892
568    2.737
569    1.743
570    1.0710001
571    8.6380005
572    0.395
573    1.48
574    0.33200002
575    -0.09199989
576    0.7770002
577    2.112
578    1.0010002
579    2.6620002
580    1.77
581    1.564
582    1.996
583    -15.892
584    -13.829
585    -15.505
586    -1.942
587    -16.545
588    -12.708
589    -14.868
590    -16.08
591    -15.126
592    -15.749
593    -16.131
594    -15.484
595    -16.298
596    -16.91
597    0.70600003
598    1.23
599    -19.584
600    -19.427
601    -38.266
602    -16.855999
603    -19.325
604    -20.418
605    -16.798
606    -16.571
607    -14.885
608    -16.47
609    -18.204
610    -16.372
611    -15.802
612    -16.694
613    -19.654
614    -14.653999
615    -16.624
616    -23.366
617    2.4510002
618    -2.1669998
619    12.458
620    5.986
621    0.5410001
622    -0.56299996
623    4.677
624    0.82100004
625    -3.293
626    2.052
627    -7.4249997
628    2.4410002
629    -0.98899984
630    -9.603
631    0.2600001
632    1.3980001
633    1.345
634    -11.653
635    -0.91199994
636    0.70000005
637    1.1570001
638    2.568
639    2.645
640    1.325
641    0.82600003
642    2.983
643    2.7840002
644    0.69100004
645    -0.7739999
646    1.135
647    6.083
648    1.0120001
649    -1.137
650    3.0890002
651    -4.344
652    2.726
653    2.3790002
654    1.4890001
655    4.829
656    -2.3649998
657    1.4840001
658    2.334
659    3.3840003
660    0.1880002
661    1.287
662    1.7450001
663    1.544
664    4.709
665    9.327
666    1.977
667    1.9720001
668    1.4740001
669    2.301
670    2.355
671    2.095
672    4.722
673    -0.799
674    1.8770001
675    1.7780001
676    2.335
677    1.7
678    2.25
679    2.249
680    1.799
681    1.583
682    2.1220002
