0    1.602
1    1.546
2    1.409
3    1.465
4    1.573
5    1.58
6    1.579
7    1.6600001
8    1.543
9    1.526
10    1.488
11    1.61
12    1.57
13    1.575
14    1.542
15    1.575
16    1.609
17    1.534
18    1.6240001
19    1.5320001
20    1.461
21    1.603
22    1.503
23    2.161
24    1.31
25    1.3610001
26    1.273
27    1.296
28    1.389
29    1.32
30    1.245
31    1.339
32    1.34
33    -0.41899997
34    1.316
35    1.304
36    1.348
37    1.319
38    1.324
39    1.251
40    1.402
41    1.197
42    1.182
43    1.215
44    -1.2959999
45    1.261
46    1.187
47    1.205
48    1.371
49    1.166
50    1.233
51    1.142
52    1.129
53    1.245
54    1.239
55    1.274
56    6.187
57    1.128
58    1.209
59    1.13
60    1.195
61    1.9950001
62    1.216
63    1.172
64    1.159
65    1.092
66    1.138
67    1.173
68    1.1110001
69    1.204
70    -1.0309999
71    1.168
72    1.114
73    1.185
74    1.086
75    -0.727
76    -0.78
77    -1.566
78    -0.799
79    -0.76699996
80    -0.718
81    -0.73899996
82    -0.845
83    -0.811
84    -0.92
85    -0.918
86    -0.92
87    -0.9
88    -0.918
89    -0.918
90    -0.916
91    -0.918
92    -0.916
93    -0.898
94    -0.918
95    -0.918
96    -0.58599997
97    -0.92
98    -0.92
99    -0.92
100    -0.90999997
101    -0.92
102    -0.92
103    -0.914
104    -0.915
105    0.595
106    0.689
107    -1.369
108    -0.908
109    -0.907
110    -0.92
111    -0.918
112    -0.92
113    -0.92
114    -0.892
115    -0.918
116    -0.86
117    -1.65
118    -1.809
119    -1.574
120    -1.217
121    -0.918
122    -0.918
123    -0.918
124    -0.918
125    -1.299
126    1.5250001
127    1.6370001
128    2.687
129    1.5020001
130    1.542
131    1.551
132    2.7970002
133    1.735
134    1.5710001
135    1.575
136    1.529
137    1.687
138    1.573
139    1.777
140    1.9350001
141    1.536
142    1.597
143    1.597
144    5.817
145    1.519
146    1.623
147    2.637
148    3.04
149    2.58
150    2.62
151    1.649
152    1.735
153    1.603
154    1.572
155    1.698
156    4.7860003
157    1.575
158    1.573
159    1.7030001
160    1.6500001
161    1.618
162    1.7030001
163    1.849
164    1.6010001
165    1.6830001
166    1.717
167    1.405
168    0.48600003
169    0.367
170    1.6340001
171    4.639
172    1.5
173    1.6340001
174    2.798
175    1.553
176    -6.218
177    1.774
178    1.0480001
179    1.644
180    4.695
181    0.034
182    0.020000001
183    0.035
184    0.043
185    1.144
186    1.06
187    3.077
188    1.6960001
189    1.707
190    1.694
191    1.615
192    1.227
193    1.19
194    1.615
195    1.649
196    1.46
197    1.829
198    1.7780001
199    1.381
200    1.286
201    1.104
202    1.22
203    1.293
204    1.142
205    1.158
206    -0.69299996
207    1.233
208    1.79
209    1.906
210    1.475
211    1.2590001
212    1.359
213    1.376
214    1.445
215    1.414
216    1.297
217    1.449
218    1.547
219    1.961
220    1.527
221    1.675
222    1.529
223    1.689
224    1.606
225    1.39
226    1.425
227    1.388
228    1.3740001
229    1.707
230    1.7090001
231    1.562
232    1.501
233    1.0
234    3.157
235    1.743
236    -0.14299995
237    1.79
238    1.5150001
239    1.353
240    1.6370001
241    1.5480001
242    1.396
243    1.461
244    -0.13499993
245    -0.14499998
246    1.562
247    1.98
248    1.794
249    1.373
250    1.462
251    1.78
252    1.537
253    1.701
254    1.488
255    1.342
256    2.101
257    1.5220001
258    1.715
259    1.381
260    1.7850001
261    1.602
262    1.711
263    2.108
264    1.369
265    1.598
266    2.066
267    1.721
268    1.7220001
269    1.533
270    1.72
271    1.8510001
272    1.632
273    1.531
274    1.6930001
275    1.623
276    1.789
277    1.516
278    2.0240002
279    1.5350001
280    1.589
281    1.96
282    1.471
283    1.69
284    2.002
285    1.9810001
286    1.533
287    2.757
288    1.9950001
289    2.159
290    2.066
291    1.47
292    1.6830001
293    1.5220001
294    2.937
295    1.6010001
296    1.5150001
297    1.768
298    1.996
299    1.769
300    1.472
301    1.724
302    2.625
303    1.846
304    1.708
305    2.166
306    2.211
307    1.569
308    2.1
309    1.448
310    2.161
311    2.0630002
312    2.2080002
313    1.761
314    1.4300001
315    1.368
316    2.1069999
317    1.206
318    1.835
319    2.067
320    1.5250001
321    1.8740001
322    1.5380001
323    1.9160001
324    1.8510001
325    1.735
326    1.457
327    1.899
328    1.682
329    1.551
330    1.472
331    2.565
332    1.769
333    1.521
334    1.797
335    2.087
336    2.243
337    1.786
338    1.59
339    1.6270001
340    1.393
341    0.878
342    1.7490001
343    1.47
344    1.557
345    1.898
346    1.9430001
347    1.6800001
348    2.45
349    1.429
350    1.997
351    1.565
352    1.3410001
353    1.6370001
354    1.048
355    1.769
356    1.5220001
357    2.008
358    1.8540001
359    1.6600001
360    1.8240001
361    1.728
362    1.802
363    1.724
364    1.562
365    1.455
366    1.7950001
367    1.9200001
368    1.6630001
369    1.0
370    1.0
371    2.093
372    1.705
373    1.446
374    1.563
375    1.469
376    1.9790001
377    1.837
378    1.8670001
379    1.804
380    1.496
381    1.569
382    2.974
383    1.911
384    1.8080001
385    1.4890001
386    2.821
387    1.917
388    1.994
389    1.746
390    1.9230001
391    1.681
392    1.7870001
393    1.9460001
394    1.519
395    1.6730001
396    1.786
397    1.6040001
398    1.395
399    1.506
400    1.8280001
401    1.76
402    1.8110001
403    2.253
404    1.886
405    1.8540001
406    1.9250001
407    1.799
408    1.446
409    1.704
410    1.544
411    1.6800001
412    1.669
413    1.852
414    2.055
415    1.9890001
416    2.4510002
417    1.4790001
418    1.356
419    1.311
420    0.629
421    -1.61
422    -1.605
423    1.0
424    1.0
425    1.0
426    1.6620001
427    1.876
428    0.51100004
429    1.001
430    1.0
431    1.507
432    1.96
433    -2.562
434    -2.564
435    0.77900004
436    -0.04099995
437    1.547
438    1.5380001
439    1.9490001
440    1.694
441    2.0770001
442    -0.21099997
443    0.597
444    1.496
445    -0.06799996
446    -0.12399995
447    1.95
448    1.938
449    1.94
450    2.159
451    0.88900006
452    1.3870001
453    1.766
454    1.576
455    0.21000004
456    -0.34499997
457    0.0
458    -0.04399997
459    1.863
460    1.0
461    1.714
462    1.541
463    1.576
464    1.583
465    1.457
466    1.47
467    1.84
468    1.922
469    1.471
470    -0.54199994
471    2.141
472    1.0
473    1.0
474    1.5580001
475    1.0
476    1.0
477    -0.15399998
478    1.648
479    1.264
480    0.814
481    1.0450001
482    1.473
483    1.901
484    2.114
485    1.0
486    1.9810001
487    1.894
488    1.658
489    1.917
490    1.882
491    2.071
492    -0.037999928
493    1.941
494    -0.12899995
495    2.4770002
496    1.954
497    1.7320001
498    1.908
499    2.0240002
500    1.9530001
501    1.866
502    1.996
503    0.86800003
504    1.0
505    2.164
506    -0.14399993
507    2.0240002
508    0.006000042
509    1.825
510    1.156
511    1.873
512    -0.061999977
513    2.008
514    1.9160001
515    1.892
516    1.826
517    1.609
518    1.488
519    1.3840001
520    1.598
521    1.9920001
522    1.613
523    1.508
524    1.442
525    1.955
526    1.8970001
527    2.074
528    1.705
529    1.415
530    1.484
531    1.313
532    1.9120001
533    1.388
534    1.636
535    2.0700002
536    1.997
537    1.566
538    0.497
539    0.71300006
540    1.478
541    1.859
542    1.496
543    1.804
544    1.513
545    1.573
546    1.542
547    1.507
548    1.527
549    1.6470001
550    1.5810001
551    1.503
552    1.4790001
553    1.3870001
554    1.9660001
555    1.0
556    1.001
557    -0.10599995
558    2.039
559    1.465
560    -0.58799994
561    1.4
562    1.467
563    1.872
564    0.8
565    1.8700001
566    1.5139999
567    1.375
568    1.401
569    1.763
570    1.6010001
571    1.543
572    1.8790001
573    2.02
574    -0.17299998
575    -0.049999952
576    1.434
577    1.5580001
578    1.537
579    1.543
580    1.501
581    1.557
582    1.9920001
583    1.585
584    -2.5809999
585    1.495
586    1.4860001
587    1.5090001
588    -0.62899995
589    0.878
590    1.4660001
591    1.436
592    1.556
593    0.026000023
594    1.492
595    1.518
596    1.906
597    0.89000005
598    1.7950001
599    2.026
600    1.0
601    1.0
602    0.859
603    1.791
604    1.8900001
605    1.553
606    1.484
607    1.491
608    1.379
609    1.542
610    1.586
611    1.896
612    1.004
613    1.7220001
614    1.74
615    -0.15999997
616    1.898
617    1.0
618    0.55200005
619    1.569
620    1.326
621    1.367
622    1.7870001
623    -0.20899999
624    1.866
625    1.794
626    1.892
627    1.803
628    -0.232
629    1.4990001
630    1.4070001
631    1.565
632    1.566
633    1.8840001
634    1.843
635    1.4430001
636    1.388
637    0.51100004
638    1.357
639    -0.385
640    0.906
641    1.8330001
642    -0.40599996
643    1.564
644    1.448
645    1.445
646    1.796
647    1.7850001
648    -0.16699994
649    1.493
650    1.687
651    1.432
652    1.5090001
653    1.701
654    1.543
655    1.6040001
656    1.409
657    -0.14699996
658    1.536
659    1.678
660    1.449
661    1.49
662    1.448
663    1.0
664    1.54
665    1.899
666    1.395
667    1.593
668    1.6400001
669    1.524
670    1.899
671    1.4330001
672    1.401
673    1.4350001
674    1.495
675    1.401
676    1.434
677    1.595
678    1.9260001
679    1.431
680    1.846
681    1.8210001
682    1.608
683    1.452
684    1.4070001
685    1.7
686    1.519
687    1.477
688    1.354
689    1.369
690    1.7090001
691    1.492
692    1.559
693    1.6850001
694    1.0
695    1.0
696    1.0
697    1.5250001
