0    1.187
1    2.398
2    2.12
3    -0.21499997
4    1.171
5    0.82800007
6    0.051
7    1.556
8    1.5350001
9    1.6800001
10    1.606
11    1.957
12    1.6930001
13    1.694
14    2.6160002
15    2.613
16    59.194
17    10.05
18    30.383
19    14.436
20    6.2440004
21    4.303
22    20.003
23    9.015
24    44.969
25    17.418
26    14.86
27    8.181
28    12.659
29    7.508
30    16.714
31    14.627
32    14.547
33    8.429
34    11.422
35    33.253
36    8.251
37    14.151
38    13.663
39    14.093
40    5.457
41    17.793
42    6.615
43    28.602
44    12.537
45    23.473
46    11.379
47    18.334
48    18.845
49    12.229
50    14.387
51    80.199
52    94.474
53    31.061
54    44.526
55    28.048
56    16.611
57    12.617001
58    19.799
59    8.799
60    5.677
61    10.479
62    4.708
63    7.731
64    8.43
65    13.348
66    12.17
67    11.489
68    9.579
69    7.6280003
70    9.815001
71    15.963
72    8.819
73    4.697
74    24.139
75    12.821
76    6.2530003
77    28.675
78    1.717
79    25.555
80    5.013
81    10.467
82    5.916
83    2.613
84    0.45400003
85    5.4440002
86    6.001
87    7.437
88    6.56
89    2.094
90    2.66
91    14.113
92    5.054
93    4.504
94    4.537
95    10.551
96    20.804
97    7.89
98    4.5950003
99    1.738
100    3.2800002
101    11.958
102    3.9450002
103    13.806
104    7.727
105    5.419
106    5.403
107    2.555
108    3.433
109    0.38200003
110    9.58
111    10.967
112    12.083
113    7.416
114    11.992
115    7.402
116    5.517
117    5.632
118    3.627
119    7.768
120    1.164
121    9.225
122    5.005
123    6.123
124    1.307
125    3.038
126    6.493
127    4.41
128    1.0
129    3.619
130    1.659
131    -3.309
132    1.8470001
133    2.509
134    2.765
135    1.511
136    -0.13399994
137    0.70500004
138    1.85
139    3.908
140    1.549
141    0.74100006
142    1.2160001
143    5.234
144    3.861
145    -0.9
146    1.6370001
147    5.745
148    5.011
149    4.48
150    4.8450003
151    3.217
152    6.636
153    3.042
154    5.731
155    4.66
156    4.782
157    2.009
158    4.844
159    3.923
160    0.637
161    0.74
162    1.623
163    0.79700005
164    4.645
165    1.961
166    -0.40899998
167    2.897
168    4.001
169    0.92700005
170    2.878
171    2.645
172    -0.35999995
173    4.585
174    0.708
175    1.783
176    3.8730001
177    1.837
178    4.992
179    1.796
180    3.033
181    2.711
182    3.724
183    2.141
184    1.517
185    2.684
186    0.725
187    1.866
188    5.844
189    33.617
190    0.64400005
191    1.0170001
192    1.7070001
193    3.005
194    15.781
195    2.789
196    2.66
197    1.526
198    1.041
199    0.574
200    0.757
201    2.723
202    2.754
203    4.679
204    2.463
205    2.486
206    -1.2119999
207    0.76900005
208    3.771
209    31.449
210    -1.17
211    3.4910002
212    3.06
213    6.494
214    2.497
215    3.341
216    0.08700001
217    -12.8689995
218    1.0
219    -3.0679998
220    -8.934
221    -0.8569999
222    -2.191
223    -0.24499995
224    11.168
225    5.977
226    1.573
227    -10.236
228    -2.181
229    -0.292
230    6.0950003
231    0.81600004
232    -1.356
233    2.328
234    6.104
235    3.166
236    5.957
237    1.7080001
238    8.924
239    1.5940001
240    0.34000003
241    0.97300005
242    0.56500006
243    11.01
244    -5.255
245    -7.782
246    3.989
247    -0.055999935
248    1.506
249    -3.9559999
250    0.0040000677
251    0.2240001
252    0.80600005
253    4.1140003
254    1.6530001
255    -7.893
256    -2.585
257    -1.6949999
258    -3.5509999
259    -4.8459997
260    -16.275
261    -2.223
262    -3.1399999
263    0.66200006
264    -2.958
265    -1.8759999
266    -5.233
267    3.01
268    7.182
269    9.485
270    3.299
271    -0.15899998
272    -1.525
273    4.122
274    0.052000046
275    -0.09899998
276    -1.032
277    -0.10599995
278    3.772
279    0.725
280    0.09200001
281    10.347
282    0.77500004
283    2.48
284    3.537
285    1.1400001
286    -0.599
287    1.8870001
288    -9.003
289    -2.222
290    0.0
291    -1.574
292    0.33000004
293    -7.984
294    -3.402
295    -1.969
296    2.0279999
297    -3.337
298    -0.40599996
299    -3.874
300    0.591
301    0.20400012
302    4.074
303    0.744
304    1.3670001
305    -6.085
306    0.919
307    -0.51399994
308    2.2940001
309    0.298
310    -0.641
311    -0.21099997
312    -4.922
313    -10.569
314    -2.889
315    -1.904
316    1.0
317    1.766
318    1.869
319    0.99600005
320    1.0
321    0.703
