0    -29.111
1    -28.926
2    -37.322998
3    -36.606
4    -29.262
5    -29.142
6    -35.482
7    -36.809
8    -35.617
9    -35.617
10    -34.922
11    -35.943
12    -38.151
13    -29.229
14    -35.425
15    -38.777
16    -28.795
17    -28.942
18    -35.694
19    -35.937
20    -35.484
21    -36.984
22    -35.638
23    -29.148
24    -29.098999
25    -36.305
26    -35.509
27    -29.183
28    -29.118
29    -35.618
30    -35.677
31    -36.91
32    -34.512
33    -35.746
34    -35.190998
35    -33.608
36    -35.531
37    -28.917
38    -35.677
39    -37.843
40    -35.503
41    -35.65
42    -34.961
43    -35.623
44    -35.743
45    -28.557
46    -36.941
47    -29.142
48    -35.849
49    -35.66
50    -35.779
51    -35.777
52    -29.201
53    -35.464
54    -36.44
55    -35.847
56    -35.807
57    -28.916
58    -36.158
59    -35.767
60    -36.635
61    -37.768
62    -35.618
63    -35.541
64    -35.129
65    -35.67
66    -28.466
67    -35.624
68    -35.602
69    -28.796
70    -29.071
71    -36.074
72    -37.41
73    -36.795
74    -35.822998
75    -35.785
76    -35.649
77    -14.375
78    -28.879
79    -36.639
80    -35.868
81    -28.668
82    -34.933
83    -36.649
84    -29.256
85    -29.254
86    -35.963
87    -35.157
88    -35.611
89    -38.022
90    -35.95
91    -35.863
92    -29.009
93    -28.047
94    -35.086
95    -35.754
96    -36.932
97    -28.966
98    -29.17
99    -36.566
100    -35.702
101    -35.6
102    -28.718
103    -38.912
104    -35.621
105    -36.053
106    -35.673
107    -35.595
108    -36.578
109    -35.836998
110    -29.09
111    -35.878
112    -28.812
113    -36.922
114    -36.463
115    -36.671
116    -35.069
117    -35.584
118    -38.687
119    -28.759
120    -28.736
121    -35.737
122    -35.607
123    -37.264
124    -34.439
125    -35.369
126    -35.604
127    -35.633
128    -35.697998
129    -35.529
130    -36.508
131    -28.813
132    -35.736
133    -36.843
134    -35.571
135    -35.379
136    -28.881
137    -36.444
138    -34.822998
139    -36.602
140    -36.792
141    -27.437
142    -28.776
143    -37.184
144    -28.851
145    -35.863
146    -35.772
147    -35.881
148    -35.604
149    -32.789
150    -42.203
151    -39.591
152    -39.724
153    -39.637
154    -32.563
155    -40.009
156    -39.757
157    -39.633
158    -39.565
159    -39.605
160    -39.552
161    -40.574
162    -39.452
163    -38.127
164    -40.617
165    -33.047
166    -38.858
167    -32.976
168    -38.84
169    -33.185
170    -32.726
171    -41.15
172    -39.486
173    -40.934
174    -39.459
175    -41.668
176    -39.65
