0    -5.578
1    -5.559
2    -5.542
3    -5.562
4    -5.553
5    -5.582
6    -5.529
7    -5.547
8    -5.584
9    -5.582
10    -5.558
11    -5.564
12    -5.562
13    -5.544
14    -5.5299997
15    -5.535
16    -5.541
17    -5.547
18    -5.549
19    -5.55
20    -5.575
21    -5.586
22    -5.536
23    -5.551
24    -5.566
25    -5.581
26    -5.574
27    -5.553
28    -5.569
29    -5.543
30    -5.568
31    -5.495
32    -5.573
33    -5.579
34    -5.559
35    -5.547
36    -5.581
37    -5.558
38    -5.588
39    -5.572
40    -5.551
41    -5.57
42    -5.559
43    -5.564
44    -5.569
45    -5.57
46    -5.548
47    -5.555
48    -5.568
49    -5.575
50    -5.582
51    -5.56
52    -5.522
53    -5.512
54    -5.562
55    -5.568
56    -5.558
57    -5.543
58    -5.552
59    -5.572
60    -5.562
61    -5.495
62    -5.557
63    -5.56
64    -5.551
65    -5.561
66    -5.549
67    -5.576
68    -5.55
69    -5.569
70    -5.563
71    -5.572
72    -5.549
73    -5.564
74    -5.575
75    -5.576
76    -5.5559998
77    -5.583
78    -5.562
79    -5.54
80    -5.568
81    -5.551
82    -5.579
83    -5.56
84    -5.616
85    -5.538
86    -5.571
87    -5.57
88    -5.563
89    -5.56
90    -5.5559998
91    -5.574
92    -5.561
93    -5.555
94    -5.554
95    -5.565
96    -5.571
97    -5.571
98    -5.534
99    -5.559
100    -5.543
101    -5.543
102    -5.531
103    -5.577
104    -5.553
105    -5.567
106    -5.511
107    -5.583
108    -5.547
109    -5.534
110    -5.557
111    -5.575
112    -5.574
113    -5.554
114    -5.557
115    -5.566
116    -5.523
117    -5.571
118    -5.535
119    -5.546
120    -5.558
121    -5.567
122    -5.516
123    -5.555
124    -5.559
125    -5.582
126    -5.572
127    -5.566
128    -5.583
129    -5.573
130    -5.5559998
131    -5.5559998
132    -5.538
133    -5.548
134    -5.571
135    -5.5559998
136    -5.578
137    -5.568
138    -5.578
139    -5.579
140    -5.551
141    -5.559
142    -5.554
143    -5.56
144    -5.56
145    -5.535
146    -5.569
147    -5.569
148    -5.368
149    -5.375
150    -5.375
151    -5.419
152    -5.354
153    -5.549
154    -5.551
155    -5.572
156    -5.52
157    -5.537
158    -5.549
159    -5.561
160    -5.564
161    -5.539
162    -5.548
163    -5.548
164    -5.547
165    -5.5
166    -5.565
167    -5.377
168    -5.374
169    -5.367
170    -5.407
171    -5.355
172    -5.356
173    -5.41
174    -5.395
175    -5.3789997
176    -5.361
177    -5.559
178    -5.538
179    -5.569
180    -5.548
181    -5.565
182    -5.574
183    -5.51
184    -5.581
185    -5.541
186    -5.541
187    -5.552
188    -5.567
189    -5.555
190    -5.572
191    -5.547
192    -5.46
193    -5.398
194    -5.392
195    -5.411
196    -5.4
