0    -8.526
1    -8.508
2    -8.544
3    -8.5
4    -8.547
5    -8.522
6    -8.504
7    -8.533
8    -8.501
9    -8.511
10    -8.492
11    -8.509
12    -8.552
13    -8.499
14    -8.528
15    -8.536
16    -8.505
17    -8.506
18    -8.536
19    -8.522
20    -8.54
21    -8.55
22    -8.538
23    -8.4939995
24    -8.548
25    -8.545
26    -8.536
27    -8.539
28    -8.502
29    -8.527
30    -8.532
31    -8.522
32    -8.507
33    -8.534
34    -8.505
35    -8.524
36    -8.535
37    -8.523
38    -8.537
39    -8.482
40    -8.474
41    -8.517
42    -8.523
43    -8.545
44    -8.505
45    -8.523
46    -8.547
47    -8.522
48    -8.536
49    -8.52
50    -8.547
51    -8.534
52    -8.534
53    -8.536
54    -8.509
55    -8.513
56    -8.534
57    -8.511
58    -8.4869995
59    -8.479
60    -8.503
61    -8.498
62    -8.53
63    -8.527
64    -8.528
65    -8.559
66    -8.537
67    -8.523
68    -8.501
69    -8.531
70    -8.505
71    -8.526
72    -8.52
73    -8.521
74    -8.517
75    -8.535
76    -8.534
77    -8.518
78    -8.523
79    -8.51
80    -8.503
81    -8.549
82    -8.503
83    -8.518
84    -8.516
85    -8.476
86    -8.536
87    -8.528
88    -8.525
89    -8.542
90    -8.543
91    -8.532
92    -8.514
93    -8.548
94    -8.504
95    -8.54
96    -8.515
97    -8.501
98    -8.539
99    -8.52
100    -8.52
101    -8.523
102    -8.512
103    -8.533
104    -8.516
105    -8.526
106    -8.54
107    -8.55
108    -8.499
109    -8.5
110    -8.512
111    -8.521
112    -8.527
113    -8.526
114    -8.488
115    -8.503
116    -8.516
117    -8.485
118    -8.534
119    -8.528
120    -8.4869995
121    -8.497
122    -8.525
123    -8.517
124    -8.508
125    -8.547
126    -8.507
127    -8.498
128    -8.47
129    -8.48
130    -8.518
131    -8.528
132    -8.511
133    -8.521
134    -8.519
135    -8.556
136    -8.533
137    -8.516
138    -8.503
139    -8.496
140    -8.47
141    -8.507
142    -8.515
143    -8.515
144    -8.475
145    -8.547
146    -8.507
147    -8.4939995
148    -8.5
149    -8.509
150    -8.51
151    -8.521
152    -8.469
153    -8.519
154    -8.526
155    -8.508
156    -8.481
157    -8.543
158    -8.527
159    -8.317
160    -8.368
161    -8.33
162    -8.318
163    -8.312
164    -8.339
165    -8.379
166    -8.335
167    -8.339
168    -8.324
169    -12.328
170    -12.349
171    -12.357
172    -12.367
173    -12.339
174    -12.352
175    -12.323
176    -12.326
177    -12.366
178    -12.308
