0    0.27400002
1    0.558
2    -3.529
3    3.2050002
4    0.22700001
5    1.138
6    1.044
7    -0.36699998
8    -2.454
9    -0.10499996
10    -0.729
11    1.349
12    0.42400002
13    0.036000002
14    -0.951
15    -1.574
16    2.467
17    -5.525
18    -1.685
19    0.055000003
20    1.3070002
21    0.0
22    -0.17299998
23    -3.225
24    0.37800002
25    2.8130002
26    0.791
27    0.91400003
28    -0.62399995
29    -1.5569999
30    0.768
31    1.196
32    -0.696
33    -0.575
34    -1.326
35    0.25
36    1.0760001
37    -11.348
38    1.046
39    2.974
40    -0.10099995
41    -0.16299999
42    0.55300003
43    2.2350001
44    -4.479
45    1.162
46    2.2630002
47    0.051000003
48    1.446
49    -1.4759998
50    -3.628
51    -2.408
52    1.058
53    6.276
54    -3.645
55    0.795
56    -3.42
57    1.3050001
58    1.097
59    -0.426
60    0.4080001
61    -1.4219999
62    -0.58299994
63    -0.362
64    -1.607
65    0.36100003
66    0.823
67    -0.45299995
68    2.348
69    1.9590001
70    2.0170002
71    0.356
72    -0.23399997
73    0.28
74    1.437
75    0.293
76    0.48200002
77    -0.20599997
78    -5.8
79    1.013
80    1.422
81    -5.745
82    1.21
83    -3.1539998
84    0.14400005
85    -0.66499996
86    -0.524
87    0.21900001
88    0.416
89    0.2750001
90    -5.7089996
91    -2.216
92    -0.722
93    0.29900002
94    1.517
95    -7.157
96    2.012
97    1.9360001
98    0.0010000467
99    -0.6709999
100    -2.287
101    -0.98599994
102    2.2840004
103    -0.6179999
104    1.283
105    0.7500001
106    0.791
107    0.13400006
108    2.178
109    -0.64199996
110    -3.112
111    -4.55
112    -1.9289999
113    0.319
114    -1.944
115    1.3540001
116    0.55200005
117    -5.376
118    1.3230001
