0    -49.207
1    -34.72
2    -50.601
3    -50.924
4    -34.271
5    -49.724
6    -34.63
7    -34.343
8    -48.82
9    -48.748
10    -48.979
11    -49.76
12    -49.608
13    -50.774
14    -34.72
15    -34.772
16    -32.596
17    -46.806
18    -48.84
19    -32.67
20    -46.812
21    -32.419
22    -46.71
23    -46.748
24    -47.881
25    -46.737
26    -32.595
27    -46.455
28    -31.732
29    -32.879
30    -46.902
31    -69.004
32    -32.713
33    -32.981
34    -67.669
35    -33.045
36    -32.433
37    -32.952
38    -35.725
39    -32.799
40    -32.97
41    -50.954
42    -48.675
43    -32.601
44    -32.714
45    -32.959
46    -32.974
47    -34.901
48    -32.929
49    -33.023
50    -32.494
51    -32.911
52    -32.692
53    -46.7
54    -33.184
55    -32.789
56    -46.989
57    -32.474
58    -33.114
59    -13.202
60    -33.221
61    -32.798
62    -33.221
63    -32.796
64    -19.953
65    -33.784
66    -20.232
67    -34.076
68    -20.046
69    -20.3
70    -19.217
71    -19.861
72    -19.521
73    -20.273
74    -19.752
75    -20.126
