0    1.0
1    2.4390001
2    1.0
3    2.287
4    2.163
5    2.4910002
6    4.049
7    1.9920001
8    2.319
9    1.7160001
10    5.119
11    44.983
12    5.395
13    2.279
14    -0.32599998
15    3.6490002
16    1.6800001
17    1.914
18    -2.0219998
19    -1.9819999
20    2.1100001
21    1.0
22    2.8330002
23    0.9850001
24    1.589
25    2.3930001
26    0.97400004
27    1.9350001
28    1.0
29    3.772
30    1.836
31    2.134
32    2.512
33    1.751
34    1.0310001
35    2.58
36    2.823
37    3.496
38    3.693
39    17.599
40    -0.4059999
41    3.517
42    0.915
43    1.71
44    -3.879
45    3.1200001
46    2.667
47    3.732
48    1.108
49    0.62200004
50    0.85400003
51    0.97300005
52    0.86100006
53    0.666
54    -1.81
55    3.133
56    -0.18399996
57    2.0760002
58    1.781
59    -0.095999956
60    1.1230001
61    -1.0519999
62    0.577
63    4.1520004
64    1.968
65    3.5970001
66    -0.095999956
67    5.545
68    -1.7089999
69    -0.70299983
70    1.0
71    1.0
72    1.0
73    2.523
74    1.9580001
75    0.94400007
76    5.9700003
77    2.708
78    1.6070001
79    1.492
80    1.667
81    1.8340001
82    4.7250004
83    1.5150001
84    1.398
85    1.615
86    1.5350001
87    2.5700002
88    6.631
89    6.638
90    1.766
91    1.678
92    3.806
93    3.959
94    4.556
95    2.8270001
96    1.0
97    1.422
98    8.242001
99    2.799
100    1.457
101    1.0
102    3.639
103    2.463
104    -0.51399994
105    2.2020001
106    2.685
107    18.356
108    1.0
109    2.463
110    1.0
111    -3.7789998
112    1.806
113    2.629
114    4.5360003
115    0.004000187
116    2.78
117    1.6860001
118    -0.11099994
119    10.3
120    2.503
121    1.4550002
122    0.966
123    0.586
124    38.893
125    1.9230001
126    1.6240001
127    1.0
128    1.0
129    1.896
130    4.267
131    -0.047999978
132    1.0
133    1.524
134    1.469
135    1.0
136    2.2810001
137    1.0
138    1.8510001
139    1.784
140    0.26400018
141    2.855
142    1.0
143    4.8640003
144    6.9040003
145    1.0
146    1.9810001
