0    -28.7
1    -35.853
2    -29.008
3    -29.05
4    -29.121
5    -36.818
6    -35.376
7    -36.844
8    -36.501
9    -35.738
10    -35.92
11    -36.884
12    -36.497
13    -35.601
14    -34.715
15    -37.863
16    -37.144
17    -35.682
18    -28.935
19    -35.368
20    -35.973
21    -35.651
22    -28.982
23    -35.854
24    -35.907
25    -35.687
26    -28.513
27    -36.668
28    -35.892
29    -36.956
30    -29.226
31    -38.717
32    -35.689
33    -35.395
34    -36.576
35    -28.785
36    -37.744
37    -29.067
38    -35.79
39    -35.76
40    -34.092
41    -37.321
42    -36.977
43    -35.629
44    -27.809
45    -37.057
46    -37.113
47    -28.854
48    -35.619
49    -35.758
50    -35.813
51    -36.886
52    -35.577
53    -35.734
54    -36.562
55    -35.133
56    -37.032
57    -35.829
58    -35.282
59    -28.852
60    -28.89
61    -35.52
62    -35.628
63    -35.431
64    -29.192
65    -38.304
66    -29.065
67    -28.084
68    -35.747
69    -35.614
70    -28.712
71    -29.14
72    -29.143
73    -35.751
74    -36.809
75    -35.59
76    -35.748
77    -29.082
78    -28.968
79    -28.984
80    -35.777
81    -35.652
82    -29.055
83    -35.703
84    -28.998
85    -28.727
86    -36.103
87    -35.946
88    -34.956
89    -35.672
90    -35.672
91    -36.537
92    -35.88
93    -29.03
94    -35.366
95    -38.172
96    -37.168
97    -35.315998
98    -28.868
99    -37.697998
100    -29.133
101    -35.135
102    -36.956
103    -37.41
104    -35.651
105    -36.836998
106    -37.182
107    -28.952
108    -35.611
109    -29.134
110    -28.82
111    -36.838
112    -36.726
113    -28.945
114    -35.836998
115    -36.943
116    -35.593
117    -28.837
118    -35.803
119    -35.688
120    -36.642
121    -36.957
122    -35.636
123    -29.205
124    -36.663
125    -28.92
126    -28.159
127    -35.55
128    -36.756
129    -29.269
130    -35.61
131    -35.572998
132    -29.237
133    -36.913
134    -35.648
135    -36.136
136    -35.646
137    -28.892
138    -35.659
139    -29.48
140    -35.746
141    -35.694
142    -36.691
143    -36.847
144    -35.672
145    -28.784
146    -35.566
147    -35.461998
148    -41.185
149    -32.556
150    -39.54
151    -41.096
152    -40.422
153    -32.831
154    -39.597
155    -39.495
156    -39.664
157    -39.506
158    -32.928
159    -39.671
160    -40.689
161    -42.252
162    -39.387
163    -33.231
164    -40.711998
165    -40.754
166    -40.611
167    -40.779
168    -33.141
169    -39.488
170    -37.266
171    -39.479
172    -39.774
173    -39.432
174    -38.987
