0    -33.489
1    -34.275
2    -34.229
3    -34.408
4    -33.38
5    -34.52
6    -34.459
7    -39.444
8    -34.178
9    -34.126
10    -38.293
11    -27.813
12    -28.29
13    -28.373
14    -27.415
15    -28.397
16    -28.705
17    -28.643
18    -28.639
19    -28.657
20    -27.351
21    -28.642
22    -28.862
23    -27.354
24    -28.817
25    -28.798
26    -28.76
27    -28.741
28    -28.5
29    -27.466
30    -28.49
31    -27.546
32    -27.862999
33    -28.306
34    -28.574
35    -27.126999
36    -28.531
37    -27.862999
38    -27.594
39    -27.933
40    -28.697
41    -28.341
42    -27.578
43    -27.964
44    -28.137
45    -12.171
46    -28.513
47    -12.019
48    -28.742
49    -7.184
50    -28.729
51    -11.142
52    -28.228
53    -4.239
54    -28.259
55    -10.259
56    -28.776
57    -9.933
58    -27.994
59    -11.186
60    -28.331
61    -12.835
62    -28.264
63    -11.089
64    -28.975
65    -10.151
66    -28.562
67    -11.894
68    -28.512
69    -9.871
70    -28.612999
71    -27.772
72    -11.649
73    -28.469
74    -11.727
75    -28.046
76    -11.157
77    -28.548
78    -12.698
79    -28.659
80    -8.982
81    -28.279
82    -7.987
83    -28.253
84    -11.952
85    -6.369
86    -28.523
87    -11.158
88    -4.549
89    -28.893
90    -9.5789995
91    -7.092
92    -28.907
93    -11.148
94    -8.066
95    -11.224
96    -8.855
97    -10.279
98    -8.677
99    -28.371
100    -28.625
101    -10.281
102    -8.963
103    -11.679
104    -6.146
105    -28.186
106    -10.979
107    -7.6759996
108    -7.773
109    -11.832
110    -28.694
111    -6.491
112    -10.905
113    -8.724
114    -11.106
115    -7.125
116    -10.713
117    -7.009
118    -11.844
119    -5.1619997
120    -11.959
121    -6.17
122    -6.908
123    -7.027
124    -7.941
125    -7.059
126    -6.275
127    -6.786
128    -12.158
129    -6.123
130    -12.044
131    -7.733
132    -5.104
133    -12.024
134    -9.986
135    -28.619
136    -27.334
137    -11.887
138    -28.905
139    -7.45
140    -28.543
141    -10.821
142    -28.75
143    -10.159
144    -28.502
145    -11.094
146    -27.569
147    -11.7439995
148    -28.465
149    -12.018
150    -27.687
151    -10.666
152    -28.816
153    -11.596
154    -11.608
155    -28.469
156    -11.389999
157    -28.501
158    -11.82
159    -28.592
160    -12.272
161    -27.387
162    -11.212
163    -28.627
164    -6.4
165    -28.641
166    -11.23
167    -26.86
168    -12.093
169    -26.857
170    -12.044
171    -28.512
172    -10.769
173    -28.392
174    -12.965
175    -27.749
176    -5.331
177    -27.796
178    -11.496
179    -28.235
180    -10.117
181    -28.678
182    -11.705
183    -27.937
184    -12.091
185    -28.480999
186    -9.632999
187    -28.746
188    -11.878
189    -28.651
190    -11.495
191    -28.814
192    -10.826
193    -27.774
194    -12.218
195    -27.873
196    -12.04
197    -28.902
198    -10.875
199    -28.675
200    -11.526
201    -34.537
202    -12.224
203    -34.469
204    -8.216
205    -32.617
206    -11.674
207    -34.555
208    -34.493
209    -33.095
210    -34.862
211    -34.07
212    -33.376
213    -34.4
214    -34.159
215    -34.375
216    -34.801
217    -34.373
218    -33.548
219    -34.334
220    -34.035
221    -34.121
222    -34.346
223    -33.536
224    -33.412
225    -33.353
226    -34.542
227    -34.411
228    -34.044
229    -34.311
230    -34.288
231    -34.487
232    -32.486
233    -34.634
234    -34.555
235    -34.631
236    -34.374
237    -33.591
238    -34.651
239    -34.525
240    -34.517
241    -34.002
242    -33.924
243    -34.492
244    -34.279
245    -33.508
246    -34.618
247    -34.106
248    -34.612
249    -34.059
250    -34.729
251    -34.723
252    -34.525
253    -34.137
254    -33.015
255    -34.59
256    -33.492
257    -33.908
258    -34.265
259    -34.555
260    -34.188
261    -34.469
262    -34.463
263    -34.119
264    -34.245
265    -34.204
266    -34.263
267    -34.044
268    -34.389
269    -33.982
270    -34.467
271    -33.466
272    -33.454
273    -34.836
274    -34.684
275    -34.399
276    -34.218
277    -34.041
278    -34.349
279    -34.395
280    -34.807
281    -34.366
282    -34.117
283    -34.163
284    -34.5
285    -34.372
286    -34.576
287    -34.727
288    -34.431
289    -34.822998
290    -33.802
291    -34.258
292    -32.785
293    -34.682
294    -33.421
295    -33.024
296    -33.574
297    -33.82
298    -34.281
299    -33.278
300    -34.346
301    -34.262
302    -34.296
303    -34.041
304    -34.716
305    -34.362
306    -34.685
307    -34.302
308    -34.597
309    -34.413
310    -34.127
311    -34.513
312    -34.3
313    -34.38
314    -34.83
315    -33.811
316    -34.458
317    -34.333
318    -34.117
319    -34.503
320    -32.67
321    -34.319
322    -33.437
323    -34.275
324    -34.607
325    -33.908
326    -34.511
327    -34.703
328    -34.557
329    -34.529
330    -34.026
331    -34.235
332    -34.175
333    -34.204
334    -33.547
335    -34.514
336    -39.167
337    -38.045
338    -39.123
339    -38.211998
340    -39.644
341    -38.497
342    -38.757
343    -38.391
344    -38.238
345    -39.465
346    -39.182
347    -38.385
348    -39.56
349    -39.395
350    -39.034
351    -39.285
352    -35.771
353    -38.417
354    -39.295
355    -39.608
356    -38.59
357    -39.395
358    -38.188
359    -39.434
360    -39.603
361    -39.584
362    -38.467
363    -34.127
364    -38.242
365    -34.115
366    -39.399
367    -33.128
368    -39.575
369    -34.325
370    -38.525
371    -33.295
372    -39.732
373    -33.113
374    -33.578
375    -34.334
376    -34.453
377    -34.228
378    -34.051
379    -34.627
380    -34.589
381    -34.702
382    -34.367
383    -34.3
384    -34.326
385    -34.213
386    -34.257
387    -34.424
388    -34.672
389    -28.645
390    -28.543
391    -28.749
392    -28.632
393    -35.114
394    -32.391
395    -32.391
396    -30.612999
397    -32.219
398    -32.321
399    -32.276
400    -32.684
401    -32.117
402    -30.701
403    -32.308
404    -32.42
405    -32.459
406    -55.144
407    -54.368
408    -54.556
409    -54.444
410    -54.926
411    -54.152
412    -54.583
413    -55.039
414    -54.96
415    -55.095
416    -54.921
417    -55.319
418    -53.814
419    -55.412
420    -55.16
421    -54.513
422    -55.33
423    -55.207
424    -54.521
425    -53.594
426    -55.493
427    -55.372
428    -55.342
429    -54.865
430    -54.903
431    -55.184
432    -55.233
433    -54.961
434    -55.331
435    -55.865
436    -54.331
437    -56.02
438    -56.006
439    -55.135
440    -54.968
441    -54.06
442    -55.907
443    -55.157
444    -56.08
445    -51.126
446    -55.8
447    -56.327
448    -56.007
449    -55.074
450    -54.791
451    -56.121
452    -43.361
453    -55.325
454    -56.186
455    -56.118
456    -43.174
457    -56.265
458    -56.188
459    -55.847
460    -55.129
461    -55.504
462    -54.914
463    -43.34
464    -53.903
465    -54.1
466    -55.208
467    -56.254
468    -51.088
469    -56.13
470    -55.967
471    -55.872
472    -56.377
473    -51.142
474    -56.181
475    -55.969
476    -56.249
477    -55.143
478    -54.391
479    -56.147
480    -51.217
481    -55.336
482    -53.961
483    -56.258
484    -55.998
485    -54.955
486    -56.051
487    -51.059
488    -56.028
489    -54.344
490    -55.981
491    -54.877
492    -55.566
493    -56.02
494    -51.24
495    -55.043
496    -56.222
497    -56.166
498    -55.211
499    -50.24
500    -56.386
501    -56.343
502    -56.134
503    -54.884
504    -54.961
505    -55.11
506    -50.951
507    -56.072
508    -54.978
509    -55.544
510    -55.944
511    -51.474
512    -54.016
513    -43.035
514    -56.17
515    -55.96
516    -43.077
517    -48.053
518    -56.288
519    -51.131
520    -55.879
521    -53.077
522    -42.357
523    -56.118
524    -55.31
525    -56.149
526    -49.321
527    -54.927
528    -53.545
529    -51.451
530    -43.491
531    -55.114
532    -54.961998
