0    -6.858
1    -33.103
2    -33.125
3    -34.105
4    -32.967
5    -33.183
6    -32.903
7    -33.03
8    -33.902
9    -33.06
10    -33.439
11    -32.82
12    -32.997
13    -33.88
14    -32.754
15    -34.284
16    -31.597
17    -31.334
18    -33.958
19    -32.874
20    -33.757
21    -30.616
22    -33.072998
23    -34.26
24    -32.822
25    -32.594
26    -32.993
27    -32.866
28    -32.693
29    -32.072998
30    -33.774
31    -53.54
32    -8.795
33    -10.025
34    -10.094
35    -10.077
36    -6.542
37    -8.953
38    -8.025
39    -7.028
40    -7.118
41    -8.144
42    -10.125
43    -10.066
44    -8.888
45    0.5050001
46    -10.13
47    -10.181
48    -10.103
49    -7.1949997
50    -9.09
51    -42.984
52    -34.18
53    -42.223
54    -42.716
55    -42.128
56    -42.118
57    -42.899
58    -42.756
59    -42.718
60    -42.709
61    -32.885
62    -33.758
63    -33.105
64    -32.06
65    -33.246
66    -32.403
67    -32.936
68    -32.773
69    -32.589
70    -32.406
71    -9.1119995
72    -58.474
73    -7.541
74    -10.143
75    -10.096
76    -7.744
77    -10.087
78    -10.063
79    -7.248
80    -58.19
81    -53.671
82    -8.148
83    -3.853
84    -53.591
85    -11.154
86    -33.357
87    -31.301
88    -31.475
89    -33.029
90    -35.378
91    -41.354
92    -39.15
93    -41.52
94    -41.557
95    -42.004
96    -41.358
97    -84.627
98    -41.534
99    -41.298
100    -41.485
101    -41.736
102    -41.326
103    -41.576
104    -41.677
105    -41.423
106    -90.09
107    -90.46
108    -90.356
109    -41.054
110    -90.411
111    -41.798
112    -41.708
113    -41.241
114    -90.087
115    -40.982
116    -41.491
117    -52.409
118    -90.081
119    -89.818
120    -41.76
121    -7.105
122    -7.185
123    -9.117
124    -3.862
125    -52.479
126    0.3900001
127    -8.009
128    -7.197
129    -52.043
130    -9.151
131    -58.401
132    -7.083
133    -9.156
134    -9.117
135    -7.903
136    -40.746
137    -9.156
138    -58.204
139    -6.3129997
140    -7.857
141    -7.1349998
142    -52.46
143    -3.829
144    -52.135
145    -7.303
146    -10.216
147    -41.145
148    -39.494
149    -41.19
150    -37.036
151    -41.774
152    -26.72
153    -27.532999
154    -26.980999
155    -27.307
156    -28.315
157    -9.102
158    -8.1189995
159    -57.28
160    0.46300006
161    -57.364998
162    -7.543
163    -9.075
164    -7.559
165    -7.166
166    -6.337
167    -9.194
168    -9.126
169    -8.122
170    -7.921
171    -11.017
172    -9.113
173    -52.538
174    -7.087
175    -9.159
176    -52.569
177    -7.104
178    -52.585
179    -14.785
180    -7.207
181    -9.083
182    -9.082
183    -7.522
184    -52.393
185    -9.085
186    -7.7609997
187    -3.772
188    -9.021
189    -9.156
190    -5.775
191    -9.187
192    -9.09
193    -9.1189995
194    -8.026
195    -8.139
196    -9.137
197    -8.177
198    -8.84
199    -10.085
200    -10.114
201    -10.066
202    -33.086998
203    -33.136
204    -33.431
205    -33.012
206    -32.755
207    -10.103
208    -7.232
209    -7.9440002
210    -12.695
211    -8.245
212    -9.321
213    -10.08
214    -11.252
215    0.4970001
216    -0.05099994
217    -10.154
218    -10.121
219    -9.133
220    -7.421
221    -7.326
222    -58.283
223    -58.455
224    -7.809
225    -6.588
226    -10.108
227    -10.029
228    -9.047
229    -8.115
230    -11.1119995
231    -7.989
232    -10.066
233    -53.599
234    -10.124
235    -8.074
236    -9.038
237    -8.0
238    -8.419
239    -10.114
240    -7.7679996
241    -53.438
242    -34.161
243    -33.122
244    -33.888
245    -37.292
246    -34.189
247    -33.555
248    -33.011
249    -33.473
250    -37.139
251    -34.35
252    -34.076
253    -34.071
254    -37.389
255    -33.171
256    -33.77
257    -33.855
258    -37.4
259    -33.911
260    -37.318
261    -33.562
262    -34.065
263    -37.175
264    -33.871
265    -34.058
266    -35.716
267    -33.911
268    -33.995
269    -34.133
270    -37.33
271    -33.982
272    -34.34
273    -34.112
274    -34.14
275    -33.961
276    -33.955
277    -34.12
278    -34.147
279    -33.965
280    -33.939
281    -33.217
282    -33.468
283    -34.134
284    -34.255
285    -37.208
286    -33.445
287    -32.064
288    -31.838
289    -32.086
290    -32.027
291    -32.052
292    -31.583
293    -31.566
294    -31.925
295    -31.996
296    -30.85
297    -32.199
298    -31.91
299    -32.014
300    -32.164
301    -32.138
302    -32.005
303    -32.007
304    -32.046
305    -31.927
306    -31.649
307    -27.413
308    -27.392
309    -27.247
310    -27.511
311    -26.782
312    -27.025
313    -26.871
314    -26.499
315    -27.195
316    -27.385
317    -27.115
318    -26.857
319    -27.187
320    -27.067
321    -26.986
322    -34.221
323    -32.273
324    -32.007
325    -31.93
326    -32.194
327    -31.755
328    -32.207
329    -31.742
330    -32.648
331    -31.645
332    -32.382
333    -32.221
334    -31.985
335    -31.842
336    -32.24
337    -31.992
338    -31.923
339    -31.798
340    -31.883
341    -31.722
342    -32.202
343    -31.397
344    -31.818
345    -31.961
346    -32.248
347    -31.675
348    -31.994
349    -32.402
350    -32.015
351    -32.269
352    -32.11
353    -32.285
354    -32.113
355    -32.302
356    -32.069
357    -32.111
358    -31.496
359    -31.984
360    -32.14
361    -32.072998
362    -27.331
363    -27.164
364    -27.492
365    -27.357
366    -27.019
367    -31.7
368    -32.321
369    -31.936
370    -32.279
371    -32.051
372    -32.089
373    -32.215
374    -31.157999
375    -32.043
376    -32.004
377    -31.924
378    -31.928
379    -31.402
380    -31.886
381    -32.18
382    -37.375
383    -33.96
384    -35.145
385    -35.197
386    -38.239
387    -30.005
388    -30.279
389    -30.516
390    -30.354
391    -30.152
392    -30.02
393    -32.796
394    -30.465
395    -30.105
396    -6.392
397    -30.329
398    -30.278
399    -30.347
400    -30.461
401    -29.576
402    -29.951
403    -30.142
404    -30.259
405    -30.287
406    -30.009
407    -29.093
408    -32.643
409    -30.253
410    -30.241
411    -29.798
412    -30.137
413    -29.623
414    -32.85
415    -30.212
416    -30.415
417    -30.295
418    -29.125
419    -33.572998
420    -30.397
421    -30.318
422    -30.091
423    -30.395
424    -30.167
425    -30.415
426    -29.426
427    -30.542
428    -33.523
429    -29.97
430    -29.326
431    -32.67
432    -32.961998
433    -30.473
434    -30.507
435    -30.385
436    -30.26
437    -29.978
438    -27.49
439    -30.659
440    -30.27
441    -28.978
442    -35.072998
443    -32.64
444    -34.959
445    -34.753
446    -34.674
447    -34.959
448    -34.644
449    -33.564
450    -35.051
451    -34.978
452    0.78900003
453    0.808
454    0.785
455    0.78000003
456    0.79300004
457    0.76900005
458    0.577
459    0.88900006
460    2.138
461    1.3110001
462    5.122
463    0.72
464    1.1680001
465    0.96900004
466    1.269
467    0.96400005
468    1.042
469    0.58500004
470    0.73800004
471    0.703
472    -12.735
473    -13.308
474    -13.592
475    -13.1779995
476    -13.144
477    -13.511
478    -13.452
479    -13.365
480    -12.791
481    -12.889
482    -13.375999
483    -13.541
484    -12.887
485    -12.184
486    -13.183
487    -12.933
488    -13.476
489    -12.936
490    -13.194
491    -13.53
492    -13.348
493    -13.312
494    -13.319
495    -13.385
496    -13.355
497    -13.316
498    -13.274
499    -13.606
500    -13.548
501    -13.184
502    -8.275
503    -8.548
504    -8.323
505    -8.426
506    -8.203
507    -13.313
508    -12.989
509    -13.425
510    -13.078
511    -13.272
512    -13.197
513    -13.488
514    -13.208
515    -13.591
516    -12.492
517    -12.936
518    -13.414
519    -13.305
520    -12.709
521    -13.264999
522    -8.5
523    -8.654
524    -8.334
525    -8.559
526    -8.354
527    -26.928
528    -27.511
529    -28.189
530    -28.285
531    -28.175
532    -28.086
533    -8.492
534    -27.526
535    -28.282
536    -28.103
537    -27.319
538    -27.153
539    -28.233
540    -28.253
541    -8.421
542    -27.324
543    -75.964
544    -27.302
545    -27.999
546    -75.737
547    -13.345
548    -13.282
549    -13.43
550    -13.505
551    -13.54
552    -13.293
553    -13.57
554    -13.509
555    -13.34
556    -12.546
557    -13.105
558    -13.037
559    -13.309999
560    -12.971
561    -12.856
562    -13.427
563    -13.169
564    -13.417
565    -13.066
566    -13.37
567    -13.437
568    -13.516
569    -13.464
570    -13.24
571    -13.3689995
572    -13.252
573    -12.715
574    -13.359
575    -13.489
576    -13.372
577    -13.512
578    -13.104
579    -13.423
580    -13.477
581    -13.191
582    -12.911
583    -13.483
584    -13.279
585    -13.64
586    -13.433
587    -13.533
588    -13.152
589    -13.1189995
590    -12.747
591    -12.285
592    -13.533
593    -28.219
594    -13.057
595    -28.201
596    -27.272
597    -28.234
598    -28.031
599    -28.021
600    -13.233
601    -27.538
602    -27.13
603    -28.103
604    -66.265
605    -28.097
606    -27.980999
607    -13.191999
608    -13.278
609    -13.043
610    -11.423
611    -13.193
612    -13.492
613    -13.1779995
614    -13.147
615    -13.3
616    -13.284
617    -13.132
618    -13.506
619    -11.4
620    -12.629
621    -13.165
622    -8.138
623    -8.138
624    -8.422
625    -8.422
626    -8.152
627    -8.152
628    -8.202
629    -8.622
630    -8.622
631    -7.969
632    -8.416
633    -8.077
634    -8.61
635    -8.384
636    -8.229
637    -8.396
638    -8.478
639    -7.4469995
640    -8.129
641    -12.503
642    -13.307
643    -12.363
644    -12.902
645    -13.426
646    -13.118
647    -13.187
648    -13.184
649    -13.1779995
650    -12.809999
651    -12.158
652    -12.419
653    -12.662
654    -12.055
655    -13.1189995
656    -8.239
657    -8.328
658    -8.331
659    -8.544
660    -7.488
661    -12.978
662    -13.135
663    -13.211
664    -13.024
665    -13.38
666    -13.152
667    -13.328
668    -13.339
669    -13.3619995
670    -12.982
671    -13.366
672    -12.637
673    -13.226
674    -13.166
675    -12.642
676    -13.288
677    -13.181
678    -12.877
679    -13.186
680    -12.809
681    -13.101
682    -13.516
683    -12.697
684    -12.91
685    -13.063
686    -13.535
687    -13.164
688    -13.011
689    -13.345
690    -13.471
691    -13.080999
692    -13.134
693    -13.154
694    -13.259
695    -13.347
696    -13.482
697    -13.411
698    -12.865
699    -13.461
700    -13.426
701    -13.212
702    -13.234
703    -12.952
704    -13.34
705    -12.423
706    -11.568
707    -12.879
708    -13.406
709    -13.104
710    -13.21
711    -13.438
712    -13.043
713    -13.403
714    -13.412
715    -13.408
716    -13.335
717    -13.249
718    -13.03
719    -12.885
720    -13.071
721    -13.515
722    -13.215
723    -13.135
724    -13.403
725    -13.374
726    -13.411
727    -12.808
728    -13.183
729    -13.213
730    -13.472
731    -13.443
732    -12.459
733    -13.241
734    -13.082
735    -13.135
736    -13.425
737    -13.3689995
738    -13.287
739    -13.24
740    -13.336
741    -13.076
742    -13.406
743    -13.163
744    -12.977
745    -13.187
746    -13.179
747    -13.356
748    -13.511
749    -13.113
750    -12.786
751    -12.7
752    -13.365
753    -13.503
754    -13.217
755    -13.154
756    -13.3689995
757    -13.315
758    -13.209
759    -13.05
760    -12.99
761    -12.756
762    -12.83
763    -13.537
764    -13.363
765    -12.572
766    -12.879
767    -13.336
768    -13.377
769    -13.33
770    -13.41
771    -13.225
772    -13.295
773    -13.688
774    -13.289
775    -13.484
776    -13.238
777    -13.327
778    -13.311
779    -13.04
780    -13.398
781    -13.293
782    -13.250999
783    -13.23
784    -13.301
785    -13.226
786    -13.436
787    -12.57
788    -12.57
789    -12.915
790    -12.915
791    -13.586
792    -13.586
793    -13.309999
794    -13.309999
795    -13.288
796    -13.1189995
797    -13.134
798    -12.94
799    -13.325
800    -12.78
801    -13.152
802    -13.46
803    -12.562
804    -13.284
805    -13.232
806    -13.188
807    -12.837999
808    -13.353
809    -13.38
810    -13.1449995
811    -13.238
812    -13.061
813    -13.125999
814    -13.4
815    -13.188
816    -13.377
817    -12.828
818    -12.8880005
819    -12.8880005
820    -13.193
821    -13.12
822    -13.059999
823    -12.88
824    -13.22
825    -13.349
826    -13.479
827    -12.923
828    -13.315
829    -12.915
830    -12.639
831    -12.158
832    -13.11
833    -12.903
834    -13.205
835    -13.37
836    -13.124
837    -12.492
838    -12.938
839    -12.37
840    -13.255
841    -12.887
842    -13.162
843    -13.088
844    -13.358
845    -13.016
846    -13.123
847    -12.896999
848    -13.135
849    -13.003
850    -13.3689995
851    -12.716
852    -13.05
853    -13.238
854    -12.947
855    -13.347
856    -13.083
857    -12.712
858    -13.391
859    -13.171
860    -12.971
861    -13.014
862    -12.769
863    -16.049
864    -12.594999
865    -13.355
866    -13.113
867    -13.295
868    -12.753
869    -13.127
870    -13.122
871    -12.750999
872    -11.198999
873    -13.45
874    -13.412
875    -13.322
876    -13.352
877    -11.53
878    -13.267
879    -12.914
880    -13.514
881    -12.681
882    -13.201
883    -13.138
884    -13.124
885    -13.146
886    -13.041
887    -13.247
888    -13.357
889    -12.828
890    -13.363
891    -13.007999
892    -13.101
893    -13.231
894    -13.309999
895    -13.184
896    -13.097
897    -13.306
898    -13.029
899    -13.469
900    -12.823999
901    -12.968
902    -12.711
903    -13.457
904    -13.49
905    -13.418
906    -12.907
907    -12.461
908    -13.064
909    -13.111
910    -12.975
911    -13.337
912    -13.522
913    -13.3289995
914    -13.406
915    -13.495
916    -13.111
917    -13.11
918    -12.801
919    -13.392
920    -12.481
921    -12.85
922    -13.142
923    -13.09
924    -12.875999
925    -12.155
926    -12.909
927    -13.467
928    -12.808
929    -13.1119995
930    -13.272
931    -13.066999
932    -13.345
933    -13.232
934    -13.571
935    -12.899
936    -13.19
937    -13.339
938    -12.32
939    -12.968
940    -13.42
941    -13.828
942    -13.571
943    -13.375
944    -12.872
945    -13.174
946    -28.004
947    -28.268
948    -7.933
949    -28.169
950    -28.103
951    -29.13
952    -28.202
953    -28.043
954    -4.649
955    -28.145
956    -27.967
957    -27.359
958    -5.368
959    -28.228
960    -27.929
961    -28.144
962    -28.032
963    -27.377
964    -28.865
965    -27.004
966    -27.173
967    -27.219
968    -6.953
969    -28.248
970    -27.364
971    -6.947
972    -27.293
973    -8.219
974    -28.02
975    -6.4449997
976    -28.035
977    -27.18
978    -27.031
979    -27.972
980    -27.393
981    -27.437
982    -7.045
983    -29.749
984    -26.961
985    -26.582
986    -28.114
987    -27.219
988    -26.786
989    -28.327
990    -27.016
991    -13.51
992    -13.17
993    -12.164
994    -13.395
995    -13.232
996    -12.866
997    -13.241
998    -13.308
999    -13.104
1000    -13.08
1001    -13.243
1002    -13.191999
1003    -12.82
1004    -12.969999
1005    -13.356
1006    -13.083
1007    -13.124
1008    -13.407
1009    -13.059999
1010    -13.219
1011    -13.1
1012    -13.389
1013    -13.187
1014    -13.227
1015    -13.181
1016    -13.456
1017    -13.221
1018    -13.285
1019    -12.969
1020    -11.642
1021    -12.85
1022    -13.231
1023    -13.529
1024    -12.799
1025    -13.3289995
1026    -12.972
1027    -13.219
1028    -13.22
1029    -13.393
1030    -13.155
1031    -13.000999
1032    -13.241
1033    -12.792
1034    -13.316999
1035    -13.234
1036    -13.392
1037    -13.304
1038    -13.461
1039    -13.351
1040    -13.263
1041    -12.962
1042    -13.68
1043    -13.080999
1044    -12.966
1045    -13.282
1046    -13.224
1047    -13.246
1048    -13.253
1049    -12.957
1050    -13.107
1051    -13.359
1052    -13.42
1053    -13.029
1054    -13.386
1055    -13.325
1056    -13.029
1057    -13.342
1058    -13.263
1059    -13.29
1060    -13.032
1061    -13.356
1062    -13.323999
1063    -13.017
1064    -13.158
1065    -13.096
1066    -13.101
1067    -12.955999
1068    -12.839
1069    -13.546
1070    -13.072
1071    -13.459
1072    -12.861
1073    -13.564
1074    -13.198999
1075    -13.2439995
1076    -13.022
1077    -13.066999
1078    -13.123
1079    -12.889999
1080    -13.519
1081    -13.169
1082    -13.34
1083    -13.096
1084    -13.424
1085    -13.1779995
1086    -13.321
1087    -13.337
1088    -12.754
1089    -13.172
1090    -13.874
1091    -13.447
1092    -13.26
1093    -13.397
1094    -13.16
1095    -13.424
1096    -13.446
1097    -13.512
1098    -13.384
1099    -13.089
1100    -13.07
1101    -13.453
1102    -13.051
1103    -13.443
1104    -12.643
1105    -13.061
1106    -13.521
1107    -12.98
1108    -12.804
1109    -13.219
1110    -13.344
1111    -13.522
1112    -13.306
1113    -13.275
1114    -13.25
1115    -12.432
1116    -13.184
1117    -13.509
1118    -13.6119995
1119    -13.03
1120    -13.424
1121    -13.028
1122    -13.075
1123    -13.318
1124    -13.55
1125    -12.472
1126    -12.866
1127    -13.003
1128    -12.439
1129    -12.875999
1130    -13.316
1131    -13.366
1132    -13.364
1133    -12.926
1134    -13.13
1135    -13.197
1136    -12.913
1137    -13.372
1138    -13.031
1139    -13.138
1140    -13.318
1141    -12.947
1142    -13.336
1143    -13.17
1144    -12.844
1145    -13.525
1146    -12.29
1147    -13.123
1148    -13.448
1149    -13.727
1150    -12.757999
1151    -12.826
1152    -12.91
1153    -13.263
1154    -13.425
1155    -13.301
1156    -27.449
1157    -28.095
1158    -27.331
1159    -28.11
1160    -28.152
1161    -28.173
1162    -8.497
1163    -31.944
1164    -27.087
1165    -6.975
1166    -27.223
1167    -28.247
1168    -7.378
1169    -28.102
1170    -27.406
1171    -29.861
1172    -3.9299998
1173    -27.407999
1174    -28.118
1175    -28.133
1176    -27.307
1177    -27.171
1178    -27.306
1179    -28.085
1180    -28.207
1181    24.926
1182    -27.521
1183    -27.626
1184    -27.579
1185    -27.355999
1186    -27.567
1187    -28.256
1188    -28.112
1189    -1.0799999
1190    -28.198
1191    -28.241
1192    -6.992
1193    -27.315
1194    -27.211
1195    -27.348
1196    -28.032
1197    -28.162
1198    -5.566
1199    -27.677
1200    19.791002
1201    19.794
1202    0.102
1203    -27.31
1204    19.863
1205    -28.566
1206    -41.514
1207    -28.203
1208    -28.22
1209    -27.63
1210    -28.208
1211    -27.634
1212    -27.064
1213    -28.036
1214    -7.023
1215    -27.108
1216    -27.546
1217    -27.997
1218    -27.255
1219    -8.518
1220    -27.499
1221    -3.735
1222    -27.605999
1223    -26.897
1224    -28.515
1225    -2.988
1226    -12.48
1227    -13.414
1228    -13.168
1229    -13.195
1230    -13.198999
1231    -12.992
1232    -13.441
1233    -11.879
1234    -13.377
1235    -13.138
1236    -13.887
1237    -13.278
1238    -13.241
1239    -13.397
1240    -13.291
1241    -13.297
1242    -12.686
1243    -13.105
1244    -13.53
1245    -13.239
1246    -13.125
1247    -13.309
1248    -13.184
1249    -13.057
1250    -13.216
1251    -13.128
1252    -13.108
1253    -13.322
1254    -12.296
1255    -13.288
1256    -12.872
1257    -13.037
1258    -13.477
1259    -13.291
1260    -11.783
1261    -13.216
1262    -13.152
1263    -13.513
1264    -13.447
1265    -13.395
1266    -13.296
1267    -13.274
1268    -13.437
1269    -13.174
1270    -13.726
1271    -13.216
1272    -13.388
1273    -13.41
1274    -13.171
1275    -13.416
1276    -13.295
1277    -13.349
1278    -13.79
1279    -13.224
1280    -13.399
1281    -16.817
1282    -16.596
1283    -17.223999
1284    -17.221
1285    -16.821
1286    -16.804
1287    -17.147
1288    -17.057
1289    -17.032
1290    -16.855999
1291    -16.973999
1292    -16.857
1293    -16.959
1294    -16.758999
1295    -16.725
1296    -16.922
1297    -16.96
1298    -17.097
1299    -16.338
1300    -16.64
1301    -17.163
1302    -16.749
1303    -17.264
1304    -17.269
1305    -17.376
1306    -17.372
1307    -16.999
1308    -17.389
1309    -17.023
1310    -17.161
1311    -17.232
1312    -17.049
1313    -16.623
1314    -17.303
1315    -17.35
1316    -16.980999
1317    -17.216
1318    -17.202
1319    -17.192
1320    -16.788
1321    -17.109
1322    -16.972
1323    -17.18
1324    -16.989
1325    -17.299
1326    -17.115
1327    -17.239
1328    -17.042
1329    -17.077
1330    -17.355999
1331    -17.287
1332    -17.286
1333    -17.13
1334    -17.217
1335    -17.396
1336    -17.198
1337    -17.22
1338    -17.186
1339    -17.019
1340    -16.959
1341    -17.108
1342    -17.346
1343    -17.286
1344    -17.076
1345    -16.980999
1346    -17.076
1347    -17.385
1348    -17.24
1349    -15.646999
1350    -17.276
1351    -16.888
1352    -17.301
1353    -16.768
1354    -16.174
1355    -16.987
1356    -17.417
1357    -17.138
1358    -17.237999
1359    -17.039
1360    -17.388
1361    -17.117
1362    -17.193
1363    -17.183
1364    -17.335
1365    -17.004
1366    -17.346
1367    -17.261
1368    -17.102
1369    -17.36
1370    -16.982
1371    -17.076
1372    -17.014
1373    -16.767
1374    -16.962
1375    -16.480999
1376    -16.478
1377    -17.039
1378    -17.359
1379    -16.827
1380    -16.862
1381    -16.696
1382    -17.235
1383    -16.961
1384    -16.941
1385    -17.352
1386    -16.605
1387    -16.978
1388    -17.175
1389    -17.212
1390    -17.308
1391    -17.053
1392    -17.397
1393    -17.175
1394    -17.144
1395    -16.619
1396    -16.817
1397    -17.07
1398    -16.671
1399    -16.987
1400    -17.053
1401    -15.941
1402    -16.949
1403    -16.767
1404    -16.688
1405    -17.063
1406    -17.032999
1407    -16.944
1408    -17.369
1409    -17.28
1410    -17.329
1411    -16.362999
1412    -11.968
1413    -12.023
1414    -11.274
1415    -11.776
1416    -11.735
1417    -11.707
1418    -11.856
1419    -11.603
1420    -11.632999
1421    -16.986
1422    -17.057
1423    -16.937
1424    -17.362
1425    -17.1
1426    -17.266
1427    -16.938
1428    -17.347
1429    -17.111
1430    -17.136
1431    -2.6799998
1432    -2.899
1433    -2.425
1434    -2.5749998
1435    -2.947
1436    -2.632
1437    -2.659
1438    -2.268
1439    -2.835
1440    -2.8109999
1441    -2.722
1442    -2.512
1443    -2.4689999
1444    -2.736
1445    -2.731
1446    -2.906
1447    -2.81
1448    -2.788
1449    -2.788
1450    -2.6279998
1451    -1.1479998
1452    -2.3769999
1453    -2.656
1454    -2.4369998
1455    -2.887
1456    -2.324
1457    -2.905
1458    -2.473
1459    -2.946
1460    -2.664
1461    -2.44
1462    -2.797
1463    -2.217
1464    -2.885
1465    -2.639
1466    -2.597
1467    -2.441
1468    -2.834
1469    -2.672
1470    -2.258
1471    -10.847
1472    -10.696
1473    -11.13
1474    -10.667
1475    -11.064
1476    -11.313
1477    -10.078
1478    -10.484
1479    -9.547
1480    -10.531
1481    -11.87
1482    -12.042
1483    -11.067
1484    -11.248
1485    -11.907
1486    -11.023
1487    -12.13
1488    -12.055
1489    -12.289
1490    -10.562
1491    -10.743
1492    -11.029
1493    -12.159
1494    -11.391
1495    -11.002
1496    -12.222
1497    -11.865
1498    -10.882999
1499    -11.063
1500    -12.058
1501    -11.086
1502    -12.366
1503    -11.789
1504    -11.076
1505    -11.67
1506    -12.022
1507    -12.307
1508    -12.332
1509    -12.198
1510    -11.989
1511    -11.13
1512    -11.156
1513    -11.289
1514    -10.059
1515    -11.123
1516    -11.042
1517    -12.255
1518    -11.432
1519    -11.868
1520    -11.814
1521    -11.982
1522    -8.233
1523    -11.305
1524    -10.644
1525    -11.98
1526    -11.913
1527    -11.446
1528    -10.903
1529    -11.328
1530    -12.409
1531    -11.042
1532    -11.077
1533    -11.847
1534    -9.54
1535    -10.484
1536    -10.919
1537    -11.907
1538    -10.28
1539    -11.709
1540    -12.056
1541    -10.808
1542    -10.721
1543    -10.661
1544    -11.381
1545    -12.093
1546    -11.2
1547    -11.154
1548    -11.513
1549    -9.315
1550    -11.27
1551    -9.87
1552    -10.847
1553    -9.822
1554    -10.72
1555    -11.304
1556    -12.16
1557    -10.196
1558    -11.821
1559    -10.89
1560    -12.331
1561    -10.895
1562    -10.375999
1563    -10.759
1564    -12.335
1565    -10.742
1566    -12.501
1567    -12.504
1568    -12.426
1569    -10.791
1570    -11.171
1571    -11.071
1572    -10.515
1573    -11.168
1574    -11.507999
1575    -10.585
1576    -11.384
1577    -11.156
1578    -11.91
1579    -12.292
1580    -11.764
1581    -11.327
1582    -11.366
1583    -11.473
1584    -12.282
1585    -9.5
1586    -12.267
1587    -11.316999
1588    -9.756
1589    -12.527
1590    -12.416
1591    -11.141
1592    -11.222
1593    -12.268
1594    -12.029
1595    -11.403
1596    -11.139999
1597    -10.727
1598    -12.463
1599    -11.238
1600    -11.346
1601    -12.367
1602    -11.766
1603    -11.157
1604    -11.688
1605    -12.247
1606    -10.416
1607    -12.103
1608    -12.328
1609    -11.474
1610    -10.403
1611    -10.66
1612    -10.842
1613    -12.162
1614    -12.312
1615    -8.681
1616    -8.9869995
1617    -10.9
1618    -8.5
1619    -10.007
1620    -10.549
1621    -11.805
1622    -12.328
1623    -12.051
1624    -10.8689995
1625    -8.032
1626    -11.035
1627    -8.309999
1628    -12.258
1629    -12.361
1630    -11.271
1631    -11.247
1632    -11.307
1633    -11.348
1634    -12.286
1635    -10.305
1636    -9.889999
1637    -12.436
1638    -10.064
1639    -10.816999
1640    -10.936
1641    -11.329
1642    -11.105
1643    -12.156
1644    -10.996
1645    -12.279
1646    -10.873
1647    -8.738
1648    -11.346
1649    -12.457
1650    -10.964
1651    -11.632999
1652    -12.361
1653    -9.231
1654    -9.809
1655    -12.205
1656    -10.04
1657    -11.684999
1658    -9.334
1659    -11.505
1660    -11.025
1661    -10.753
1662    -11.429
1663    -11.358
1664    -12.12
1665    -12.124
1666    -11.422
1667    -10.872
1668    -9.124
1669    -11.463
1670    -9.533
1671    -12.135
1672    -12.309
1673    -12.17
1674    -6.0069995
1675    -10.868
1676    -6.95
1677    -10.653
1678    -10.552
1679    -10.99
1680    -12.1779995
1681    -12.113
1682    -12.433
1683    -10.169
1684    -11.223
1685    -11.611
1686    -12.446
1687    -11.959
1688    -10.938
1689    -11.073
1690    -12.344
1691    -11.064
1692    -11.152
1693    -9.827
1694    -12.216
1695    -11.123
1696    -12.008
1697    -8.294
1698    -9.341
1699    -11.081
1700    -12.005
1701    -12.445
1702    -12.425
1703    -10.401
1704    -10.794
1705    -12.039
1706    -10.794
1707    -11.349
1708    -12.16
1709    -10.696
1710    -12.046
1711    -12.277
1712    -11.108
1713    -11.671
1714    -9.754
1715    -12.506
1716    -10.493
1717    -12.275
1718    -10.944
1719    -12.409
1720    -12.238
1721    -12.354
1722    -12.225
1723    -12.622
1724    -11.649
1725    -12.063
1726    -11.848
1727    -12.039
1728    -11.038
1729    -12.131
1730    -12.425
1731    -11.788
1732    -12.107
1733    -11.973
1734    -10.901
1735    -10.854
1736    -11.287
1737    -12.04
1738    -10.177
1739    -12.256
1740    -11.51
1741    -11.822
1742    -12.006
1743    -11.829
1744    -11.67
1745    -11.164
1746    -12.277
1747    -11.732
1748    -12.302
1749    -11.24
1750    -11.172
1751    -3.6969995
1752    -11.74
1753    -12.076
1754    -11.607
1755    -12.026
1756    -9.777
1757    -11.107
1758    -11.906
1759    -12.131
1760    -12.201
1761    -10.793
1762    -12.189
1763    -12.183
1764    -12.25
1765    -10.483
1766    -10.483
1767    -11.778
1768    -12.423
1769    -12.325
1770    -11.701
1771    -11.966
1772    -11.143
1773    -11.856
1774    -11.184999
1775    -12.285
1776    -8.517
1777    -12.124
1778    -12.12
1779    -12.286
1780    -11.059999
1781    -11.931
1782    -11.136
1783    -12.622
1784    -12.405
1785    -12.13
1786    -11.497
1787    -11.017
1788    -12.403
1789    -12.056
1790    -11.583
1791    -11.4869995
1792    -10.792
1793    -11.3689995
1794    -12.115
1795    -12.172
1796    -11.98
1797    -10.708
1798    -12.163
1799    -12.229
1800    -12.277
1801    -12.193
1802    -12.163
1803    -10.912
1804    -11.739
1805    -11.197
1806    -11.125
1807    -12.444
1808    -11.209
1809    -12.214
1810    -12.082
1811    -12.526
1812    -12.37
1813    -12.033
1814    -11.14
1815    -12.179
1816    -10.97
1817    -11.192
1818    -9.306
1819    -11.309999
1820    -12.318
1821    -10.62
1822    -12.256
1823    -10.728
1824    -12.321
1825    -10.884
1826    -12.012
1827    -12.214
1828    -12.201
1829    -11.566
1830    -12.191
1831    -10.421
1832    -11.729
1833    -11.735
1834    -11.13
1835    -11.386
1836    -12.384
1837    -11.675
1838    -12.257
1839    -11.426
1840    -12.388
1841    -10.156
1842    -12.638
1843    -12.142
1844    -11.685
1845    -10.677
1846    -12.253
1847    -12.269
1848    -12.209
1849    -12.607
1850    -12.098
1851    -12.142
1852    -11.043
1853    -12.454
1854    -12.283
1855    -11.1189995
1856    -12.2369995
1857    -10.021999
1858    -12.626
1859    -11.239
1860    -12.038
1861    -12.022
1862    -11.971
1863    -12.483
1864    -11.199
1865    -12.142
1866    -11.603
1867    -10.896999
1868    -12.569
1869    -11.671
1870    -12.186
1871    -12.401
1872    -11.365
1873    -11.921
1874    -11.893
1875    -12.124
1876    -11.959
1877    -11.902
1878    -11.186
1879    -11.982
1880    -12.305
1881    -11.411
1882    -11.779
1883    -9.728
1884    -12.632
1885    -11.601
1886    -11.65
1887    -9.859
1888    -12.33
1889    -11.222
1890    -11.311
1891    -9.73
1892    -12.055
1893    -12.345
1894    -10.924
1895    -12.495
1896    -12.202
1897    -11.4539995
1898    -12.366
1899    -11.071
1900    -11.405
1901    -11.122
1902    -12.556
1903    -11.8029995
1904    -11.636
1905    -10.763
1906    -11.589
1907    -10.486
1908    -12.688
1909    -11.297
1910    -11.666
1911    -12.509
1912    -11.581
1913    -12.645
1914    -11.127
1915    -11.9869995
1916    -12.07
1917    -12.122
1918    -11.37
1919    -12.136
1920    -12.368
1921    -11.845
1922    -11.512
1923    -11.977
1924    -11.971
1925    -11.022
1926    -12.196
1927    -12.049
1928    -12.682
1929    -11.083
1930    -12.035
1931    -8.202999
1932    -11.39
1933    -11.542
1934    -12.27
1935    -10.647
1936    -12.421
1937    -11.961
1938    -11.655
1939    -11.849
1940    -11.539
1941    -11.138
1942    -8.239
1943    -12.213
1944    -12.015
1945    -11.984
1946    -12.392
1947    -11.909
1948    -10.723
1949    -12.241
1950    -12.218
1951    -11.378
1952    -11.231
1953    -10.552
1954    -12.687
1955    -9.753
1956    -10.777
1957    -12.658
1958    -12.258
1959    -11.98
1960    -12.281
1961    -10.071
1962    -12.0789995
1963    -12.378
1964    -12.483
1965    -6.636
1966    -12.146
1967    -12.232
1968    -9.356
1969    -12.36
1970    -10.823999
1971    -12.136
1972    -11.044
1973    -10.7439995
1974    -11.144
1975    -10.644
1976    -11.961
1977    -12.366
1978    -11.5789995
1979    -12.14
1980    -11.733
1981    -11.104
1982    -12.259
1983    -12.1189995
1984    -11.596
1985    -12.069
1986    -12.059999
1987    -12.656
1988    -12.188
1989    -9.775
1990    -12.364
1991    -12.123
1992    -10.829
1993    -11.696
1994    -12.514
1995    -7.045
1996    -12.343
1997    -11.1119995
1998    -12.103
1999    -11.308
2000    -11.071
2001    -11.323999
2002    -11.445
2003    -12.66
2004    -12.156
2005    -10.05
2006    -7.8739996
2007    -11.3029995
2008    -12.35
2009    -12.064
2010    -11.589
2011    -11.212
2012    -12.383
2013    -12.084
2014    -12.334
2015    -12.568
2016    -10.789
2017    -9.638
2018    -12.094
2019    -11.254
2020    -11.961
2021    -12.267
2022    -12.059
2023    -12.263
2024    -12.621
2025    -9.675
2026    -9.749
2027    -11.068
2028    -10.634
2029    -11.151
2030    -11.778
2031    -12.385
2032    -12.385
2033    -10.809
2034    -11.897
2035    -11.052
2036    -12.045
2037    -9.816
2038    -12.378
2039    -12.25
2040    -12.537
2041    -11.343
2042    -11.066
2043    -5.947
2044    -11.458
2045    -11.006
2046    -11.599
2047    -11.179
2048    -12.171
2049    -12.471
2050    -10.221
2051    -11.996
2052    -11.969
2053    -12.291
2054    -10.919
2055    -11.586
2056    -10.946
2057    -12.203
2058    -11.276
2059    -12.207
2060    -12.144
2061    -11.118
2062    -11.174
2063    -11.647
2064    -12.605
2065    -11.144
2066    -12.122
2067    -9.9869995
2068    -11.992
2069    -12.457
2070    -11.933
2071    -11.945
2072    -12.496
2073    -10.664
2074    -11.482
2075    -9.707
2076    -11.775
2077    -12.0789995
