0    -2.395
1    -2.401
2    -2.4299998
3    -2.427
4    -2.388
5    -2.411
6    -2.393
7    -2.4359999
8    -2.415
9    -2.435
10    -2.395
11    -2.433
12    -2.42
13    -2.4359999
14    -2.418
15    -2.405
16    -2.391
17    -2.46
18    -2.3969998
19    -2.412
20    -2.454
21    -2.412
22    -2.409
23    -2.385
24    -2.407
25    -2.438
26    -2.411
27    -2.42
28    -2.412
29    -2.428
30    -2.433
31    -2.418
32    -2.418
33    -2.42
34    -2.445
35    -2.409
36    -2.375
37    -2.429
38    -2.425
39    -2.3969998
40    -2.421
41    -2.382
42    -2.404
43    -2.389
44    -2.431
45    -2.3899999
46    -2.412
47    -2.392
48    -2.4559999
49    -2.441
50    -2.415
51    -2.358
52    -2.431
53    -2.361
54    -2.4359999
55    -2.391
56    -2.412
57    -2.429
58    -2.395
59    -2.437
60    -2.435
61    -2.445
62    -2.402
63    -2.432
64    -2.426
65    -2.395
66    -2.432
67    -2.413
68    -2.389
69    -2.407
70    -2.4099998
71    -2.437
72    -2.45
73    -2.42
74    -2.409
75    -2.419
76    -2.433
77    -2.404
78    -2.437
79    -2.444
80    -2.3839998
81    -2.37
82    -2.4429998
83    -2.428
84    -2.447
85    -2.3969998
86    -2.416
87    -2.4029999
88    -2.448
89    -2.442
90    -2.398
91    -2.398
92    -2.44
93    -2.438
94    -2.378
95    -2.383
96    -2.415
97    -2.379
98    -2.381
99    -2.419
100    -2.401
101    -2.434
102    -2.414
103    -2.426
104    -2.401
105    -2.4099998
106    -2.4099998
107    -2.473
108    -2.417
109    -2.434
110    -2.419
111    -2.374
112    -2.414
113    -2.373
114    -2.399
115    -2.4
116    -2.428
117    -2.404
118    -2.4099998
119    -2.437
120    -2.421
121    -2.405
122    -2.416
123    -2.383
124    -2.426
125    -2.421
126    -2.411
127    -2.422
128    -2.44
129    -2.434
130    -2.35
131    -2.454
132    -2.409
133    -2.424
134    -2.42
135    -2.396
136    -2.402
137    -2.417
138    -2.36
139    -2.4099998
140    -2.432
141    -2.445
142    -2.414
143    -2.442
144    -2.442
145    -2.435
146    -2.422
147    -2.4429998
148    -2.398
149    -2.446
150    -2.4
151    -2.401
152    -2.437
153    -2.461
154    -2.4689999
155    -2.444
156    -2.424
157    -2.381
158    -2.444
159    -2.434
160    -2.433
161    -2.4
162    -2.4099998
163    -2.394
164    -2.402
165    -2.391
166    -2.393
167    -2.394
168    -2.411
169    -2.42
170    -2.458
171    -2.419
172    -2.441
173    -2.402
174    -2.417
175    -2.428
176    -2.409
177    -2.414
178    -2.4359999
