0    1.0
1    1.0
2    1.0
3    1.0
4    1.0
5    10.348
6    3.1750002
7    3.6750002
8    8.943
9    8.628
10    104.449
11    28.652
12    -1.2459998
13    -1.2409999
14    16.998001
15    0.43800008
16    -18.964
17    -2.287
18    1.024
19    14.276
20    21.954
21    32.655
22    -7.875
23    -8.416
24    30.752
25    20.289
26    54.488
27    -4.119
28    12.962
29    20.15
30    57.464
31    -1.98
32    4.288
33    8.379
34    26.476
35    28.772
36    56.324
37    86.227
38    35.979
39    29.786
40    81.902
41    48.448
42    63.502
43    31.34
44    23.247
45    100.445
46    97.503
47    55.137
48    16.624
49    1.0
50    1.0
51    1.0
52    100.322
53    49.849
54    51.996
55    75.48
56    86.744
57    59.372
58    55.843
59    53.13
60    56.591
61    1.0
62    21.813
63    83.593
64    63.624
65    62.69
66    53.374
67    62.077
68    39.59
69    32.738
70    52.533
71    93.022
72    50.125
73    39.835
74    34.097
75    1.0
76    40.143
77    46.928
78    11.897
79    20.96
80    42.633
81    48.708
82    37.513
83    29.257
84    41.272
85    42.39
86    41.617
87    29.625
88    1.0
89    38.473
90    36.153
91    25.668
92    44.557
93    31.927
94    89.569
95    35.432
96    20.687
97    44.519
98    45.507
99    45.818
100    57.885002
101    51.484
102    61.986
103    1.0
104    51.097
105    44.928
106    14.579
107    25.365
108    3.068
109    62.443
110    41.306
111    37.046
112    24.617
113    38.671
114    39.841
115    35.168
116    -8.208
117    42.265
118    68.037
119    34.705
120    41.336
121    26.647
122    22.142
123    23.346
124    38.894
125    -6.006
126    89.526
127    17.413
128    91.448
129    34.545
130    22.625
131    48.359
132    71.065
133    45.486
134    41.047
135    22.857
136    1.0
137    37.268
138    61.345
139    76.565
140    22.994
141    72.229004
142    61.059
143    17.268
144    44.743
145    12.885
146    26.399
147    1.0
148    88.694
149    42.896
150    43.374
151    31.8
152    34.469
153    2.01
154    27.948
155    45.087
156    49.668
157    33.933
158    22.888
159    77.517
160    23.543
161    86.981
162    -10.186
163    51.53
164    13.178
165    -15.703
166    16.374
167    51.587
168    55.44
169    42.304
170    1.0
171    14.182
172    32.409
173    31.281
174    62.926
175    18.932
176    87.443
177    19.959
178    75.581
179    83.351
180    78.735
181    80.45
182    46.949
183    40.608
184    45.547
185    26.252
186    28.058
187    85.076004
188    61.509
189    1.0
190    53.139
191    32.096
192    39.74
193    45.282
194    15.527
195    27.012001
196    36.067
197    4.531
198    16.064
199    24.026001
200    15.82
201    55.721
202    1.0
203    8.407
204    45.781
205    29.702
206    1.0
207    25.575
208    41.802002
209    39.011
210    27.225
211    81.126
212    30.656
213    30.039
214    67.663
215    43.389
216    35.52
217    18.546
218    80.627
219    8.593
220    16.097
221    5.334
222    4.986
223    15.491
224    8.06
225    27.685
226    1.0
227    39.501
228    6.216
229    71.747
230    13.623
231    16.18
232    12.860001
233    39.572
234    50.533
235    20.291
236    15.927
237    29.899
238    18.686
239    37.31
240    12.016
241    39.782
242    5.393
243    15.494
244    27.099
245    15.119
246    36.135
247    -2.1069999
248    32.105
249    15.731
250    -10.139999
251    8.7560005
252    26.063
253    24.108
254    9.754
255    22.738
256    43.763
257    93.986
258    22.52
259    10.009
260    11.868
261    21.697
262    8.17
263    10.634
264    19.823
265    31.555
266    98.138
267    10.104
268    24.139
269    16.516
270    20.877
271    14.268
272    27.729
273    11.655001
274    16.975
275    6.083
276    12.6
277    7.262
278    21.785
279    15.12
280    8.835
281    18.916
282    20.05
283    4.296
284    18.299
285    14.819
286    1.8100002
287    1.0
288    13.454
289    10.5
290    22.3
291    19.603
292    13.1050005
293    15.441
294    13.082
295    10.377
296    8.037001
297    9.066
298    4.519
299    16.831
300    10.539
301    9.3
302    6.4110003
303    10.701
304    3.1520002
305    17.834
306    62.397
307    24.357
308    10.811
309    12.973
310    19.396
311    1.0
312    6.693
313    6.184
314    10.7630005
315    24.393
316    -1.7329998
317    18.233
318    12.596001
319    13.192
320    15.765
321    11.41
322    19.222
323    14.166
324    10.137
325    7.752
326    19.033
327    10.854
328    10.457
329    10.275
330    4.945
331    7.3
332    11.907
333    73.934
334    3.119
335    5.322
336    10.155001
337    16.483
338    3.1490002
339    7.998
340    6.7
341    14.302
342    -0.44399977
343    5.567
344    2.2640002
345    3.061
346    3.4580002
347    1.0
348    11.865
349    7.643
350    10.698
351    -0.47899985
352    12.541
353    -3.1309998
354    7.1280003
355    -1.5999999
356    -25.543
357    -0.25499988
358    2.9520001
359    30.222
360    27.601
361    16.42
362    4.6730003
363    8.997
364    2.407
365    7.04
366    -2.4249997
367    2.6590002
368    43.596
369    5.7440004
370    38.383
371    1.0
372    27.976
373    7.05
374    6.282
375    10.208
376    78.843
377    -4.295
378    1.0
379    2.6230001
380    4.8830004
381    13.356
382    -19.529
383    14.373
384    4.384
385    14.405001
386    -0.42499995
387    -5.2889996
388    1.991
389    1.8660002
390    7.4300003
391    6.446
392    -4.427
393    11.3810005
394    26.476
395    14.846
396    5.759
397    -1.54
398    4.9420004
399    7.301
400    2.878
401    0.93200004
402    1.0
403    4.702
404    1.6070001
405    1.9760001
406    -7.3059998
407    3.2770002
408    7.085
409    -6.115
410    2.262
411    27.221
412    2.0340002
413    4.6400003
414    -6.116
415    7.751
416    2.3000002
417    -10.358999
418    -2.017
419    -9.26
420    2.0030003
421    -3.4799998
422    4.104
423    -15.624
424    8.72
425    17.593
426    2.552
427    4.8190002
428    5.913
429    2.2870002
430    2.937
431    2.329
432    4.1800003
433    -0.38399994
434    5.462
435    3.1890001
436    -13.925
437    -16.963
438    8.003
439    5.287
440    11.523001
441    16.207
442    8.485001
443    6.207
444    6.1120005
445    9.7960005
446    7.2700005
447    -9.068
448    6.525
449    3.907
450    -10.867
451    9.917
452    -9.57
453    9.114
454    4.393
455    68.621
456    6.079
457    6.043
458    36.767
459    4.092
460    4.564
461    6.756
462    1.914
463    11.608
464    7.2
465    -29.107
466    21.265
467    5.374
468    9.608
469    9.474
470    6.417
471    12.052
472    32.682
473    -2.077
474    -14.677
475    -20.258999
476    4.646
477    4.679
478    -0.8809998
479    4.311
480    20.368
481    8.147
482    15.983
483    6.61
484    6.372
485    4.197
486    3.1890001
487    19.059
488    -3.5809999
489    1.8470001
490    -6.739
491    4.289
492    2.691
493    -2.4169998
494    4.351
495    3.9250002
496    8.83
497    2.7
498    -0.87299967
499    9.179001
500    7.215
501    -2.6139998
502    6.1990004
503    9.0
504    15.895
505    5.431
506    3.729
507    0.014000177
508    12.798
509    10.716
510    1.187
511    29.027
512    -2.425
513    3.8370001
514    -6.3859997
515    16.132
516    3.6150002
517    2.5500002
518    4.806
519    8.298
520    3.7340002
521    10.246
522    6.137
523    5.905
524    4.199
525    7.366
526    3.3580003
527    5.382
528    4.775
529    3.2840002
530    0.444
531    3.3760002
532    -0.07099986
533    -3.2499998
534    5.071
535    -1.8669999
536    0.6020001
537    -0.86899996
538    1.187
539    -7.821
540    0.39600015
541    1.559
542    -5.1239996
543    -2.663
544    -0.4469999
545    2.3950002
546    0.71000004
547    -2.387
548    5.3310003
549    2.3100002
550    -1.5409999
551    2.0430002
552    2.5370002
553    14.819
554    5.4240003
555    27.377
556    -0.43599987
557    20.013
558    -0.701
559    22.945
560    2.367
561    0.73500013
562    -9.389
563    -3.9559999
564    -0.10799992
565    1.7590001
566    -24.294
567    -1.757
568    3.0410001
569    1.421
570    13.373
571    -0.86899996
572    1.664
573    1.1300001
574    2.749
575    -1.6959999
576    1.468
577    -0.7579999
578    3.0110002
579    0.669
580    0.9210001
581    -2.3209999
582    0.42400002
583    3.0100002
584    1.3080001
585    -9.419
586    4.0360003
587    2.3100002
588    2.4910002
589    0.78100014
590    10.203
591    -1.532
592    3.117
593    12.314
594    -2.274
595    -1.0289999
596    21.922
597    -0.16399992
598    2.838
599    12.928
600    -0.2299999
601    6.642
602    3.7500002
603    1.4440001
604    0.30500007
605    -1.364
606    1.069
607    15.27
608    2.0140002
609    -4.375
610    -0.32799995
611    16.229
612    -0.12199986
613    -4.9519997
614    -2.197
615    15.287001
616    -1.3629999
617    -0.092999935
618    29.04
619    1.4250001
620    4.565
621    1.6730001
622    13.9800005
623    -13.767
624    -2.724
625    -3.0299997
626    -4.392
627    21.61
628    0.50100005
629    5.36
630    4.933
631    1.723
632    4.1140003
633    3.6430001
634    1.0
635    -1.2019999
636    24.728
637    -0.83299994
638    2.394
639    12.066
640    0.7570001
641    -6.062
642    0.026000023
643    5.926
644    -5.0839996
645    4.2300005
646    -0.5169997
647    -7.773
648    11.185
649    3.5240002
650    -1.8479998
651    -0.3039999
652    -2.5939999
653    1.8880002
654    1.437
655    -0.07499981
656    1.4790001
657    0.526
658    0.81200004
659    -0.57299995
660    2.6360002
661    -3.744
662    18.539
663    2.788
664    1.6760001
665    20.792
666    2.9510002
667    3.533
668    0.79200006
669    3.571
670    -5.743
671    2.9950001
672    4.818
673    -0.10499978
674    -2.461
675    -6.9579997
676    6.9210005
677    -4.653
678    13.299
679    -1.6969999
680    -1.8569999
681    0.83200014
682    1.3640001
683    -2.744
684    -1.864
685    -4.733
686    -0.32999992
687    2.6710002
688    21.408
689    2.908
690    36.011
691    0.65700006
692    2.703
693    3.8920002
694    1.029
695    3.229
696    9.267
697    -5.208
698    -0.74199986
699    0.08800006
700    -0.5719998
701    -0.44299984
702    -7.3519998
703    -0.8629999
704    1.9560001
705    -0.4159999
706    1.901
707    1.0430002
708    0.33900023
709    2.546
710    -5.776
711    0.20900011
712    0.44400024
713    0.25100005
714    -1.6939999
715    0.73300004
716    3.651
717    -0.36399984
718    2.6620002
719    0.9130001
720    4.2650003
721    0.07400036
722    -1.3569999
723    0.4970001
724    2.035
725    -2.902
726    -0.6999998
727    -5.021
728    50.84
729    -1.032
730    0.559
731    1.718
732    2.4650002
733    1.19
734    0.75800014
735    1.8290002
736    -0.5819998
737    -0.18799973
738    -2.6759999
739    2.13
740    -1.706
741    1.4020002
742    3.1850002
743    -2.7329998
744    -1.9139998
745    0.3360002
746    -0.34599996
747    0.77400005
748    -0.8779998
749    3.153
750    -21.853
751    2.4190001
752    -8.638
753    2.427
754    -2.507
755    2.7690003
756    1.4390001
757    -1.3479998
758    0.7160001
759    -2.2339997
760    -0.21099997
761    2.035
762    1.2700002
763    1.0050001
764    3.588
765    -3.396
766    -2.447
767    -7.272
768    -1.175
769    -2.179
770    0.07500005
771    -1.6429999
772    -9.026
773    0.013000011
774    -1.856
775    0.2800002
776    0.6860001
777    -1.8079998
778    -1.8949997
779    -0.826
780    -0.05099988
781    0.003000021
782    -0.23399997
783    1.2700002
784    -1.5969999
785    -4.991
786    0.3570001
787    -1.3269999
788    1.0
789    -0.6539998
790    -0.24699986
791    -11.944
792    -2.4069998
793    4.1590004
794    -0.5879998
795    -3.03
796    -4.766
797    -1.7099999
798    -1.2469999
799    -2.8049998
800    -0.3599999
801    2.4970002
802    -0.967
803    0.411
804    -2.5589998
805    -1.2479999
806    -3.544
807    4.311
808    -2.534
809    -8.097
810    -4.896
811    -1.9369998
812    -4.981
813    -0.39699996
814    1.3400002
815    1.881
816    -1.7809999
817    -1.211
818    1.9840002
819    5.632
820    3.5830002
821    -1.9239999
822    -5.672
823    -0.35699987
824    -5.6239996
825    0.17400002
826    -0.12099993
827    -1.4259999
828    -2.5119998
829    -0.96899986
830    -2.032
831    -4.218
832    -0.59399986
833    -1.6439996
834    -1.617
835    -1.1219997
836    0.1170001
837    -1.2379999
838    -4.183
839    -1.1859999
840    -0.40299988
841    -1.6689999
842    -1.5999999
843    0.661
844    -1.2969999
845    -0.7429998
846    -1.3889999
847    0.12800002
848    -0.9819999
849    -0.38199997
850    -2.02
851    -1.7049999
852    -3.2059999
853    -0.7399998
854    -2.116
855    -4.7209997
856    1.6730001
857    -1.287
858    -1.685
859    -8.162
860    -2.3799999
861    -1.364
862    -3.4299998
863    -1.8169999
864    -1.5329999
865    -1.8269999
866    1.1150002
867    -0.16099977
868    -4.422
869    -2.5819998
870    1.5170002
871    -6.205
872    -0.48899984
873    -3.629
874    -3.315
875    -1.5259998
876    -0.30599988
877    -0.91299987
878    0.28400016
879    -1.6479999
880    -0.88699985
881    -4.1
882    -2.5259998
883    -12.957
884    -5.097
885    -1.8249998
886    -1.1739998
887    -5.717
888    -3.866
889    -0.24099994
890    -1.842
891    0.61300004
892    -1.2559999
893    -0.576
894    -2.859
895    -2.678
896    -0.47899985
897    -3.406
898    -4.62
899    -1.1159999
900    -4.771
901    -17.881
902    -2.6769998
903    -4.5039997
904    -3.361
905    -3.7059999
906    -2.751
907    -1.0979999
908    -0.5839999
909    -3.302
910    -2.0589998
911    -4.703
912    -4.396
913    0.16200018
914    -1.287
915    -0.7219999
916    -0.7739999
917    -0.46699977
918    0.1270001
919    -0.14999986
920    -2.7129998
921    -2.023
922    -1.767
923    -6.3339996
924    -1.1479998
925    -2.5119998
926    1.0
