0    -24.709
1    -22.865
2    -21.444
3    -21.741
4    -21.733
5    -21.633
6    -21.494999
7    -21.48
8    -21.765
9    -23.461
10    -21.709
11    -21.699
12    -21.702
13    -21.57
14    -21.552
15    -21.412
16    -21.659
17    -21.682
18    -12.4279995
19    -15.343
20    -16.345
21    -16.437
22    -15.825
23    -16.19
24    -16.201
25    -4.8859997
26    -11.98
27    -14.978
28    -12.809
29    -12.114
30    -15.859
31    -12.088
32    -12.908
33    -13.754
34    -14.578
35    -13.735
36    -10.36
37    -12.355
38    -12.8029995
39    -12.703
40    -12.323999
41    -12.804
42    -12.871
43    -12.398
44    -12.747
45    -12.958
46    -12.839
47    -12.013
48    -12.287
49    -12.113
50    -12.674
51    -12.844
52    -12.693
53    -12.527
54    -12.077
55    -12.323999
56    -11.988
57    -14.969
58    -12.658
59    -12.493
60    -9.338
61    -17.049
62    -15.852
63    -12.73
64    -12.982
65    -12.331
66    -16.901
67    -13.039
68    -16.198
69    -14.611
70    -12.423
71    -12.575
72    -12.741
73    -16.894
74    -12.429
75    -10.901
76    -12.837
77    -13.072
78    -15.117
79    -14.963
80    -12.147
81    -12.082
82    -12.198
83    -14.131
84    -12.723
85    2.401
86    -10.525
87    -12.816999
88    -14.013
89    -12.424
90    -12.538
91    -12.382
92    -12.406
93    -12.475
94    -15.3619995
95    -12.4279995
96    -12.591
97    -12.337
98    -8.739
99    -0.88199997
100    -2.78
101    -1.1899999
102    -1.265
103    -2.912
104    -1.191
105    -2.245
106    -2.386
107    -0.6359999
108    -2.948
109    -2.8119998
110    -1.3399999
111    -0.926
112    -2.7329998
113    -1.201
114    -2.839
115    -2.362
116    -2.7529998
117    -2.728
118    -2.4029999
119    -2.8639998
120    -2.635
121    -2.892
122    -2.6529999
123    -2.3439999
124    -2.8569999
125    -0.5549998
126    -2.96
127    -2.638
128    -2.021
129    -1.658
130    -2.7729998
131    -2.6339998
132    -2.361
133    -2.683
134    -2.959
135    -2.268
136    -2.9169998
137    -1.6149998
138    -2.843
139    -1.336
140    -1.15
141    -1.131
142    -1.701
143    -2.931
144    -5.555
145    -5.706
146    -7.956
147    -10.073
148    -5.698
149    -10.027
150    -9.766
151    -8.582
152    -9.513
153    -10.03
154    -5.6759996
155    -5.7349997
156    -6.049
157    -10.111
158    -2.192
159    -7.828
160    -5.294
161    -5.019
162    -5.005
163    71.842
164    1.7810001
165    2.181
166    31.174
167    2.322
168    2.3660002
169    1.7930001
170    1.991
171    2.519
172    2.812
173    3.3160002
174    3.463
175    3.075
176    1.5000001
177    3.357
178    2.0960002
179    2.035
180    3.068
181    2.1000001
182    2.9670002
183    2.072
184    0.65000004
185    0.69100004
186    0.605
187    2.167
188    0.02700007
189    0.5000001
190    0.9510001
191    1.1920002
192    4.401
193    0.9990001
194    0.30900002
195    0.49000013
196    -1.8249999
197    0.559
198    0.32000005
199    0.46600008
200    0.61800003
201    0.53200006
202    0.2750001
203    0.24900007
204    0.37300003
205    0.48900008
206    1.2810001
207    0.12800002
208    0.46500003
209    0.5070001
210    1.08
211    0.18800008
212    1.029
213    0.59300005
214    0.763
215    -3.123
216    -3.216
217    0.697
218    0.87600005
219    2.151
220    -2.11
221    -1.744
222    -2.0419998
223    -2.216
224    1.9110001
225    -2.155
226    2.111
227    1.516
228    -2.1349998
229    -0.8609998
230    -2.188
231    -1.7619998
232    -2.0839999
233    -2.059
234    -1.2989998
235    -1.8509998
236    -1.9659998
237    -1.8019998
238    -2.1279998
239    -1.9829998
240    -2.31
241    -1.7069998
242    -1.9229999
243    -1.2819998
244    -2.11
245    -1.3059998
246    -2.137
247    -1.6989999
248    -1.7879999
249    -2.0419998
250    -1.9199998
251    -1.1429999
252    -1.6829998
253    -2.3669999
254    -1.645
255    -2.304
256    -1.7719998
257    -1.908
258    -2.087
259    -1.905
260    -1.6859999
261    -1.9399998
262    -1.9039998
263    -1.859
264    2.437
265    2.4390001
266    1.7300001
267    4.9150004
268    1.8620001
269    2.078
270    1.529
271    -5.857
272    2.726
273    -6.028
274    1.9620001
275    -1.9659998
276    0.96900004
277    2.594
278    -2.715
279    1.8080001
280    -5.31
281    -5.976
282    1.9610001
283    -5.698
284    -5.788
285    1.345
286    1.876
287    1.4310001
288    -2.763
289    -9.084
290    -4.091
291    -2.1999998
292    1.5320001
293    -4.24
294    2.4980001
295    1.7930001
296    1.4710001
297    2.3390002
298    -3.264
299    -6.026
300    1.9810001
301    4.506
302    2.3170002
303    -2.158
304    1.621
305    1.6860001
306    -2.7849998
307    -2.307
308    -4.1809998
309    1.6800001
310    1.9000001
311    1.8500001
312    1.4870001
313    1.524
314    3.6100001
315    -2.78
316    -3.7199998
317    -2.8849998
318    -0.29499996
319    -2.179
320    -2.166
321    -1.974
322    -0.08499992
323    -0.16899991
324    -2.1599998
325    -0.14299989
326    -1.7649999
327    -2.2469997
328    -1.8769999
329    -1.1819999
330    -1.586
331    -3.984
332    -1.8319998
333    -4.131
334    -1.4069998
335    -1.9829998
336    -3.995
337    -1.8729999
338    -1.9259999
339    0.41200018
340    -1.954
341    -0.46799994
342    -1.8609998
343    -1.392
344    -4.244
345    1.738
346    -1.2969999
347    -2.0229998
348    -1.7019999
349    -1.9099998
350    -1.6609998
351    -1.938
352    -1.971
353    -1.5809999
354    1.667
355    1.835
356    -1.9849999
357    -1.869
358    2.8590002
359    -0.9879999
360    1.6560001
361    -2.144
362    1.9620001
363    1.6090001
364    1.6570001
365    -4.09
366    -2.139
367    1.8650001
368    -2.034
369    2.6060002
370    2.003
371    2.1920002
372    1.6650001
373    1.9890001
374    -0.5849999
375    -1.3409998
376    2.079
377    1.475
378    -2.0149999
379    -1.694
380    -2.48
381    -0.65
382    -1.9069998
383    2.1850002
384    -2.3209999
385    -1.3
386    1.8160001
387    1.8620001
388    1.7470001
389    2.3140001
390    -0.5459999
391    3.784
392    0.099000216
393    -7.187
394    -4.326
395    -1.31
396    0.45500016
397    -4.0839996
398    -0.07499993
399    -3.764
400    0.14700007
401    -0.53999996
402    3.522
403    -4.633
404    -4.0699997
405    -4.479
406    -4.443
407    1.6830001
408    0.007000208
409    -3.573
410    -0.16699994
411    1.853
412    -4.381
413    -4.265
414    0.7880001
415    -4.087
416    -4.158
417    -4.039
418    -1.9199998
419    -3.7819998
420    1.046
421    -1.5769999
422    -2.9859998
423    -3.0979998
424    1.6140001
425    -3.1739998
426    -2.879
427    2.105
428    2.0010002
429    2.397
430    -3.7519999
431    2.2900002
432    2.4040003
433    -0.1509999
434    1.57
435    -3.8489997
436    -5.5109997
437    -3.8779998
438    1.9440001
439    2.25
440    -4.394
441    -3.6929998
442    -3.744
443    1.6880001
444    -0.23299992
445    -1.1129999
446    1.0240002
447    1.125
448    -1.731
449    -0.031999946
450    1.1130002
451    -1.4029999
452    -1.948
453    -0.4039998
454    0.2190001
455    -2.389
456    0.4230001
457    -1.877
458    -2.108
459    1.243
460    -2.307
461    -2.254
462    3.237
463    -1.704
464    0.42200005
465    -1.5739999
466    0.1400001
467    -1.8449999
468    0.4590001
469    -2.073
470    0.4230001
471    1.2410002
472    0.51900005
473    -1.9059999
474    -1.3849999
475    -2.178
476    -1.4
477    -1.3119999
478    0.53400004
479    -1.946
480    -1.8069999
481    -1.4109999
482    -1.31
483    0.113000035
484    -1.349
485    1.266
486    0.8670001
487    0.56500006
488    -1.9799999
489    -1.3709999
490    0.439
491    -5.801
492    -5.576
493    -0.704
494    -5.259
495    -5.469
496    -5.863
497    -5.824
498    -5.43
499    -2.78
500    -5.98
501    -5.751
502    -5.774
503    -5.161
504    -5.3669996
505    -3.192
506    -5.317
507    -5.626
508    -3.074
509    -3.132
510    -3.106
511    -5.425
512    -6.074
513    -3.253
514    -3.085
515    -3.133
516    -3.146
517    -3.181
518    -3.117
519    -3.066
520    -3.22
521    -3.177
522    -3.2259998
523    -3.141
524    -2.918
525    -3.073
526    -3.217
527    -3.104
528    -5.689
529    -3.062
530    -3.195
531    -3.1209998
532    -3.1529999
533    -3.116
534    -3.09
535    -5.042
536    -5.019
537    -3.22
538    -3.086
539    -2.073
540    -5.791
541    5.843
542    -2.896
543    -4.675
544    -5.5699997
545    -5.9
546    -5.776
547    -3.188
548    -3.2129998
549    -5.713
550    -3.089
551    -5.917
552    -3.2129998
553    -3.054
554    -3.072
555    -3.041
556    -3.036
557    -3.135
558    -3.189
559    -4.179
560    -1.8909999
561    -4.98
562    -9.646
563    -9.573999
564    -9.668
565    -9.694
566    -9.761
567    -9.201
568    -9.623
569    -9.693
570    -9.647
571    -9.486
572    -9.739
573    -9.775
574    -9.556
575    -9.823
576    -9.874
577    -9.848
578    -9.836
579    -9.584
580    -9.748
581    -9.875
582    -9.605
583    -9.904
584    -9.733
585    -5.8389997
586    -5.492
587    -4.802
588    -2.9759998
589    -5.889
590    -5.592
591    -5.796
592    -5.621
593    -6.2089996
594    -5.904
595    -3.204
596    -3.215
597    -5.63
598    -5.196
599    -3.108
600    -3.237
601    -5.1359997
602    -5.894
603    -3.065
604    17.787
605    -5.757
606    -5.6019998
607    2.187
608    -3.016
609    -3.123
610    -4.862
611    -5.052
612    -6.545
613    -2.82
614    -5.253
615    -5.635
616    -3.014
617    -5.614
618    -5.854
619    -5.834
620    -3.154
621    -5.186
622    -3.225
623    -5.851
624    -6.74
625    -4.825
626    1.182
627    -3.141
628    -5.0369997
629    1.416
630    -5.631
631    -3.179
632    0.975
633    -5.454
634    -5.226
635    -3.181
636    -5.183
637    -3.063
638    -3.191
639    0.74700004
640    -3.738
641    -5.743
642    0.596
643    -3.218
644    -3.12
645    -3.115
646    -5.788
647    -5.726
648    0.791
649    0.82800007
650    -5.251
651    0.874
652    -5.3849998
653    1.133
654    0.78400004
655    -3.211
656    0.93500006
657    -5.753
658    1.5270001
659    0.84400004
660    0.906
661    1.2980001
662    0.85400003
663    0.75000006
664    0.96900004
665    -3.554
666    0.78900003
667    0.85
668    1.0730001
669    1.4530001
670    1.174
671    1.0580001
672    -3.1669998
673    0.716
674    0.94400007
675    0.89800006
676    1.029
677    1.0610001
678    1.338
679    -3.096
680    0.64400005
681    -3.113
682    -3.224
683    1.383
684    0.79
685    -3.125
686    -5.815
687    -127.596
688    -127.972
689    -127.635
690    -127.481
691    -127.453
692    -127.62
693    -127.406
694    -127.95
695    -127.514
696    -127.577
697    -127.565
698    -127.523
699    -127.685
700    -127.175
701    -127.134
702    -127.149
703    -127.165
704    -127.156
705    -127.886
706    -127.695
707    -127.729
708    -127.863
709    -127.497
710    -127.525
711    -127.618
712    -127.783
713    -127.77
714    -127.658
715    -127.667
716    -127.639
717    -127.886
718    -127.792
719    -128.028
720    -127.584
721    -127.587
722    -127.576
723    -127.886
724    -127.939
725    -127.959
726    -127.697
727    -127.639
728    -127.719
729    -127.871
730    -128.135
731    -127.756
732    -127.74
733    -127.76
734    -127.673996
735    -128.101
736    -128.199
737    -127.941
738    -127.61
739    -127.747
740    -127.721
741    -127.552
742    -128.162
743    -127.672
744    -127.535
745    -127.572
746    -127.484
747    -127.671
748    -128.017
749    -127.144
750    -127.152
751    -127.111
752    -127.993
753    -127.994
754    -128.138
755    -127.783
756    -127.736
757    -127.71
758    -127.702
759    -127.587
760    -127.77
761    -127.695
762    -127.782
763    -127.691
764    -127.699
765    -127.608
766    -127.658
767    -127.446
768    -127.554
769    -127.546
770    -127.661
771    -127.746
772    -127.676
773    -127.754
774    -127.658
775    -127.65
