0    -4.909
1    -5.2209997
2    -4.834
3    -5.173
4    -4.933
5    -5.031
6    -4.851
7    -5.14
8    -4.755
9    -5.295
10    -5.209
11    -5.133
12    -2.7419999
13    -4.921
14    -4.178
15    -5.132
16    -3.9499998
17    -5.039
18    -5.106
19    -4.057
20    -5.25
21    -3.123
22    -5.192
23    -3.313
24    -3.54
25    -5.3459997
26    -5.133
27    -4.79
28    -5.263
29    -3.6069999
30    -5.087
31    -3.543
32    -4.715
33    -4.866
34    -3.585
35    -3.501
36    -4.4769998
37    -5.137
38    -4.687
39    -5.265
40    -0.49299955
41    -5.308
42    -5.298
43    -5.09
44    -4.3529997
45    -3.478
46    -3.541
47    -3.544
48    -3.55
49    -5.199
50    -4.517
51    -5.166
52    -4.165
53    -5.1949997
54    -5.259
55    -5.345
56    -4.856
57    -5.147
58    -4.286
59    -5.137
60    -4.647
61    -3.4889998
62    -4.067
63    -3.326
64    -3.592
65    -5.139
66    -5.271
67    -5.172
68    -5.3
69    -5.31
70    -3.5379999
71    -3.9329998
72    -3.174
73    -4.502
74    -3.565
75    -5.259
76    -3.3249998
77    -3.5619998
78    -5.283
79    -5.071
80    -5.234
81    -3.385
82    -5.236
83    -3.61
84    -3.534
85    -5.093
86    -3.9099998
87    -3.542
88    -5.098
89    -4.6359997
90    -3.573
91    -5.189
92    -1.9429998
93    -5.201
94    -3.57
95    -5.219
96    -5.099
97    -4.739
98    -4.696
99    -4.5889997
100    -0.53099966
101    -5.05
102    -2.5809999
103    -5.269
104    -5.311
105    -5.299
106    -4.913
107    -4.2939997
108    -5.231
109    -5.158
110    -5.139
111    -4.91
112    -3.5939999
113    -4.527
114    -3.9699998
115    -5.291
116    -5.207
117    -4.8599997
118    -4.8789997
119    -4.962
120    -4.132
121    -5.232
122    -5.09
123    -5.137
124    -4.881
125    -3.392
126    -4.692
127    -5.083
128    -4.6689997
129    -5.177
130    -5.038
131    -2.8349998
132    -5.026
133    -4.406
134    -5.1949997
135    -3.925
136    -4.883
137    -3.415
138    -4.748
139    -5.103
140    -5.152
141    -5.185
142    -3.619
143    -3.55
144    -4.996
145    -3.591
146    -5.29
147    -5.233
148    -4.83
149    -4.3719997
150    -5.259
151    -3.565
152    -3.54
153    -0.63899994
154    -4.572
155    -3.5479999
156    -4.4709997
157    -3.547
158    -5.225
159    -1.2329998
160    -4.889
161    -5.15
162    -3.5479999
163    -5.098
164    -4.079
165    -5.184
166    -4.805
167    -5.235
168    -3.539
169    -5.159
170    -4.948
171    -5.279
172    -3.565
173    -5.012
174    -2.9899998
175    -4.105
176    -5.249
177    -4.967
178    -4.375
179    -5.2209997
180    -5.209
181    -5.209
182    -5.3059998
183    -3.605
184    -1.402
185    -4.941
186    -4.975
187    -4.59
188    -5.198
189    -3.629
190    -3.452
191    -4.805
192    -3.565
193    -5.218
194    -5.099
195    -1.757
196    -4.606
197    -4.664
198    -5.192
199    -4.749
200    -4.059
201    -4.576
202    -5.177
203    -3.571
204    -0.07099962
205    -3.57
206    -4.797
207    -4.5
208    -3.566
209    -4.152
210    -3.494
211    -4.708
212    -5.231
213    -4.37
214    -5.132
215    -4.0839996
216    -4.298
217    -5.232
218    -2.4959998
219    -4.067
220    -5.322
221    -3.3279998
222    -5.166
223    -3.6
224    -4.922
225    -2.7169998
226    -2.9799998
227    -4.208
228    -3.4359999
229    -3.589
230    -5.199
231    -5.2269998
232    -4.243
233    -5.222
234    -5.211
235    -4.851
236    -5.154
237    -1.6349998
238    -3.7429998
239    -5.266
240    -4.699
241    -5.021
242    -3.563
243    -5.015
244    -2.84
245    -5.213
246    -3.433
247    -5.309
248    -5.167
249    -4.154
250    -4.854
251    -5.278
252    -3.282
253    -5.0959997
254    -4.936
255    -5.202
256    -4.446
257    -3.0749998
258    -5.194
259    -3.3799999
260    -3.202
261    -5.249
262    -5.23
263    -4.774
264    -4.903
265    -4.632
266    -5.113
267    -5.157
268    -4.296
269    -5.041
270    -4.917
271    -5.062
272    -5.203
273    -4.871
274    -2.722
275    -3.53
276    -5.033
277    -5.257
278    -5.244
279    -5.032
280    -3.567
281    -5.157
282    -2.8999999
283    -5.179
284    -3.545
285    -0.93499994
286    -5.31
287    -3.578
288    -3.55
289    -4.365
290    -4.884
291    -5.153
292    -3.545
293    -5.322
294    -4.881
295    -5.24
296    -5.461
297    -5.279
298    -4.626
299    -4.7019997
300    -1.9549999
301    -4.766
302    -5.091
303    -4.3599997
304    -4.338
305    -5.198
306    -3.567
307    -5.305
308    -4.878
309    -5.219
310    -5.266
311    -5.211
312    -5.32
313    -5.2
314    -4.999
315    -4.94
316    -5.26
317    -5.264
318    -4.191
