0    2.593
1    2.269
2    2.453
3    1.598
4    2.685
5    -1.0469999
6    2.363
7    0.73700005
8    -0.23299998
9    1.702
10    1.088
11    -0.085999966
12    1.838
13    1.82
14    0.23800004
15    -0.78199995
16    6.758
17    3.7020001
18    2.039
19    16.267
20    3.7740002
21    1.717
22    -1.022
23    3.003
24    0.50100005
25    3.249
26    2.7080002
27    7.424
28    1.182
29    1.9720001
30    -0.28999996
31    -11.044
32    -17.447
33    3.703
34    1.789
35    1.721
36    3.858
37    -0.12699997
38    1.899
39    2.535
40    -0.9039999
41    -5.387
42    6.071
43    4.781
44    3.701
45    1.7450001
46    1.5960001
47    2.994
48    0.994
49    -1.2279999
50    3.118
51    0.44400012
52    2.023
53    3.762
54    1.756
55    0.4790001
56    1.8770001
57    -20.343
58    1.1850001
59    6.707
60    5.705
61    2.005
62    1.3010001
63    3.7150002
64    0.2830001
65    2.66
66    1.191
67    -1.0699999
68    1.503
69    0.24400002
70    1.0990001
71    2.7220001
72    -1.372
73    2.3240001
74    -1.1839999
75    9.242001
76    2.629
77    2.801
78    -0.09899998
79    0.3850001
80    0.32500005
81    0.513
82    1.975
83    2.719
84    1.777
85    1.322
86    1.654
87    1.842
88    0.21300006
89    -20.737999
90    -37.619
91    1.7090001
92    13.91
93    9.298
94    -0.3369999
95    0.19800007
96    -0.32
97    3.5180001
98    -0.06399995
99    1.7980001
100    0.1730001
101    -5.297
102    3.0500002
103    -0.18399996
104    1.148
105    4.106
106    2.454
107    -0.09699994
108    -0.66699994
109    3.679
110    2.068
111    -3.46
112    1.103
113    3.047
114    7.484
115    7.41
116    0.34300005
117    1.34
118    6.412
119    -1.308
120    12.995
121    0.13400006
122    3.983
123    -9.282
124    6.299
125    1.0400001
126    3.746
127    0.014000058
128    1.9350001
129    -0.93999994
130    2.664
131    6.085
132    -4.256
133    1.612
134    -15.173
135    0.83400005
136    18.874
137    15.998
138    10.272
139    17.871
140    8.26
141    4.473
142    7.725
143    -5.139
144    4.221
145    6.995
146    99.552
147    2.6030002
148    3.685
149    5.322
150    -0.15499997
151    5.962
152    3.207
153    4.662
154    2.171
155    5.043
156    -0.29399997
157    2.0430002
158    6.065
159    2.884
160    2.8140001
161    7.873
162    4.734
163    0.864
164    7.419
165    1.645
166    11.711
167    0.86500007
168    2.061
169    8.113
170    7.704
171    1.1800001
172    1.003
173    8.705
174    3.2350001
175    1.8210001
176    1.4300001
177    2.776
178    10.827
179    2.941
180    7.6210003
181    -1.5339999
182    5.498
183    3.716
184    2.194
185    3.697
186    -0.12199998
187    -0.274
188    4.809
189    -1.857
190    2.7540002
191    -41.624
192    5.983
193    1.167
194    4.855
195    3.108
196    5.0360003
197    4.907
198    0.078999996
199    5.162
200    2.763
201    -25.102
202    4.901
203    -14.905
204    0.97900003
205    1.7880001
206    3.1680002
207    3.379
208    -5.8619995
209    3.88
210    0.15700006
211    1.299
212    -2.31
213    3.0310001
214    1.085
215    1.77
216    1.678
217    3.137
218    46.767
219    3.816
220    2.941
221    3.877
222    33.411
223    6.54
224    -5.085
225    6.733
226    3.751
227    1.011
228    -16.317
229    -1.194
230    1.054
231    2.04
232    0.846
233    0.54300004
234    -0.14099997
235    -16.417
236    1.977
237    10.148
238    -1.2549999
239    -0.4239999
240    0.504
241    2.968
242    9.112
243    1.047
244    2.389
245    2.2270002
246    -2.155
247    5.227
248    -0.25299996
249    5.164
250    6.29
251    2.874
252    4.715
253    -5.718
254    4.8980002
255    6.761
256    17.143
257    4.938
258    -0.08499998
259    2.823
260    4.178
261    0.069000006
262    3.191
263    -0.6889999
264    5.997
265    8.664
266    14.779
267    2.0440001
268    -4.972
269    3.158
270    -12.864
271    -12.255
272    10.902
273    -55.813
274    10.712
275    1.516
276    2.5770001
277    -2.5059998
278    -34.848
279    1.713
280    1.5610001
281    1.4120001
282    1.776
283    1.49
284    1.4350001
285    15.280001
286    7.064
287    3.1920002
288    -2.7649999
289    1.6340001
290    -1.152
291    -3.431
292    -42.531
293    10.39
294    3.0960002
295    1.95
296    2.1100001
297    -2.6859999
298    3.685
299    0.998
300    1.695
301    4.485
302    44.979
303    4.116
304    -1.7889998
305    1.797
306    1.643
307    3.041
308    4.111
309    -3.3449998
310    3.354
311    1.83
312    1.9230001
313    11.025
314    -12.323
315    5.899
316    2.685
317    -1.2369999
318    -6.483
319    -2.472
320    0.20800018
321    11.848
322    -3.53
323    -0.918
324    5.817
325    1.6700001
326    15.99
327    1.3510001
328    -9.676
329    3.808
330    2.005
331    1.705
332    1.825
333    0.92800003
334    1.8110001
335    1.649
336    2.8140001
337    2.867
338    1.6140001
339    1.51
340    1.501
341    2.562
342    1.5940001
343    2.823
344    1.4
345    1.549
346    1.455
347    1.8100001
348    1.6570001
349    1.436
350    3.532
351    1.534
352    1.5840001
353    6.1520004
354    1.5480001
355    1.471
356    1.651
357    1.4330001
358    1.544
359    1.421
360    1.753
361    1.3840001
362    1.78
363    2.56
364    1.632
365    2.418
366    10.498
367    1.359
368    -0.42499995
369    1.4330001
370    1.432
371    -1.459
372    1.664
373    2.444
374    1.82
375    3.635
376    1.596
377    1.626
378    -0.42699993
379    5.237
380    0.165
381    2.6100001
382    1.062
383    2.508
384    2.515
385    3.18
386    3.862
387    3.416
388    -4.644
389    4.462
390    2.49
391    2.7450001
392    2.692
393    7.004
394    0.88600004
395    0.5840001
396    4.418
397    6.627
398    2.4850001
399    9.488
400    2.6100001
401    2.548
402    3.005
403    2.161
404    2.727
405    -7.309
406    4.441
407    2.595
408    -1.861
409    3.17
410    -3.854
411    2.808
412    1.3410001
413    1.576
414    2.212
415    4.855
416    1.304
417    -0.09899998
418    3.94
419    1.8620001
420    2.505
421    1.2090001
422    0.042000055
423    0.25100005
424    3.4780002
425    1.5450001
426    1.6270001
427    1.176
428    2.003
429    0.92
430    0.72400004
431    -2.783
432    4.085
433    3.759
434    1.7340001
435    0.23400009
