0    -23.902
1    -31.819
2    -31.528
3    -30.457
4    -23.977
5    -32.621
6    -30.232
7    -30.232
8    -32.811
9    -30.984
10    -31.702
11    -32.871
12    -29.156
13    -30.881
14    -31.589
15    -31.589
16    -31.862999
17    -38.828
18    -34.733
19    -35.349
20    -23.962
21    -36.797
22    -36.808
23    -35.638
24    -34.645
25    -23.732
26    -32.149
27    -35.535
28    -35.819
29    -34.748
30    -34.748
31    -23.94
32    -35.709
33    -34.902
34    -34.439
35    -35.533
36    -34.865
37    -34.779
38    -34.691
39    -22.927
40    -18.987999
41    -18.588
42    -18.873
43    -18.741
44    -24.693
45    -17.359
46    -18.99
47    -18.834
48    -18.775
49    -18.573
50    -18.991
51    -18.819
52    -6.91
53    -6.246
54    -6.818
55    -27.367
56    -9.062
57    -25.809
58    -4.126
59    -27.887
60    -23.881
61    -23.881
62    -24.952
63    -22.823
64    -22.787
65    -24.77
66    -24.921
67    -23.779
68    -25.813
69    -22.711
70    -23.775
71    -22.88
72    -23.875
73    -22.46
74    -22.985
75    -13.118
76    -23.827
77    -22.76
78    -23.868
79    -10.811
80    -23.681
81    -22.761
82    -22.538
83    -22.936
84    -22.862999
85    -22.894
86    -23.185
87    -22.844
88    -22.417
89    -22.555
90    -21.723
91    -23.825
92    -23.965
93    -22.730999
94    -22.730999
95    -23.934
96    -23.674
97    -23.892
98    -24.862999
99    -23.935
100    -24.919
101    -24.929
102    -22.179
103    -23.931
104    -24.548
105    -11.0529995
106    -11.757999
107    -10.316
108    -10.316
109    -11.123
110    -23.866
111    -24.71
112    -11.016
113    -22.909
114    -22.979
115    -24.034
116    -22.9
117    -10.97
118    -24.858
119    -23.79
120    -22.848
121    -24.038
122    -9.95
123    -27.55
124    -27.607
125    -28.836
126    -27.728
127    -27.723
128    -28.838
129    -29.867
130    -29.867
131    -27.907
132    -22.935
133    -27.497
134    -23.868
135    -27.701
