0    -28.164
1    -28.155
2    -28.164
3    -28.125
4    -28.165
5    -28.163
6    -28.159
7    -28.172
8    -28.145
9    -28.165
10    -28.116
11    -28.151
12    -28.183
13    -28.172
14    -28.161
15    -28.131
16    -28.139
17    -28.216
18    -28.152
19    -28.098999
20    -28.179
21    -28.18
22    -28.168
23    -28.135
24    -28.136
25    -28.183
26    -28.145
27    -28.129
28    -28.176
29    -28.166
30    -28.173
31    -28.194
32    -28.18
33    -28.135
34    -28.17
35    -28.165
36    -28.181
37    -28.127
38    -28.164
39    -28.132
40    -28.134
41    -28.153
42    -28.163
43    -28.166
44    -28.176
45    -28.151
46    -28.103
47    -28.184
48    -28.161
49    -28.154
50    -28.151
51    -28.148
52    -28.145
53    -28.195
54    -28.151
55    -28.154
56    -28.149
57    -28.156
58    -28.112
59    -28.155
60    -28.162
61    -28.168
62    -28.165
63    -28.155
64    -28.137
65    -28.168
66    -28.177
67    -28.195
68    -28.109
69    -28.16
70    -28.137
71    -28.167
72    -28.133
73    -28.141
74    -28.171
75    -28.17
76    -28.176
77    -28.188
78    -28.132
79    -28.127
80    -28.15
81    -28.184
82    -28.706
83    -28.176
84    -28.148
85    -28.182
86    -28.166
87    -28.1
88    -28.155
89    -28.124
90    -28.157999
91    -28.155
92    -28.136
93    -28.191
94    -28.133
95    -28.198
96    -28.149
97    -28.134
98    -28.148
99    -28.154
100    -28.161
101    -28.138
102    -28.171
103    -28.19
104    -28.156
105    -28.156
106    -28.18
107    -28.157
108    -28.197
109    -28.176
110    -28.148
111    -28.144
112    -28.143
113    -28.162
114    -28.159
115    -28.149
116    -28.132
117    -28.174
118    -28.15
119    -28.178
120    -28.159
121    -28.147
122    -28.167
123    -28.229
124    -28.155
125    -28.155
126    -28.178
127    -28.183
128    -28.175
129    -28.168
130    -28.161
131    -28.153
132    -28.154
133    -28.172
134    -28.179
135    -28.17
136    -28.122
137    -28.138
138    -28.168
139    -28.16
140    -28.13
141    -28.144
142    -28.139
143    -28.183
144    -28.164
145    -28.135
146    -28.181
147    -28.132
148    -28.155
149    -28.145
150    -28.189
151    -28.164
152    -28.143
153    -28.161
154    -28.134
155    -28.101
156    -28.078
157    -28.159
158    -28.141
159    -28.148
160    -28.18
161    -28.143
162    -28.153
163    -28.153
164    -28.101
165    -28.17
166    -28.142
167    -28.159
168    -28.175
169    -28.19
170    -28.18
171    -28.174
172    -28.167
173    -28.164
174    -28.147
175    -28.181
176    -28.16
177    -28.154
178    -28.142
179    -28.14
180    -28.17
181    -28.193
182    -28.137
183    -28.134
184    -28.14
185    -28.176
186    -28.156
187    -28.17
188    -28.198
189    -28.145
190    -28.136
191    -28.145
192    -28.212
193    -28.105
194    -28.171
195    -28.136
196    -28.186
197    -28.161
198    -28.169
199    -28.16
200    -28.137
201    -28.161
202    -28.142
203    -28.15
204    -28.161
205    -28.157
206    -28.122
207    -28.17
208    -28.14
209    -28.137
210    -28.151
211    -28.144
212    -28.136
213    -28.132
214    -28.137
215    -28.15
216    -28.157
217    -28.169
218    -28.169
219    -28.142
220    -28.133
221    -28.153
222    -28.169
223    -28.15
224    -28.182
225    -28.159
226    -28.146
227    -28.137
228    -28.145
229    -28.179
230    -28.164
231    -28.136
232    -28.15
233    -28.172
234    -28.175
235    -28.173
236    -28.17
237    -28.173
238    -28.128
239    -28.13
240    -28.159
241    -28.163
242    -28.157999
243    -28.154
244    -28.196
245    -28.147
246    -28.153
247    -28.151
248    -28.183
249    -28.157
250    -28.119
251    -28.167
252    -28.151
253    -28.169
254    -28.17
255    -28.169
256    -28.122
257    -28.168
258    -28.147
259    -28.142
260    -28.148
261    -28.165
262    -28.134
263    -28.153
264    -28.172
265    -28.148
266    -28.184
267    -28.182
268    -28.161
269    -28.133
270    -28.147
271    -28.155
272    -28.197
273    -28.16
274    -28.153
