0    -7.251
1    -8.646
2    -4.8999996
3    -10.045
4    -8.304
5    -9.101
6    -8.07
7    -9.276
8    -9.532
9    -8.993
10    -3.016
11    -7.835
12    -5.698
13    -9.388
14    -9.05
15    -9.474
16    -9.545
17    -7.328
18    -9.464
19    -9.091
20    -8.693
21    -8.351
22    -9.055
23    -8.107
24    -3.5
25    -9.033
26    -9.272
27    -9.379
28    -9.364
29    -10.073
30    -7.0179996
31    -6.9519997
32    -9.426
33    -7.949
34    -8.843
35    -2.4199991
36    -9.164
37    -8.294
38    -7.599
39    -8.329
40    -9.055
41    -9.629
42    -9.57
43    -7.694
44    -5.3419995
45    -8.837
46    -6.658
47    -7.858
48    -9.427
49    -8.914
50    -8.87
51    -2.7489996
52    -9.775
53    -9.628
54    -9.559999
55    -8.945
56    -8.445
57    -8.892
58    -6.6169996
59    -9.504
60    -7.243
61    -8.955
62    -8.252
63    -4.3129997
64    -8.241
65    -9.163
66    -8.169
67    -3.488
68    -9.058
69    -9.606
70    -8.358
71    -8.705
72    -7.547
73    -7.8809996
74    -8.739
75    -8.525
76    -8.115
77    -9.668
78    -7.3849998
79    -7.6169996
80    -8.13
81    -8.334
82    -9.429
83    -8.457
84    -10.199
85    -8.459
86    -6.284
87    -9.066
88    -9.325
89    -8.528
90    -7.983
91    -9.529
92    -9.356
93    -8.125
94    -9.096
95    -6.9709997
96    -7.41
97    -9.728
98    -9.608
99    -7.0459995
100    -8.915
101    -4.0909996
102    -10.061
103    -9.611
104    -9.71
105    -9.6
106    -10.032
107    -9.055
108    -8.829
109    -6.8599997
110    -8.783
111    -7.656
112    -8.013
113    -10.105
114    -9.608
115    -9.598
116    -8.945
117    -10.038
118    -8.384
119    -6.43
120    -6.43
121    -9.523
122    -8.749
123    -8.964
124    -9.555
125    -9.926
126    -8.865
127    -9.861
128    -9.861
129    -8.921
130    -8.408
131    -9.124
132    -9.663
133    -7.8259997
134    -8.504
135    -3.615
136    -7.89
137    -6.904
138    -9.531
139    -7.67
140    -8.189
141    -8.952
142    -8.778999
143    -8.172
144    -8.316999
145    -7.9399996
146    -9.642
147    -7.8009996
148    -9.549
149    -9.082
150    -10.045
151    -9.24
152    -8.09
153    -9.005
154    -3.475
155    -6.494
156    -8.26
157    -7.6429996
158    -8.252
159    -9.62
160    -9.635
161    -7.212
162    -9.348
163    -10.065
164    -10.018
165    -9.924
166    -16.854
167    -10.025
168    -10.088
169    -8.332
170    -13.864
171    -10.083
172    -10.083
173    -10.019
174    -9.759
175    -9.989
176    -10.077
177    -14.009
178    -8.283
179    -3.541
180    -9.902
181    -10.116
182    -10.085
183    -9.792
184    -16.869
185    -13.879
186    -10.027
187    -9.925
188    -13.898
189    -8.308
190    -13.924
191    -10.067
192    -9.977
193    -13.902
194    -9.909
195    -3.2519999
196    -10.006
197    -3.4819999
198    -13.816999
199    -9.996
200    -10.038
201    -9.344
202    -9.816
203    -16.817
204    -10.077
205    -16.886
206    -8.142
207    -10.035
208    -10.019
209    -10.059999
210    -9.854
211    -13.842
212    -10.052
213    -9.894
214    -10.007
215    -16.354
216    -13.913
217    -13.688
218    -16.727
219    -3.533
220    -9.798
221    -15.598
222    -9.972
223    -9.484
224    -8.28
225    -9.962
226    -10.048
227    -10.107
228    -10.005
229    -7.908
230    -10.108
231    -9.861
232    -10.031
233    -10.031
234    -9.849
235    -15.709
236    -13.833
237    -9.52
238    -8.199
239    -9.965
240    -10.000999
241    -9.955
242    -10.089
243    -9.982
244    -9.979
245    -10.014
246    -3.506
247    -10.011
248    -13.308
249    -10.144
250    -16.678
