0    0.88100004
1    0.88400006
2    0.592
3    8.995
4    -15.213
5    0.94200003
6    1.934
7    0.768
8    1.143
9    0.537
10    0.643
11    0.943
12    0.546
13    0.528
14    0.423
15    1.484
16    1.484
17    0.966
18    0.76600003
19    0.84400004
20    1.151
21    -1.801
22    1.194
23    1.093
24    0.70400006
25    1.0070001
26    -0.44499993
27    0.92200005
28    0.351
29    0.96900004
30    0.22600001
31    0.661
32    0.67200005
33    0.63500005
34    0.671
35    0.78800005
36    0.836
37    1.098
38    0.66800004
39    1.3950001
40    1.103
41    0.97700006
42    0.48200002
43    0.62100005
44    1.1550001
45    0.48800004
46    0.77000004
47    0.77900004
48    0.86500007
49    1.439
50    0.846
51    0.55700004
52    0.86
53    2.315
54    0.65800005
55    2.0500002
56    2.31
57    1.9250001
58    1.684
59    1.431
60    1.59
61    -1.5389999
62    1.4760001
63    1.324
64    1.313
65    2.197
66    2.298
67    2.357
68    1.8280001
69    1.885
70    1.369
71    1.4560001
72    1.529
73    1.349
74    1.623
75    1.494
76    1.4530001
77    1.419
78    1.4200001
79    1.362
80    1.419
81    1.563
82    1.432
83    1.441
84    3.9540002
85    1.404
86    1.446
87    1.7160001
88    1.539
89    1.362
90    1.52
91    1.495
92    1.495
93    1.523
94    1.504
95    2.363
96    1.469
97    1.9030001
98    1.564
99    1.527
100    1.549
101    2.362
102    2.362
103    1.5020001
104    1.362
105    1.426
106    3.105
107    1.362
108    1.383
109    1.383
110    1.516
111    1.393
112    1.393
113    1.393
114    1.6800001
115    1.559
116    1.746
117    1.746
118    1.622
119    1.513
120    1.513
121    1.513
122    1.513
123    1.583
124    1.7290001
125    2.014
126    1.7190001
127    1.7190001
128    1.452
129    1.425
130    -1.9219999
131    2.165
132    1.524
133    1.524
134    1.4560001
135    1.334
136    1.459
137    1.389
138    1.418
139    1.6800001
140    1.9820001
141    1.645
142    1.326
143    1.429
144    1.429
145    1.52
146    1.7950001
147    1.905
148    1.455
149    1.477
150    1.718
151    1.806
152    1.488
153    1.761
154    1.5840001
155    1.9620001
156    1.678
157    1.488
158    1.488
159    1.408
160    1.764
161    1.5
162    1.403
163    1.421
164    1.4810001
165    1.372
166    1.4350001
167    1.4350001
168    1.451
169    1.32
170    1.5680001
171    1.369
172    1.54
173    1.6110001
174    2.6020002
175    1.7090001
176    1.625
177    1.484
178    1.539
179    3.1490002
180    3.1490002
181    1.357
182    1.631
183    2.12
184    1.5320001
185    1.349
186    2.2280002
187    1.997
188    1.468
189    1.668
190    1.7780001
191    1.7780001
192    1.7780001
193    1.454
194    1.681
195    1.681
196    1.363
197    1.549
198    2.553
199    1.417
200    1.531
201    1.503
202    1.483
203    1.7590001
204    1.461
205    1.7290001
206    1.327
207    1.369
208    1.661
209    1.9120001
210    1.362
211    1.484
212    2.258
213    1.687
214    1.4330001
215    1.4330001
216    1.712
217    1.3870001
218    1.7950001
219    1.51
220    2.1069999
221    1.928
222    2.1690001
223    1.418
224    1.863
225    1.4200001
226    1.814
227    1.3740001
228    1.622
229    1.757
230    1.4200001
231    1.355
232    -38.576
233    1.633
234    1.633
235    1.79
236    1.439
237    1.439
238    1.338
239    1.6010001
240    2.501
241    1.807
242    1.984
243    1.39
244    1.355
245    1.413
246    1.863
247    1.313
248    1.491
249    1.786
250    3.082
251    1.55
252    1.313
253    1.6240001
254    1.713
255    2.219
256    1.38
257    2.078
258    1.963
259    1.419
260    1.376
261    1.8900001
262    2.2
263    1.381
264    1.381
265    1.381
266    1.69
267    1.524
268    1.667
269    1.702
270    2.39
271    1.613
272    1.62
273    1.495
274    1.4660001
275    1.596
276    1.468
277    1.4070001
278    2.12
279    1.7360001
280    1.414
281    1.4990001
282    1.8340001
283    1.567
284    1.608
285    1.418
286    1.418
287    1.7190001
288    1.363
289    2.4450002
290    2.4450002
291    2.4450002
292    2.4450002
293    1.537
294    1.744
295    1.599
296    1.421
297    1.606
298    1.324
299    1.883
300    1.38
301    1.404
302    1.646
303    2.738
304    1.859
305    1.422
306    1.556
307    1.674
308    1.605
309    2.006
310    1.713
311    1.804
312    1.9330001
313    1.334
314    1.5710001
315    1.531
316    1.9020001
317    1.317
318    1.536
319    1.771
320    1.4790001
321    0.597
322    4.573
323    1.369
324    1.628
325    1.6140001
326    1.863
327    1.886
328    1.6040001
329    1.8100001
330    1.4
331    1.45
332    1.4860001
333    1.45
334    1.511
335    1.6010001
336    1.725
337    2.087
338    0.22300005
339    1.526
340    1.48
341    1.48
342    1.48
343    1.464
344    1.367
345    1.3970001
346    1.485
347    1.442
348    1.4760001
349    1.619
350    2.3240001
351    2.3240001
352    1.371
353    2.628
354    1.549
355    -1.279
356    1.632
357    2.766
358    1.773
359    1.837
360    1.457
361    1.542
362    0.577
363    1.684
364    1.427
365    1.357
366    1.462
367    1.8740001
368    1.57
369    1.6620001
370    1.5780001
371    1.5090001
372    1.4860001
373    1.666
374    1.4890001
375    1.741
376    1.477
377    1.4350001
378    1.4350001
379    1.327
380    1.7060001
381    1.695
382    1.52
383    1.44
384    1.6830001
385    1.883
386    2.259
387    1.6
388    1.866
389    1.449
390    1.723
391    1.491
392    1.362
393    1.362
394    1.487
395    0.10400009
396    1.355
397    1.355
398    1.459
399    1.482
400    1.418
401    1.8790001
402    1.817
403    1.32
404    1.32
405    1.8790001
406    1.6370001
407    1.5480001
408    1.357
409    1.357
410    1.357
411    2.0370002
412    1.292
413    1.292
414    1.474
415    1.424
416    1.711
417    0.86600006
418    2.012
419    0.90300006
420    1.006
421    -18.545
422    1.024
423    0.2600001
424    1.085
425    0.45400003
426    0.563
427    0.537
428    0.545
429    1.1520001
430    1.274
431    -0.04699993
432    0.16200006
433    0.60400003
434    0.943
435    0.58100003
436    1.0320001
437    0.62200004
438    0.574
439    1.7750001
440    0.901
441    0.9710001
442    4.8120003
443    0.58400005
444    0.54300004
445    0.614
446    1.721
447    0.53000003
448    0.60800004
449    0.634
450    0.813
451    1.2850001
452    0.689
453    0.63000005
454    0.79800004
455    0.595
456    1.566
457    1.8440001
458    0.46
459    1.269
460    1.205
461    2.197
462    0.892
463    1.1040001
464    1.338
465    1.3610001
466    1.199
467    1.108
468    0.75900006
469    1.3310001
470    0.77000004
471    1.0400001
472    1.0400001
473    0.68600005
474    1.001
475    0.77900004
476    -4.1809998
477    -3.7659998
478    0.799
479    0.68
480    0.703
481    1.0960001
482    1.0610001
483    0.708
484    42.698
485    0.68700004
486    1.806
487    1.6600001
488    0.671
489    1.1420001
490    1.5450001
491    0.74500006
492    0.99100006
493    0.93500006
494    0.544
495    0.522
496    0.64900005
497    0.49100003
498    0.77900004
499    0.606
500    2.0110002
501    1.465
502    2.0240002
503    1.1860001
504    1.554
505    1.7420001
506    0.66300005
507    0.71900004
508    0.98700005
509    0.85200006
510    0.68700004
511    1.8000001
512    1.033
513    0.739
514    1.005
515    0.88600004
516    0.758
517    0.81000006
518    0.58000004
519    1.1800001
520    0.8
521    1.626
522    0.34000003
523    0.90400004
524    0.88900006
525    0.67300004
526    0.716
527    0.683
528    0.77500004
529    1.2190001
530    0.757
531    1.7420001
532    1.3290001
533    0.896
534    1.006
535    2.8500001
536    0.657
537    0.71000004
538    0.83300006
539    1.702
540    0.87900007
541    1.612
542    0.763
543    0.601
544    4.7920003
545    2.8400002
546    0.873
547    0.96800005
548    0.82000005
549    0.90800005
550    0.72800004
551    0.86700004
552    1.7
553    44.046
554    1.485
555    1.4260001
556    1.3230001
557    1.7860001
558    1.003
559    1.08
560    0.63500005
561    0.47100002
562    0.549
563    0.66800004
564    0.404
565    0.81700003
566    0.48600003
567    1.1850001
568    0.53400004
569    0.535
570    0.411
571    0.73800004
572    1.128
573    2.6820002
574    0.59900004
575    0.9110001
576    0.455
577    0.813
578    0.63500005
579    0.84200007
580    1.455
581    0.646
582    0.915
583    0.51100004
584    0.633
585    0.758
586    1.621
587    0.44900003
588    0.46500003
589    6.7450004
590    -15.3029995
591    2.4180002
592    1.524
593    0.71500003
594    1.006
595    0.947
596    -1.226
597    1.439
598    1.508
599    1.977
600    0.63900006
601    1.154
602    0.68700004
603    -0.518
604    -0.23499995
605    0.827
606    0.91600007
607    1.0610001
608    1.5910001
609    -0.19899994
610    -1.461
611    0.818
612    0.016000032
613    1.679
614    1.4030001
615    0.62100005
616    -0.56499994
617    0.99200004
618    0.59300005
619    -0.44799995
620    0.712
621    0.07300007
622    -0.508
623    0.66800004
624    -0.40599996
625    -0.45099998
626    1.517
627    1.299
628    -0.918
629    -0.062999964
630    -1.211
631    -2.459
632    -2.136
633    -0.97299993
634    -0.21999997
635    7.88
636    0.882
637    -1.1659999
638    0.702
639    -1.494
640    0.72900003
641    0.74200004
642    1.0090001
643    -13.181
644    2.4970002
645    0.60200006
646    0.754
647    1.8220001
648    1.3790001
649    -2.38
650    3.7
651    -2.187
652    0.637
653    -1.267
654    3.961
655    -1.992
656    -1.296
657    0.069000006
658    2.903
659    2.2280002
660    5.994
661    0.97200006
662    0.69200003
663    0.058000088
664    1.3620002
665    0.73800004
666    -0.45799994
667    -0.468
668    0.20500004
669    -0.46499997
670    -0.46699995
671    0.697
672    0.771
673    -1.543
674    -1.8299999
675    -1.7279999
676    -1.964
677    -1.3499999
678    -1.872
679    -1.7249999
680    -1.0759999
681    -2.024
682    -1.1409999
683    -1.7049999
684    -1.884
685    -1.848
686    -1.6199999
687    -1.858
688    -1.928
689    -1.8659999
690    -0.9619999
691    -1.4399999
692    4.588
693    -2.366
694    2.989
695    -4.4639997
696    -0.875
697    -1.858
698    -5.103
699    -5.233
700    -6.333
701    0.683
