0    -1.6889999
1    -0.6839999
2    -1.369
3    -1.719
4    -1.9649999
5    -0.38699996
6    -0.4289999
7    -1.0439999
8    -0.622
9    -0.98099995
10    -0.969
11    -0.64699996
12    -0.778
13    -0.40799987
14    -0.949
15    -0.9319999
16    -0.98599994
17    -1.122
18    -0.80999994
19    -0.82299995
20    -0.71599996
21    -0.4159999
22    -0.57799995
23    -0.13699996
24    -0.54499996
25    -0.581
26    -1.125
27    -1.115
28    -0.59799993
29    -0.6279999
30    -0.79999995
31    -0.589
32    -0.77699995
33    -0.48299992
34    -0.719
35    -0.7739999
36    -0.617
37    -0.7349999
38    -0.7709999
39    -0.072999954
40    -0.982
41    -1.109
42    -0.27399993
43    -0.94799995
44    -1.15
45    -0.63199997
46    -0.43499994
47    -0.5519999
48    -0.6429999
49    -0.93299997
50    -0.928
51    -0.655
52    -0.59299994
53    -0.92499995
54    -0.81499994
55    -0.752
56    -0.88399994
57    -0.43799996
58    -0.566
59    0.048000097
60    -0.5689999
61    -0.71299994
62    -0.617
63    -0.60099995
64    -1.095
65    0.6150001
66    0.17700005
67    0.40100002
68    0.5050001
69    0.503
70    0.49900007
71    0.3540001
72    0.5220001
73    -0.36899996
74    0.2600001
75    0.82500005
76    0.45200002
77    0.268
78    0.2750001
79    0.3160001
80    0.20700002
81    0.33000004
82    0.18000007
83    0.34500003
84    0.4590001
85    0.14700007
86    2.186
87    0.153
88    0.31800008
89    0.26400006
90    0.365
91    0.199
92    0.14700007
93    0.25900006
94    0.6530001
95    0.222
96    0.37000012
97    0.4840001
98    0.34000003
99    0.77600014
100    0.13500011
101    0.20900011
102    0.5070001
103    0.3260001
104    0.30700004
105    0.2470001
106    0.40300012
107    0.67200005
108    0.38100004
109    -0.05399996
110    0.65700006
111    0.4410001
112    0.21700001
113    0.21200001
114    0.5690001
115    0.5300001
116    0.17000008
117    0.45200002
118    0.3820001
119    0.5840001
120    0.36
121    0.296
122    0.60300004
123    0.36800003
124    0.29400003
125    0.06100011
126    1.043
127    0.19800007
128    0.20600009
129    0.3440001
130    -0.011999965
131    0.76300013
132    0.37900007
133    1.144
134    0.6270001
135    2.025
136    0.697
137    -0.013999939
138    0.2470001
139    0.319
140    0.48000002
141    0.059000015
142    0.23100007
143    0.07300007
144    0.37600005
145    0.7520001
146    0.16200006
147    0.20900011
148    0.3310001
149    0.2550001
150    0.5120001
151    0.25900006
152    0.33800006
153    0.125
154    0.2700001
155    0.27200007
156    0.2420001
157    0.37600005
158    0.63300014
159    0.46000004
160    0.7490001
161    0.1220001
162    0.81500006
163    0.21600008
164    0.023000002
165    -0.095999956
166    0.74600005
167    0.44800007
168    0.09100008
169    0.45500004
170    0.37600005
171    0.70500004
172    0.7470001
173    0.88900006
174    1.043
175    1.628
176    0.7160001
177    0.7750001
178    0.42700005
179    0.7140001
180    2.048
181    0.6960001
182    0.43700004
183    -0.10199994
184    0.42700005
185    0.3950001
186    0.5100001
187    0.7290001
188    0.67200005
189    0.7800001
190    0.65900004
191    1.181
192    0.5510001
193    0.51400006
194    0.66200006
195    0.7850001
196    0.6680001
197    0.65900004
198    0.70300007
199    -0.10799998
200    0.84800005
201    0.75800014
202    0.7160001
203    0.61600006
204    0.79700005
205    0.6780001
206    0.748
207    0.4000001
208    0.54700005
209    0.536
210    0.5410001
211    0.88300014
212    0.5580001
213    0.48300004
214    0.549
215    0.47800004
216    0.5860001
217    0.16400003
218    0.4510001
219    0.50600004
220    0.6750001
221    0.73500013
222    0.6630001
223    0.7730001
224    0.43200004
225    1.039
226    0.6470001
227    0.84300005
228    0.5660001
229    0.393
230    -0.09199995
231    0.49900007
232    1.1230001
233    2.5790002
234    0.44400012
235    0.30700004
236    0.54200006
237    0.49900007
238    0.5740001
239    0.6990001
240    0.7620001
241    0.508
242    0.90900004
243    1.0240002
244    0.5170001
245    0.53700006
246    0.37600005
247    0.34700012
248    0.46100008
249    0.5500001
250    0.27100003
251    1.5610001
252    0.58800006
253    0.89400005
254    0.748
255    0.58300006
256    0.41900003
257    1.2030001
258    0.4690001
259    0.4640001
260    0.2140001
261    0.57500005
262    0.40600002
263    0.2930001
264    0.4560001
265    0.4100001
266    1.0860002
267    0.78200006
268    0.8540001
269    0.4330001
270    0.8310001
271    1.4420002
272    0.6270001
273    0.7190001
274    0.4410001
275    0.42600012
276    0.595
277    0.10500002
278    0.91700006
279    0.59300005
280    0.64100003
281    1.056
282    0.51400006
283    0.39100003
284    0.19200003
285    0.38900006
286    0.94500005
287    0.93200004
288    0.6020001
289    0.49100006
290    0.48900008
291    0.5230001
292    0.42500007
293    1.3690002
294    0.8310001
295    0.6630001
296    0.83200014
297    0.6190001
298    0.3210001
299    0.47200012
300    0.5660001
301    0.526
302    0.7170001
303    0.57500005
304    0.49400008
305    0.46500003
306    0.56700003
307    0.23500001
308    0.55500007
309    0.79200006
310    0.6430001
311    0.80500007
312    0.1910001
313    0.4080001
314    0.61300004
315    0.5100001
316    0.7220001
317    0.6090001
318    0.43500006
319    0.6320001
320    0.73000014
321    0.3770001
322    0.57500005
323    0.5000001
324    0.78400004
325    0.8340001
326    0.32500005
327    0.646
328    0.508
329    0.49600005
330    0.8160001
331    0.5840001
332    0.75300014
333    0.53200006
334    0.5480001
335    0.46700013
336    1.5110002
337    0.554
338    0.2700001
339    0.7390001
340    0.61100006
341    0.44700003
342    0.65200007
343    0.5170001
344    -0.10199994
345    0.13600004
346    0.25600004
347    0.77400005
348    0.87100005
349    0.388
350    0.411
351    1.1530001
352    0.5860001
353    0.6660001
354    0.7110001
355    0.7720001
356    0.559
357    0.31700003
358    0.2190001
359    0.536
360    0.39700007
361    0.45200002
362    0.7010001
363    0.37900007
364    0.6470001
365    0.49800003
366    1.9510002
367    0.5020001
368    0.3490001
369    0.53400004
370    1.184
371    0.67900014
372    0.55500007
373    0.60600007
374    0.23100007
375    0.5430001
376    0.086000085
377    0.42100012
378    0.40700006
379    1.1370001
380    0.577
381    0.5070001
382    0.5970001
383    0.6830001
384    0.62600005
385    0.26400006
386    0.3060001
387    0.68700004
388    0.6010001
389    0.52400005
390    0.13800001
391    0.23800004
392    0.4360001
393    0.5120001
394    0.83200014
395    0.5660001
396    0.63600004
397    0.87600005
398    1.4480002
399    0.20800006
400    0.5530001
401    0.16400003
402    0.73300004
403    0.52700007
404    1.5740001
405    -0.09399998
406    0.47600007
407    0.6910001
408    0.6450001
409    0.62600005
410    0.5840001
411    1.493
412    0.65200007
413    0.46300006
414    1.47
415    0.60300004
416    0.49500012
417    0.54200006
418    0.48600006
419    0.15700006
420    0.51900005
421    0.50400007
422    0.30100012
423    1.5070002
424    0.296
425    0.748
426    1.1100001
427    0.5890001
428    1.575
429    0.5280001
430    0.51900005
431    0.5120001
432    0.24800003
433    0.40100002
434    0.38100004
435    0.5020001
436    0.92700005
437    0.53700006
438    1.263
439    0.31800008
440    0.5810001
441    1.9490001
442    1.273
443    0.45200002
444    0.33800006
445    0.78200006
446    0.35300004
447    0.13300002
448    0.85600007
449    0.6090001
450    0.43200004
451    0.48000002
452    0.42700005
453    0.5990001
454    0.51400006
455    0.47300005
456    0.7060001
457    0.49400008
458    1.4100001
459    0.6090001
460    1.4720001
461    0.88900006
462    0.554
463    0.5790001
464    0.48900008
465    0.9480001
466    0.43700004
467    0.771
468    0.6550001
469    0.35000002
470    0.6810001
471    0.86000013
472    2.7560003
473    0.73600006
474    0.5430001
475    0.45000005
476    0.40200007
477    0.21500003
478    0.6070001
479    0.47000003
480    0.5940001
481    0.69000006
482    0.9890001
483    0.3310001
484    0.53200006
485    0.47000003
486    0.5180001
487    0.5430001
488    0.5400001
489    0.75800014
490    0.39600003
491    0.71000004
492    1.121
493    0.53700006
494    0.45300007
495    0.45200002
496    0.6170001
497    0.6810001
498    0.40600002
499    0.6650001
500    1.174
501    0.61600006
502    0.69000006
503    0.6890001
504    0.4870001
505    0.6020001
506    0.48800004
507    0.64900005
508    0.52700007
509    0.9510001
510    0.9230001
511    0.40200007
512    0.53400004
513    0.48800004
514    0.7220001
515    0.7370001
516    0.49400008
517    0.8030001
518    0.85300004
519    0.41700006
520    0.5890001
521    0.3340001
522    0.7600001
523    0.6200001
524    0.23100007
525    0.22900009
526    0.6220001
527    0.63400006
528    0.7670001
529    0.71000004
530    0.3670001
531    0.87800014
532    0.96300006
533    1.1390002
534    0.4050001
535    0.38100004
536    0.3900001
537    0.21700001
538    0.6780001
539    0.7440001
540    1.066
541    0.554
542    -0.11199993
543    0.6890001
544    0.81700003
545    0.42500007
546    0.5280001
547    0.65900004
548    0.45300007
549    0.702
550    0.8640001
551    0.7800001
552    0.8180001
553    0.5430001
554    1.5340002
555    1.3210001
556    1.6130002
557    1.792
558    1.723
559    1.628
560    2.4060001
561    1.6190002
562    1.7590001
563    1.6470001
564    1.9590001
565    1.7380002
566    1.6650002
567    1.5430002
568    1.5610001
569    1.8980002
570    2.9300003
571    3.4350004
572    1.5450001
573    1.6370001
574    1.8770001
575    1.7750001
576    1.6000001
577    1.661
578    1.894
579    1.5870001
580    1.8210001
581    1.6430001
582    1.595
583    1.7640002
584    1.769
585    1.6940002
586    1.6400001
587    2.7040002
588    1.279
589    2.19
590    1.8270001
591    1.7610002
592    1.7830002
593    2.0400002
594    1.6460001
595    1.7480001
596    1.5550001
597    1.8630002
598    1.3270001
599    1.7260001
600    1.9280002
601    2.8690002
602    1.7770002
603    1.5070002
604    1.8440001
605    1.4020002
606    1.424
607    1.2800002
608    1.858
609    1.2030001
610    1.315
611    1.6240001
612    1.4720001
613    1.8950002
614    1.7650001
615    1.3970001
616    1.786
617    1.7650001
618    3.6400003
619    1.4620001
620    1.651
621    1.6430001
622    1.3960001
623    1.3410001
624    2.275
625    1.5840001
626    1.6230001
627    1.7180002
628    2.2150002
629    1.7
630    1.7830002
631    1.5800002
632    1.6190002
633    1.7110002
634    1.9190001
635    1.5310001
636    1.4150002
637    1.9130001
638    1.6100001
639    1.6070001
640    1.6700001
641    1.2850001
642    1.7250001
643    1.7770002
644    1.8930001
645    1.003
646    1.838
647    1.4180002
648    2.357
649    2.0210001
650    2.614
651    1.4690001
652    2.5040002
653    2.1290002
654    1.6470001
655    1.9560001
656    1.6700001
657    1.6830001
658    1.7140002
659    1.6730001
660    1.8990002
661    1.3700001
662    1.707
663    2.311
664    1.901
665    1.7810001
666    1.552
667    1.8070002
668    1.6250002
669    1.6360002
670    1.7240002
671    1.9540002
672    2.8730001
673    2.278
674    1.6660001
675    1.4750001
676    2.0760002
677    1.5560002
678    1.848
679    3.0480003
680    1.5870001
681    2.3000002
682    1.6360002
683    1.687
684    1.8500001
685    1.5070002
686    1.5600002
687    1.687
688    1.4610002
689    1.6330001
690    1.835
691    1.7470002
692    1.746
693    1.7770002
694    1.2060001
695    1.868
696    1.8930001
697    1.6020002
698    1.5240002
699    1.5680001
700    1.493
701    1.9260001
702    1.674
703    1.6710002
704    1.6370001
705    1.7820001
706    1.569
707    1.6040001
708    1.7550001
709    1.7970002
710    1.7910001
711    1.6560001
712    1.9130001
713    1.9970002
714    2.223
715    1.8430002
716    1.5170002
717    1.7900002
718    1.6500001
719    1.503
720    1.789
721    1.5280001
722    1.7090001
723    2.051
724    1.71
725    1.5770001
726    1.9650002
727    1.4390001
728    1.9070001
729    1.1890001
730    1.799
731    1.2980001
732    1.5480001
733    1.7080002
734    1.8460002
735    1.6700001
736    2.045
737    2.2370002
738    1.8930001
739    1.6160002
740    1.7040002
741    1.5930002
742    1.3660002
743    1.559
744    2.5640001
745    1.7490001
746    1.5790002
747    0.9970001
748    3.802
749    1.0070002
750    1.743
751    1.809
752    1.9030001
753    3.821
754    1.7420001
755    1.7290001
756    1.6390002
757    1.7210002
758    1.5180001
759    1.5610001
760    1.8630002
761    1.4810002
762    1.7420001
763    1.3230002
764    1.598
765    1.845
766    1.5960002
767    1.7720001
768    1.6800001
769    2.7450001
770    1.6090002
771    1.5900002
772    1.3340001
773    1.6010001
774    1.332
775    1.325
776    1.5710001
777    1.6000001
778    2.045
779    1.769
780    1.9580002
781    1.8010001
782    1.6560001
783    1.7630002
784    1.9510002
785    1.9690001
786    1.7740002
787    1.6940002
788    2.0790002
789    1.815
790    1.6170001
791    1.5370002
792    1.0150001
793    1.3730001
794    1.707
795    1.2010002
796    1.6140001
797    1.542
798    1.4510002
799    1.6520002
800    1.6220002
801    1.5970001
802    2.831
803    1.7320001
804    1.7190001
805    1.9570003
806    1.5900002
807    1.8190002
808    1.4360001
809    1.7470002
810    1.8650002
811    1.8560002
812    1.6560001
813    1.6940002
814    1.6930001
815    2.1420002
816    1.595
817    1.792
818    1.8190002
819    2.7400002
820    2.1090002
821    1.6300001
822    1.6680002
823    2.505
824    1.71
825    1.6420002
826    1.5220001
827    1.631
828    1.6530001
829    1.8840001
830    1.6490002
831    1.802
832    1.7340002
833    1.5200002
834    1.7980001
835    2.4310002
836    1.5890002
837    1.457
838    0.9940001
839    2.2010002
840    1.8230002
841    1.7940001
842    1.7160001
843    1.562
844    1.549
845    1.5350001
846    1.6890001
847    1.3790002
848    1.6330001
849    1.6660001
850    1.5640001
851    1.8080001
852    1.424
853    2.071
854    1.7580001
855    1.9550002
856    1.687
857    1.5560002
858    1.4680002
859    1.5890002
860    1.6260002
861    1.404
862    1.332
863    1.8300002
864    1.7370002
865    1.9310002
866    1.0090001
867    1.6230001
868    1.7880001
869    1.855
870    1.6220002
871    1.6270001
872    1.651
873    3.4100003
874    1.276
875    1.0170002
876    1.7350001
877    1.9280002
878    1.6960001
879    1.6320002
880    1.9510002
881    1.5080001
882    1.6760001
883    1.8600001
884    1.1950002
885    1.5570002
886    1.5630002
887    1.684
888    1.9460001
889    1.6240001
890    1.6030002
891    1.5300002
892    1.5100002
893    1.802
894    1.7160001
895    1.273
896    1.3030002
897    1.3160002
898    1.1930001
899    1.5780001
900    1.9590001
901    2.7840002
902    2.5790002
903    1.661
904    1.1700001
905    1.1820002
906    1.904
907    1.6110001
908    1.8260002
909    2.0330002
910    1.621
911    1.9420002
912    1.6460001
913    1.7220001
914    2.1420002
915    1.0070002
916    1.6350002
917    1.8390002
918    2.0540001
919    1.6370001
920    1.3630002
921    2.2380002
922    1.674
923    1.335
924    1.348
925    1.822
926    1.4950001
927    1.641
928    1.9450002
929    1.8500001
930    1.8590002
931    1.8900001
932    1.2510002
933    1.6130002
934    1.7220001
935    1.204
936    1.5270002
937    1.7600002
938    1.575
939    1.6040001
940    1.3590002
941    1.9580002
942    2.206
943    1.6460001
944    1.6950002
945    1.569
946    1.7750001
947    1.9740002
948    1.6910002
949    2.19
950    1.638
951    1.8650002
952    1.8610001
953    1.6120002
954    1.947
955    1.592
956    1.914
957    1.5910001
958    1.664
959    2.1460001
960    1.46
961    1.2280002
962    1.6650002
963    1.45
964    2.3720002
965    1.7900002
966    1.4940002
967    1.825
968    1.9430001
969    1.4510002
970    2.6330001
971    2.4190001
972    1.937
973    1.5670002
974    2.2710001
975    1.8520002
976    1.4780002
977    2.15
978    2.1420002
979    1.4990001
980    1.5600002
981    1.9820001
982    1.7730002
983    1.552
984    1.562
985    1.6200001
986    1.7250001
987    2.4830003
988    1.7720001
989    1.786
990    1.6140001
991    1.674
992    1.7170002
993    1.3920002
994    1.7900002
995    1.605
996    0.99100006
997    1.6720002
998    2.117
999    1.6170001
1000    1.6940002
1001    1.9100001
1002    1.2440002
1003    1.769
1004    1.592
1005    1.7570002
1006    1.5760002
1007    1.0150001
1008    1.7500002
1009    1.3110001
1010    1.6190002
1011    1.2320001
1012    1.5800002
1013    1.536
1014    1.9440002
1015    2.1650002
1016    1.7640002
1017    1.868
1018    2.0660002
1019    2.6590002
1020    3.0370002
1021    2.6000001
1022    2.4350002
1023    2.6380002
1024    2.6480002
1025    3.1100001
1026    2.801
1027    2.716
1028    3.2720003
1029    3.1720004
1030    3.0630002
1031    2.7080002
1032    2.818
1033    2.9410002
1034    3.1090002
1035    2.6790001
1036    2.8860002
1037    3.1000004
1038    2.7930002
1039    2.9860003
1040    2.8390002
1041    2.403
1042    2.9060001
1043    2.6560001
1044    2.8940003
1045    2.4670002
1046    2.7910001
1047    2.6720002
1048    2.703
1049    2.9490001
1050    2.709
1051    2.3320003
1052    2.6640003
1053    2.8100002
1054    3.7980003
1055    2.8820002
1056    2.887
1057    2.6710002
1058    2.693
1059    2.6660001
1060    2.9710002
1061    2.584
1062    2.729
1063    2.397
1064    2.8660002
1065    2.9160001
1066    3.5530005
1067    2.9310002
1068    3.2270002
1069    2.9900002
1070    3.117
1071    2.13
1072    3.0480003
1073    3.3580003
1074    2.5930002
1075    2.6310003
1076    2.801
1077    2.5740001
1078    2.9040003
1079    2.5570002
1080    2.6790001
1081    3.065
1082    2.6840003
1083    2.7960002
1084    2.7110002
1085    3.1730003
1086    2.5850003
1087    2.7000003
1088    3.2010002
1089    2.5590003
1090    2.532
1091    2.749
1092    2.8390002
1093    2.9450002
1094    2.13
1095    2.9710002
1096    2.63
1097    2.9140003
1098    2.404
1099    3.0150003
1100    2.9010003
1101    3.217
1102    3.888
1103    3.0110002
1104    2.8260002
1105    2.8140001
1106    3.158
1107    2.9350002
1108    2.765
1109    2.6020002
1110    2.6720002
1111    2.8390002
1112    2.765
1113    2.808
1114    2.8830001
1115    2.713
1116    3.237
1117    3.0350003
1118    2.2050002
1119    2.8860002
1120    3.2840004
1121    3.131
1122    3.0270004
1123    2.7920003
1124    2.831
1125    3.7590003
1126    3.4960003
1127    3.8260002
1128    3.0410004
1129    2.8810003
1130    3.0900002
1131    2.9620001
1132    2.877
1133    2.732
1134    3.0950003
1135    2.5080001
1136    2.897
1137    2.8750002
1138    2.811
1139    2.8460002
1140    2.8630002
1141    2.6710002
1142    2.8620002
1143    4.1000004
1144    3.3050003
1145    2.594
1146    2.8250003
1147    3.0410004
1148    2.798
1149    2.417
1150    2.6000001
1151    3.453
1152    2.8520002
1153    2.187
1154    2.7220001
1155    2.7510002
1156    3.0560002
1157    2.7960002
1158    4.017
1159    2.8680003
1160    2.9620001
1161    3.084
1162    2.9020002
1163    3.3130002
1164    3.112
1165    2.5340002
1166    2.8450003
1167    3.052
1168    3.6490002
1169    2.8170002
1170    2.9620001
1171    2.9810002
1172    2.9070003
1173    2.5170002
1174    2.7920003
1175    2.7140002
1176    2.7220001
1177    3.0140004
1178    2.6440003
1179    2.989
1180    2.7910001
1181    2.864
1182    3.0620003
1183    2.8580003
1184    2.8250003
1185    3.2520003
1186    2.7630002
1187    2.686
1188    3.0280004
1189    3.0760002
1190    2.8480003
1191    2.7730002
1192    2.8700001
1193    2.6850002
1194    2.9320002
1195    2.5900002
1196    2.8400002
1197    2.1810002
1198    3.0360003
1199    2.7670002
1200    2.7460003
1201    3.171
1202    3.0280004
1203    2.9710002
1204    2.9220002
1205    2.8610003
1206    2.5900002
1207    2.7070003
1208    3.9170003
1209    3.0500002
1210    3.052
1211    2.7660003
1212    3.0890002
1213    3.0610003
1214    2.943
1215    2.6550002
1216    3.1260004
1217    2.9610002
1218    2.752
1219    3.8490005
1220    2.8220003
1221    2.9750001
1222    2.7760003
1223    2.8690002
1224    2.933
1225    3.1030002
1226    3.1680002
1227    2.5270002
1228    2.7510002
1229    2.8390002
1230    2.775
1231    2.8160002
1232    2.828
1233    2.9190001
1234    2.607
1235    2.9210002
1236    2.9020002
1237    2.7150002
1238    2.9370003
1239    3.1090002
1240    3.0630002
1241    2.953
1242    3.4390001
1243    3.3310003
1244    2.709
1245    2.999
1246    3.1860003
1247    2.433
1248    2.867
1249    2.371
1250    2.637
1251    2.7970002
1252    3.249
1253    3.6940002
1254    3.4190001
1255    2.811
1256    2.7180002
1257    2.834
1258    2.8000002
1259    3.5870004
1260    3.0410004
1261    2.9440002
1262    2.8160002
1263    2.236
1264    2.739
1265    2.8400002
1266    2.2540002
1267    2.8950002
1268    2.9600003
1269    2.811
1270    -4.302
1271    -4.317
1272    -4.518
1273    -4.267
1274    -4.445
1275    -4.301
1276    -3.841
1277    -4.259
1278    -3.962
1279    -4.449
1280    -4.078
1281    -3.926
1282    -4.043
1283    -3.9759998
1284    -4.442
1285    -4.271
1286    -4.293
1287    -4.197
1288    -4.3789997
1289    -4.015
1290    -0.47699976
1291    -0.6899996
1292    -0.6529999
1293    -0.40199995
1294    -0.41299963
1295    -0.4789996
1296    -0.10999966
1297    -0.025999546
1298    -0.40499973
1299    -0.6079998
1300    -0.20499992
1301    2.1720004
1302    -0.34599972
1303    -0.46399975
1304    -0.3739996
1305    -0.25099993
1306    -0.2619996
1307    -0.38999987
1308    -0.25899982
1309    -0.19799995
1310    -0.553
1311    -0.375
1312    0.1670003
1313    -0.4579997
1314    0.103000164
1315    -0.3199997
1316    -0.7319999
1317    -0.30499983
1318    -0.35599995
1319    -0.69799995
1320    -0.36399984
1321    0.08600044
1322    0.6720004
1323    -0.0449996
1324    -0.6959996
1325    -0.33199978
1326    -0.31299973
1327    -0.35999966
1328    -0.28599977
1329    -0.34299994
1330    -0.3789997
1331    -0.10999966
1332    -0.40999985
1333    -0.29799986
1334    -0.21499968
1335    -0.30099964
1336    -0.46299982
1337    -0.53099966
1338    -0.362
1339    -0.19399977
1340    -0.2659998
1341    -0.08199978
1342    -0.26099968
1343    -0.6739998
1344    -0.09499979
1345    -0.45699978
1346    -0.34299994
1347    -0.47199965
1348    -0.37699986
1349    -0.454
1350    -0.42299986
1351    -0.30999994
1352    -0.2619996
1353    -0.41899967
1354    0.26900005
1355    -0.342
1356    -1.0069997
1357    -0.8109999
1358    -0.66799974
1359    -0.4249997
1360    -0.3539996
1361    -0.263
1362    0.13000011
1363    -0.103999615
1364    -0.6799998
1365    -0.26899958
1366    -0.096999645
1367    -0.7819996
1368    0.062000275
1369    -0.5079999
1370    -0.26799965
1371    -0.54699993
1372    -0.13199997
1373    -1.0019999
1374    0.12200022
1375    -0.19399977
1376    -0.30599976
1377    -0.4159999
1378    -0.19399977
1379    -0.2999997
1380    -0.2409997
1381    -0.5949998
1382    -0.7379999
1383    -0.0149998665
1384    -0.45199966
1385    -0.69299984
1386    -0.4199996
1387    -0.2909999
1388    -0.62199974
1389    0.11100006
1390    -0.38099957
1391    0.6590004
1392    -0.20099974
1393    -0.4579997
1394    -0.125
1395    -0.4239998
1396    -0.28799963
1397    -0.22299957
1398    -0.39299965
1399    -0.24199963
1400    -0.07499981
1401    -1.0039997
1402    -0.35999966
1403    -0.33999968
1404    -0.25599957
1405    -0.3739996
1406    -0.5239997
1407    -0.3869996
1408    -0.19699955
1409    -0.47199965
1410    -2.892
1411    -2.76
1412    -3.031
1413    -2.875
1414    -2.7389998
1415    -2.977
1416    -2.4959998
1417    -2.5359998
1418    -2.1869998
1419    -2.893
1420    -2.5259998
1421    -2.6969998
1422    -1.7599998
1423    -3.1019998
1424    -2.333
1425    -2.763
1426    -2.701
1427    -2.9829998
1428    -2.9369998
1429    -2.7979999
1430    2.7510004
1431    -2.6079998
1432    -0.566
1433    -1.9699998
1434    -1.6739998
1435    -2.889
1436    -1.2469997
1437    -2.5049999
1438    -2.827
1439    -2.1529999
1440    -2.495
1441    -0.36799955
1442    -3.0349998
1443    -2.633
1444    -1.5749998
1445    -3.1169999
1446    -3.243
1447    -3.034
1448    -2.274
1449    -0.17699957
1450    -1.3249998
1451    -0.7689996
1452    -0.0049996376
1453    -0.9379997
1454    -1.5989997
1455    -3.0229998
1456    3.6000004
1457    -2.633
1458    -2.474
1459    -2.044
1460    -2.258
1461    -1.7099998
1462    -2.872
1463    -1.7929997
1464    -2.172
1465    -1.1059997
1466    -1.6569998
1467    -3.0419998
1468    -2.7199998
1469    -2.6859999
1470    -1.8029997
1471    -2.957
1472    -2.3219998
1473    -2.816
1474    0.18700027
1475    -2.622
1476    -2.579
1477    -2.0879998
1478    -2.2189999
1479    -0.8989997
1480    -2.781
1481    -1.2829998
1482    -2.2759998
1483    -1.4079998
1484    -3.149
1485    -2.395
1486    -0.99699974
1487    -2.655
1488    -3.204
1489    -2.9599998
1490    -1.685
1491    -1.2529998
1492    -2.597
1493    -2.6299999
1494    -2.807
1495    -1.9929998
1496    -2.254
1497    -2.9359999
1498    -2.579
1499    -0.763
1500    -1.8899999
1501    -2.2649999
1502    -2.8209999
1503    -3.0
1504    -2.317
1505    -2.543
1506    -2.659
1507    -0.9949999
1508    -2.7289999
1509    -1.5379999
1510    -2.893
1511    -1.4279997
1512    -2.8349998
1513    -2.096
1514    -2.3739998
1515    -2.487
1516    -2.606
1517    -1.4169998
1518    -2.9299998
1519    -2.2059999
1520    -2.2549999
1521    -1.9659998
1522    -1.9969997
1523    -2.86
1524    -2.8999999
1525    0.4220004
1526    -2.2619998
1527    -1.1989999
1528    -2.356
1529    -2.689
1530    -2.205
1531    -3.198
1532    -1.9489999
1533    -1.9209998
1534    -2.1239998
1535    -0.62199974
1536    -2.763
1537    -2.3649998
1538    -3.2659998
1539    -2.666
1540    -1.0009999
1541    -3.0099998
1542    -2.4829998
1543    -2.5719998
1544    0.64900017
1545    -3.0819998
1546    -1.3979998
1547    -2.3779998
1548    0.9930005
1549    -2.0659997
1550    -2.5189998
1551    2.9150004
1552    -1.412
1553    -2.7659998
1554    -2.666
1555    -3.074
1556    -2.7989998
1557    -2.9099998
1558    -2.1249998
1559    -1.7749999
1560    -2.0189998
1561    -0.7529998
1562    -2.0419998
1563    -1.9459999
1564    -0.855
1565    -1.879
1566    -2.4989998
1567    -1.9679999
1568    -0.18099976
1569    -1.3269999
1570    -2.8209999
1571    -1.4709997
1572    -1.1189997
1573    -2.1069999
1574    -3.0089998
1575    -2.731
1576    0.3970003
1577    -1.8279998
1578    -2.7989998
1579    -0.39399958
1580    -2.1729999
1581    -2.689
1582    -1.2569997
1583    -2.247
1584    -2.4359999
1585    -2.465
1586    -2.221
1587    -1.5689998
1588    -1.5089998
1589    -2.666
1590    -2.495
1591    -2.495
1592    -2.418
1593    -1.3649998
1594    -1.6009998
1595    -1.7409999
1596    -2.633
1597    -2.198
1598    -2.4399998
1599    -2.7259998
1600    -2.5149999
1601    -1.6929998
1602    -1.0169997
1603    -2.2529998
1604    -2.1019998
1605    -1.7009997
1606    -2.826
1607    0.37800026
1608    -1.3269999
1609    -2.52
1610    -2.287
1611    -2.61
1612    -2.3809998
1613    -2.235
1614    -2.2619998
1615    0.73500013
1616    -3.006
1617    -2.0189998
1618    -2.471
1619    -1.5739999
1620    0.5810003
1621    -3.179
1622    -2.1279998
1623    -1.7279999
1624    0.075000286
1625    -2.472
1626    -2.635
1627    -2.087
1628    -2.7329998
1629    -2.3549998
1630    -2.1379998
1631    -0.69299984
1632    -2.7069998
1633    -1.7839999
1634    -0.94399977
1635    -3.096
1636    -2.178
1637    -1.3229997
1638    -2.5459998
1639    -3.248
1640    -3.208
1641    -1.5489998
1642    -0.9489999
1643    -2.3019998
1644    -2.0379999
1645    -2.7879999
1646    -2.8219998
1647    -2.488
1648    -2.722
1649    -1.8959999
1650    -2.53
1651    -0.678
1652    -2.866
1653    -0.58499956
1654    -1.8109999
1655    -1.7099998
1656    -2.359
1657    -1.9269998
1658    -2.2689998
1659    -2.4209998
1660    -3.0429997
1661    -2.2859998
1662    -3.032
1663    -2.55
1664    11.533001
1665    -1.7979999
1666    -2.8049998
1667    -2.3969998
1668    -2.406
1669    -1.8649998
1670    -2.84
1671    -1.1959999
1672    -1.2549999
1673    -2.9919999
1674    -2.8219998
1675    -2.1249998
1676    -2.899
1677    -2.5679998
1678    -3.185
1679    -1.5049999
1680    -2.8539999
1681    -3.0549998
1682    -0.9169998
1683    -1.4279997
1684    -0.5699997
1685    -2.964
1686    -2.5419998
1687    -0.9029999
1688    -1.2559998
1689    -2.6309998
1690    -2.9729998
1691    -1.1209998
1692    -2.7689998
1693    -2.692
1694    -2.178
1695    -2.0429997
1696    -0.53799963
1697    -2.8179998
1698    -1.7879999
1699    -2.853
1700    -2.78
1701    -2.2619998
1702    -1.7199998
1703    -2.967
1704    -2.8869998
1705    -2.573
1706    -1.3739998
1707    -2.1339998
1708    -0.5119996
1709    -1.9749999
1710    -2.2949998
1711    -2.2039998
1712    -2.238
1713    -2.773
1714    -1.5539999
1715    -2.8439999
1716    -2.3119998
1717    -2.99
1718    -1.8049998
1719    -2.5319998
1720    -2.1929998
1721    -2.8969998
1722    -1.0289998
1723    -0.928
1724    -2.0689998
1725    -2.7779999
1726    -1.9529998
1727    -2.475
1728    -1.4509997
1729    -2.5389998
1730    -2.938
1731    -3.221
1732    -3.1539998
1733    -2.567
1734    -2.31
1735    -1.2159998
1736    -1.8289998
1737    -2.192
1738    -2.477
1739    -1.5459998
1740    1.0660005
1741    -1.79
1742    -2.7559998
1743    -0.947
1744    -2.1669998
1745    -2.8119998
1746    -3.0249999
1747    -2.491
1748    -0.55099964
1749    -1.1429999
1750    -3.228
1751    -2.2649999
1752    -2.537
1753    -1.7729998
1754    -2.8799999
1755    -1.5679998
1756    -2.507
1757    -1.2809999
1758    -0.2949996
1759    -1.5539999
1760    -2.1409998
1761    -1.7559998
1762    -2.228
1763    -2.316
1764    -2.097
1765    -0.70899963
1766    -0.7779999
1767    -2.846
1768    -2.2089999
1769    -0.017999649
1770    -1.662
1771    -2.955
1772    -0.8959999
1773    -2.6439998
1774    -1.7139997
1775    -2.7189999
1776    -0.96799994
1777    -2.06
1778    -1.8079998
1779    -3.228
1780    -1.8239999
1781    -1.4159999
1782    -2.971
1783    -1.879
1784    -1.9199998
1785    -2.7489998
1786    -2.8439999
1787    -2.258
1788    -2.0819998
1789    -1.9179997
1790    -0.26899958
1791    -2.4899998
1792    -1.9919999
1793    -1.8119998
1794    -3.2599998
1795    -2.225
1796    -2.1149998
1797    0.6060004
1798    -3.162
1799    -2.258
1800    -2.5479999
1801    -0.51799965
1802    -2.2629998
1803    -2.974
1804    -1.5719998
1805    -0.822
1806    -2.577
1807    -1.1179998
1808    -1.6679997
1809    -2.925
1810    -3.479
1811    -1.3699999
1812    -1.9109998
1813    -2.339
1814    -1.8219998
1815    -1.2009997
1816    -2.451
1817    -1.4239998
1818    -2.3999999
1819    -1.915
1820    -2.751
1821    -2.84
1822    -2.3419998
1823    -1.5279999
1824    -1.5249999
1825    2.0140004
1826    -0.7319999
1827    -2.5129998
1828    -1.7659998
1829    -3.067
1830    -2.99
1831    -2.563
1832    -0.47199965
1833    -2.247
1834    -2.007
1835    -1.1839998
1836    -1.3039999
1837    -0.18099976
1838    -0.12699986
1839    -2.814
1840    -1.9739997
1841    -3.188
1842    -2.2819998
1843    -2.6379998
1844    -2.2599998
1845    -0.5089998
1846    -2.2719998
1847    -1.7129998
1848    -2.829
1849    -2.9689999
1850    -2.846
1851    -2.0779998
1852    -2.79
1853    -0.5419998
1854    0.11800003
1855    -2.3679998
1856    -0.6199999
1857    -2.952
1858    -2.6169999
1859    -2.6899998
1860    -2.274
1861    -1.2589998
1862    -2.747
1863    -2.175
1864    -2.448
1865    -2.0819998
1866    -2.671
1867    -1.3299999
1868    -1.5779998
1869    -0.5359998
1870    -2.7059999
1871    -1.2259998
1872    -2.5349998
1873    -2.3549998
1874    -1.6669998
1875    0.0030002594
1876    -2.656
1877    -2.819
1878    -2.672
1879    -3.1339998
1880    -2.717
1881    -2.495
1882    -0.5899997
1883    -2.682
1884    0.09300041
1885    -1.2349999
1886    -2.8779998
1887    -2.5689998
1888    21.538002
1889    -1.7259998
1890    -2.3009999
1891    -2.201
1892    -2.5349998
1893    -0.5709996
1894    -2.918
1895    -2.1729999
1896    -0.724
1897    -1.2309997
1898    -2.4789999
1899    -1.4359999
1900    -1.935
1901    -2.0359998
1902    -2.057
1903    -3.027
1904    -2.869
1905    -2.876
1906    -1.6839998
1907    -2.1729999
1908    -2.547
1909    -1.4449999
1910    -2.349
1911    -0.908
1912    -2.728
1913    -0.22699976
1914    -2.852
1915    -2.04
1916    -3.092
1917    -1.2439997
1918    -2.3339999
1919    -2.2299998
1920    -2.1269999
1921    -3.083
1922    -2.0119998
1923    -2.1069999
1924    -3.0279999
1925    -3.143
1926    -1.675
1927    -3.4309998
1928    -2.9989998
1929    -0.36499977
1930    -1.8569999
1931    -2.7289999
1932    -2.2749999
1933    -2.472
1934    -1.1749997
1935    -1.984
1936    -0.7579999
1937    -2.2889998
1938    -2.4929998
1939    -2.4459999
1940    -2.658
1941    0.34100008
1942    -2.7329998
1943    -3.211
1944    -0.8739996
1945    -2.409
1946    -1.8339999
1947    -2.5189998
1948    -1.0839999
1949    -1.6929998
1950    -2.662
1951    -0.8319998
1952    -2.4599998
1953    -1.9599998
1954    -2.3579998
1955    -1.1869998
1956    -1.5019999
1957    -0.7739997
1958    -2.8049998
1959    -2.4629998
1960    -2.441
1961    -0.9089999
1962    5.057
1963    -2.418
1964    -2.0149999
1965    -1.4129999
1966    -2.975
1967    -2.2029998
1968    -3.471
1969    -3.1629999
1970    -1.7119999
1971    -1.4159999
1972    -2.896
1973    -3.475
1974    -2.494
1975    -1.4359999
1976    -2.862
1977    -0.4989996
1978    -1.1389997
1979    -0.6669998
1980    -2.4039998
1981    -2.458
1982    -2.491
1983    -2.6769998
1984    -0.8569999
1985    -2.597
1986    -2.0519998
1987    -1.5449998
1988    -0.90999985
1989    -3.032
1990    -0.9299998
1991    -2.37
1992    -2.4439998
1993    -1.7379999
1994    -1.7889998
1995    -2.5579998
1996    -2.784
1997    0.37300014
1998    -0.86899996
1999    -1.7319999
2000    -1.9739997
2001    -2.704
2002    -3.0089998
2003    -1.3709998
2004    -0.88499975
2005    2.4280005
2006    -1.5799999
2007    -2.8739998
2008    -2.751
2009    -3.1499999
2010    -2.4859998
2011    -3.093
2012    -3.0099998
2013    -2.9239998
2014    -2.464
2015    -1.4129999
2016    -2.98
2017    -2.3019998
2018    -2.3909998
2019    -3.28
2020    -1.0439999
2021    -2.593
2022    -0.7589998
2023    -2.955
2024    -2.399
2025    -2.0949998
2026    -1.481
2027    -2.7589998
2028    -1.9829998
2029    -0.36799955
2030    -3.0029998
2031    -1.0779998
2032    -2.7659998
2033    -2.0119998
2034    -1.5389998
2035    6.422001
2036    -0.4789996
2037    -2.1799998
2038    0.5130005
2039    -2.1209998
2040    -1.856
2041    -2.1149998
2042    -1.7359998
2043    -2.54
2044    -1.4659998
2045    -1.1499999
2046    -2.3279998
2047    -2.4829998
2048    -2.323
2049    -2.4429998
2050    -2.7719998
2051    -1.8969998
2052    -2.8769999
2053    -2.024
2054    -1.9029999
2055    -2.4829998
2056    -1.8109999
2057    -2.586
2058    -1.2199998
2059    -0.7069998
2060    -1.787
2061    -1.2929997
2062    -2.56
2063    -1.3159997
2064    -2.214
2065    -2.8809998
2066    -2.6859999
2067    -2.843
2068    -1.5239999
2069    -1.0569999
2070    -3.091
2071    -2.2489998
2072    -2.771
2073    -2.195
2074    -1.6639998
2075    -1.7089999
2076    -1.7059999
2077    -2.8219998
2078    -2.2659998
2079    -1.3399999
2080    -2.478
2081    -2.169
2082    -2.5609999
2083    -1.7569997
2084    -2.1669998
2085    -2.2659998
2086    -0.119999886
2087    -2.067
2088    -2.9369998
2089    -2.4669998
2090    -2.383
2091    -3.1409998
2092    -1.5639999
2093    -2.803
2094    -2.796
2095    -0.7509999
2096    -2.4299998
2097    -1.4549999
2098    -1.9889998
2099    -2.642
2100    -2.593
2101    -2.579
2102    -2.076
2103    -2.4139998
2104    -2.4729998
2105    0.20100021
2106    -1.3399999
2107    -2.6079998
2108    -1.6039999
2109    -3.1009998
2110    -0.6659999
2111    -2.8669999
2112    -2.4599998
2113    -2.738
2114    -0.46499968
2115    -2.2589998
2116    -2.8799999
2117    -1.4189999
2118    -2.705
2119    -2.5689998
2120    -3.484
2121    1.3410001
2122    -2.721
2123    -2.3059998
2124    -2.2829998
2125    -2.54
2126    -3.287
2127    -3.451
2128    -2.9929998
2129    -2.616
2130    -2.4689999
2131    -3.1019998
2132    -2.82
2133    -0.829
2134    -0.625
2135    -2.672
2136    -3.1679997
2137    -0.55999994
2138    -2.057
2139    -1.3799999
2140    -2.0719998
2141    -3.294
2142    -0.35999966
2143    -2.3899999
2144    -0.63199997
2145    -1.7629998
2146    -2.4239998
2147    -2.5979998
2148    -3.059
2149    -2.4929998
2150    -2.593
2151    -2.416
2152    -2.8449998
2153    -2.652
2154    -2.7359998
2155    -2.567
2156    -1.8319998
2157    -2.1829998
2158    -2.014
2159    -2.014
2160    -2.1239998
2161    -2.7559998
2162    -0.8459997
2163    -3.0939999
2164    -1.9889998
2165    -1.9539998
2166    -1.6489999
2167    -2.9859998
2168    -2.85
2169    0.039000034
2170    -1.0759997
2171    -2.406
2172    -0.76399994
2173    -2.221
2174    -2.5749998
2175    -2.725
2176    -2.4009998
2177    -2.985
2178    -2.5159998
2179    -1.5609999
2180    -2.2029998
2181    -0.71099997
2182    -1.2309997
2183    -2.685
2184    -1.3359997
2185    -1.5079999
2186    -1.9929998
2187    -2.5519998
2188    -2.872
2189    -1.3049998
2190    -2.0159998
2191    -1.4669998
2192    -0.40999985
2193    -1.2119999
2194    -1.3999999
2195    1.6000004
2196    -2.9299998
2197    -2.159
2198    -0.9649997
2199    -2.636
2200    -1.2659998
2201    -1.4449999
2202    -2.6269999
2203    -2.622
2204    -2.892
2205    -0.51799965
2206    -2.6859999
2207    -1.2659998
2208    -2.303
2209    -2.8019998
2210    -2.916
2211    -2.0489998
2212    -2.754
2213    -2.4329998
2214    -2.5159998
2215    4.816001
2216    -2.241
2217    -3.231
2218    -2.7129998
2219    -1.7259998
2220    -1.9569998
2221    -2.8379998
2222    -2.405
2223    -1.9989998
2224    -2.0849998
2225    -2.9329998
2226    -2.8769999
2227    -2.2289999
2228    -3.166
2229    -2.0019999
2230    -2.498
2231    -2.0389998
2232    -1.859
2233    1.5870004
2234    -2.817
2235    -2.6859999
2236    -0.97199965
2237    -1.6379998
2238    -1.0389998
2239    -2.717
2240    -1.2449999
2241    -1.8769999
2242    -2.646
2243    -2.9469998
2244    -2.8739998
2245    -2.464
2246    -0.80599976
2247    -1.7269998
2248    1.0180001
2249    -1.1309998
2250    -1.7219999
2251    -2.5619998
2252    -2.7519999
2253    -1.6329999
2254    -2.0579998
2255    -2.9359999
2256    -2.99
2257    -2.5019999
2258    -2.6509998
2259    -2.971
2260    -1.1239998
2261    -2.9069998
2262    -3.116
2263    -2.363
2264    -2.472
2265    -0.0909996
2266    -1.9399998
2267    -2.836
2268    -1.7959998
2269    -2.5259998
2270    -2.527
2271    -1.5309999
2272    -2.9239998
2273    -2.833
2274    -2.4819999
2275    0.20000029
2276    -1.1529999
2277    -2.807
2278    -3.48
2279    -1.4959998
2280    -2.5949998
2281    -1.7329998
2282    -2.665
2283    -2.454
2284    -2.6609998
2285    1.1490002
2286    -2.8479998
2287    -2.59
2288    -2.35
2289    -1.4799998
2290    -3.0249999
2291    -2.731
2292    -2.908
2293    -1.0349998
2294    -0.9379997
2295    -2.316
2296    -1.2399998
2297    -3.125
2298    -1.7619998
2299    -1.961
2300    -2.4919999
2301    0.9760003
2302    -3.177
2303    -1.81
2304    -2.498
2305    -3.044
2306    -2.3349998
2307    -1.6719999
2308    -2.8539999
2309    -2.9589999
2310    -0.7289996
2311    -1.8709998
2312    -1.1039999
2313    -2.5549998
2314    -1.4729998
2315    -2.945
2316    -1.9569998
2317    -3.1139998
2318    -1.9639997
2319    -2.3339999
2320    -2.3339999
2321    -2.1439998
2322    -2.214
2323    -3.1299999
2324    -2.145
2325    -2.645
2326    -0.9249997
2327    5.278001
2328    -1.8159997
2329    -1.9719999
2330    -2.722
2331    3.1190004
2332    -2.909
2333    -1.7849998
2334    -0.54799986
2335    -2.33
2336    -2.235
2337    -2.728
2338    -2.2199998
2339    -1.971
2340    -2.8969998
2341    -2.771
2342    -2.648
2343    -2.08
2344    -2.0579998
2345    -2.3079998
2346    -2.017
2347    -2.7759998
2348    -1.7979999
2349    -2.461
2350    -2.886
2351    -1.1329999
2352    -1.0909998
2353    2.7550006
2354    -2.6109998
2355    -3.019
2356    -0.12899971
2357    -0.88100004
2358    -2.5949998
2359    -2.633
2360    -2.2659998
2361    -2.5509999
2362    -2.5089998
2363    -1.8929999
2364    -2.866
2365    -0.9989996
2366    -2.08
2367    -2.0789998
2368    -1.1919999
2369    -2.8909998
2370    -2.932
2371    -0.88100004
2372    -2.462
2373    -1.1039999
2374    -0.8069997
2375    -2.849
2376    -1.9649999
2377    -1.5629997
2378    -1.6829998
2379    -2.717
2380    -2.9529998
2381    -3.2129998
2382    -2.922
2383    -1.1409998
2384    -2.201
2385    -3.166
2386    -1.4929998
2387    -2.08
2388    -1.5589998
2389    -2.027
2390    -1.3249998
2391    -1.8759999
2392    -1.5399997
2393    -2.017
2394    -0.95099974
2395    -2.1769998
2396    -2.54
2397    -2.6139998
2398    -1.8499999
2399    -2.2599998
2400    -2.001
2401    -2.1169999
2402    -3.1149998
2403    -2.695
2404    -1.6999998
2405    -2.9039998
2406    -1.8249998
2407    -3.218
2408    -2.916
2409    0.54900026
2410    0.40700006
2411    -2.911
2412    -0.66499996
2413    -1.4489999
2414    -2.962
2415    2.1290002
2416    0.22800016
2417    -1.4729998
2418    -2.3779998
2419    -1.1849997
2420    -2.2269998
2421    -0.19999981
2422    -2.29
2423    -1.9779999
2424    -1.6309998
2425    -1.7929997
2426    -1.5439999
2427    -1.4979999
2428    -0.605
2429    -2.1049998
2430    -2.768
2431    -2.521
2432    -2.435
2433    -0.17299986
2434    -1.3699999
2435    -2.474
2436    -1.9169998
2437    -0.9379997
2438    -2.1629999
2439    -2.1609998
2440    0.4420004
2441    -2.9629998
2442    -2.4329998
2443    -1.882
2444    -2.495
2445    -1.9679999
2446    -2.034
2447    -3.027
2448    -0.41799974
2449    -2.695
2450    -0.6149998
2451    -2.1999998
2452    -1.1769998
2453    -2.2089999
2454    -2.902
2455    -2.1069999
2456    -1.8909998
2457    -1.9099998
2458    -1.9069998
2459    -2.0949998
2460    -2.8679998
2461    -2.4799998
2462    -1.9039998
2463    -2.349
2464    -2.964
2465    -0.9859996
2466    -1.6349998
2467    -2.6759999
2468    -3.0479999
2469    -1.7759998
2470    -2.537
2471    -1.6069999
2472    -3.0549998
2473    -3.0149999
2474    -1.3749998
2475    0.24500036
2476    -3.116
2477    -3.05
2478    1.6670003
2479    -0.97699976
2480    -0.9949999
2481    -2.222
2482    -3.2069998
2483    -1.2629998
2484    -2.442
2485    -2.4299998
2486    -2.705
2487    -1.1909997
2488    -1.7679999
2489    -1.1429999
2490    -3.32
2491    -1.8729999
2492    -2.2989998
2493    -2.6179998
2494    -2.471
2495    -3.2199998
2496    -2.931
2497    -2.0919998
2498    -1.7479999
2499    -2.9929998
2500    -3.23
2501    -2.7519999
2502    -2.0949998
2503    -3.218
2504    -1.5789998
2505    -0.362
2506    -3.007
2507    -2.4369998
2508    -1.879
2509    -0.75599957
2510    -2.3909998
2511    -2.372
2512    -2.0689998
2513    -2.932
2514    -2.3339999
2515    -3.001
2516    -2.99
2517    -3.027
2518    -2.293
2519    -1.3229997
2520    -0.89799976
2521    -1.6889999
2522    5.2420006
2523    -1.3829999
2524    -2.129
2525    -3.155
2526    -0.1369996
2527    -2.215
2528    -2.6729999
2529    -2.626
2530    -0.91299963
2531    -2.774
2532    -2.61
2533    -1.4999998
2534    -2.268
2535    -2.3749998
2536    3.8950005
2537    -2.1179998
2538    -2.8109999
2539    -1.6799998
2540    -0.9649997
2541    -3.175
2542    -1.5459998
2543    -1.3529999
2544    -2.984
2545    -1.9459999
2546    -2.406
2547    -2.9269998
2548    -2.0289998
2549    -2.5219998
2550    -2.441
2551    -0.45499992
2552    -1.3839998
2553    -2.8809998
2554    -0.8909998
2555    -1.5739999
2556    -2.4629998
2557    -2.597
2558    -2.402
2559    -1.8339999
2560    -2.6969998
2561    -1.0109999
2562    -3.0809999
2563    -1.7229998
2564    -2.82
2565    -0.8109999
2566    -2.692
2567    -2.261
2568    2.3900003
2569    -2.945
2570    -1.2649999
2571    -2.3089998
2572    -1.5869999
2573    -2.6609998
2574    -3.189
2575    -3.109
2576    -1.915
2577    -1.744
2578    -3.271
2579    -2.85
2580    -1.859
2581    -2.29
2582    -0.19199991
2583    -1.596
2584    -1.7939999
2585    -2.4789999
2586    -2.3119998
2587    -3.07
2588    -1.938
2589    -2.2559998
2590    -2.961
2591    -2.0219998
2592    1.8740005
2593    -1.1339998
2594    -1.9359999
2595    -1.8179998
2596    -2.5349998
2597    -2.449
2598    -2.819
2599    -3.116
2600    -1.7839999
2601    -1.787
2602    -3.202
2603    -2.2399998
2604    -1.912
2605    -1.1169999
2606    -2.0349998
2607    -2.912
2608    -2.1399999
2609    -2.491
2610    -0.9489999
2611    -2.4209998
2612    -0.88899994
2613    -1.8949997
2614    -1.7369998
2615    -1.971
2616    -2.2879999
2617    -0.553
2618    -1.1329999
2619    -2.5589998
2620    -1.7909999
2621    -1.606
2622    -1.8439999
2623    -0.049999714
2624    -2.6629999
2625    -2.889
2626    -2.8449998
2627    -2.942
2628    1.6130004
2629    -2.623
2630    -1.5419998
2631    -1.2699997
2632    -3.063
2633    -2.241
2634    -1.8509998
2635    -0.83599997
2636    -0.92699957
2637    -3.057
2638    -3.1729999
2639    -2.4759998
2640    -3.0049999
2641    -2.922
2642    -2.773
2643    -3.2259998
2644    -2.484
2645    -2.5719998
2646    14.6310005
2647    -0.8609996
2648    -2.316
2649    0.4920001
2650    -2.965
2651    -0.9449997
2652    -2.2979999
2653    -2.691
2654    0.1260004
2655    -2.472
2656    -0.6359997
2657    -1.7449999
2658    -2.4529998
2659    -1.7469997
2660    -2.0519998
2661    -3.1759999
2662    -1.5999999
2663    -2.2199998
2664    -1.5339999
2665    -1.4439998
2666    -3.031
2667    -0.8579998
2668    -2.652
2669    -2.59
2670    -2.053
2671    -2.8679998
2672    -3.156
2673    1.2770004
2674    -1.9109998
2675    -1.3979998
2676    -2.8409998
2677    -2.4899998
2678    -2.149
2679    -2.034
2680    -1.5919998
2681    -2.984
2682    -1.5639999
2683    -1.6729999
2684    -1.7459998
2685    -1.6259999
2686    -2.192
2687    -2.6569998
2688    -2.6569998
2689    -1.836
2690    -2.504
2691    -1.4749999
2692    -2.1729999
2693    -2.735
2694    -2.826
2695    -0.08499956
2696    -1.6759999
2697    -2.1409998
2698    -2.819
2699    -2.9359999
2700    -2.2589998
2701    -1.7299998
2702    -1.4909999
2703    -1.6009998
2704    -2.2059999
2705    -2.833
2706    -0.74799967
2707    -1.8379998
2708    -2.2689998
2709    -3.013
2710    -2.379
2711    -2.6299999
2712    -2.882
2713    -1.0219998
2714    -1.4039998
2715    -2.583
2716    -1.3479998
2717    -1.2519999
2718    -2.754
2719    -1.4769998
2720    -1.6499999
2721    -2.0489998
2722    -2.9239998
2723    -1.3139999
2724    -2.5819998
2725    -0.454
2726    -1.0849998
2727    -2.3419998
2728    -1.4909999
2729    -2.2689998
2730    -2.0329998
2731    -2.708
2732    -2.129
2733    0.9220004
2734    -1.0459998
2735    -2.6369998
2736    -2.1569998
2737    -2.1309998
2738    -1.5639999
2739    -2.906
2740    1.4850001
2741    -1.1049998
2742    -2.694
2743    -2.945
2744    -3.057
2745    -1.2509999
2746    -2.587
2747    -2.0449998
2748    -3.0839999
2749    -1.6919999
2750    -2.829
2751    -1.3549998
2752    -1.1089997
2753    -2.968
2754    0.92800045
2755    -2.4009998
2756    -0.34799957
2757    -1.3849998
2758    -2.8939998
2759    -0.97699976
2760    -1.777
2761    -2.817
2762    -0.7909999
2763    -3.105
2764    -1.3339999
2765    -1.5359998
2766    -1.8999999
2767    -2.7099998
2768    -2.6399999
2769    -2.681
2770    -1.905
2771    -2.7089999
2772    -1.8539999
2773    -1.8199999
2774    -1.8629999
2775    -2.336
2776    -1.9859998
2777    -1.3139999
2778    -1.9949999
2779    1.1370001
2780    10.177001
2781    -1.5649998
2782    -2.6439998
2783    -2.5949998
2784    -0.91499996
2785    -0.78099966
2786    -2.3419998
2787    -3.1019998
2788    -0.9779997
2789    -3.06
2790    -0.65499973
2791    -2.4589999
2792    -3.07
2793    -1.4999998
2794    -2.2039998
2795    -3.078
2796    -1.0269997
2797    -3.0029998
2798    -2.376
2799    -3.0289998
2800    0.4550004
2801    -0.5239997
2802    -2.763
2803    -2.994
2804    -1.9529998
2805    -3.099
2806    -1.8109999
2807    -0.9649997
2808    -1.0019999
2809    -1.1199999
2810    -1.6379998
2811    -2.7979999
2812    -2.0429997
2813    -2.978
2814    -2.1799998
2815    -0.75999975
2816    -1.4979999
2817    -1.0009999
2818    -2.488
2819    -0.66299963
2820    -2.32
2821    -1.2009997
2822    -0.45699978
2823    -0.7289996
2824    -1.8979998
2825    -0.9659996
2826    -1.1089997
2827    -0.08199978
2828    -2.7229998
2829    3.493
2830    -2.409
2831    -2.4239998
2832    -2.35
2833    -3.151
2834    -0.8989997
2835    0.3130002
2836    -3.1279998
2837    -2.86
2838    -1.4019997
2839    -2.7069998
2840    -2.758
2841    -0.84699965
2842    -2.758
2843    -2.597
2844    -2.3009999
2845    -1.5069997
2846    -2.192
2847    -3.1529999
2848    -2.133
2849    -2.3579998
2850    -1.1779997
2851    -2.257
2852    -0.62299967
2853    -1.8899999
2854    -1.9829998
2855    -2.6629999
2856    -2.2159998
2857    -1.8729999
2858    -1.7689998
2859    -1.3929999
2860    -2.56
2861    -2.3079998
2862    -3.0949998
2863    3.9280005
2864    -2.143
2865    -2.6599998
2866    -2.2089999
2867    -2.77
2868    -2.1609998
2869    -1.0009999
2870    -2.4499998
2871    -2.856
2872    -1.6969998
2873    -2.741
2874    -2.646
2875    -2.643
2876    -0.30099964
2877    -2.827
2878    -1.4659998
2879    -2.1209998
2880    -2.9269998
2881    -2.3379998
2882    -2.6639998
2883    -2.8089998
2884    -2.5979998
2885    -2.6899998
2886    -2.109
2887    -2.1599998
2888    -1.7369998
2889    -3.12
2890    2.2390003
2891    -2.396
2892    -2.2299998
2893    0.28300047
2894    -2.958
2895    -1.6399999
2896    -2.915
2897    -2.576
2898    -2.007
2899    -2.4729998
2900    -2.764
2901    -2.415
2902    -2.8779998
2903    -2.8579998
2904    -2.0949998
2905    -0.61899996
2906    1.1180005
2907    -2.2199998
2908    -0.6739998
2909    -2.0689998
2910    -2.36
2911    -1.4199998
2912    -2.478
2913    -2.8639998
2914    -1.2569997
2915    -2.612
2916    -0.31799984
2917    -1.4649999
2918    -2.9789999
2919    -0.10199976
2920    -0.7029996
2921    -1.7479999
2922    -2.0779998
2923    -1.8509998
2924    -0.7359996
2925    -1.4059999
2926    -3.0939999
2927    -0.263
2928    -0.32999992
2929    -2.347
2930    -1.994
2931    -1.994
2932    -2.3439999
2933    -1.5969999
2934    -2.047
2935    -2.1119998
2936    -2.717
2937    0.27900028
2938    -1.7479999
2939    -0.82299995
2940    -1.3299999
2941    -2.8089998
2942    -2.1829998
2943    -2.7919998
2944    -2.2069998
2945    -2.4459999
2946    -2.4099998
2947    -1.9959998
2948    -1.6389999
2949    -1.6949999
2950    -2.8349998
2951    -2.5249999
2952    -1.2569997
2953    -1.5619998
2954    -2.1569998
2955    -2.6869998
2956    -1.8
2957    -1.9399998
2958    -1.4999998
2959    -3.1169999
2960    -2.4139998
2961    -2.587
2962    -2.406
2963    -1.7689998
2964    -2.8909998
2965    -2.745
2966    -1.6129999
2967    -2.3679998
2968    -1.1409998
2969    -2.3119998
2970    -2.889
2971    -2.554
2972    -2.813
2973    -2.6149998
2974    -3.138
2975    -2.0049999
2976    -1.0759997
2977    -0.3829999
2978    -2.5679998
2979    -1.6479998
2980    -2.6039999
2981    -1.7149999
2982    -1.5609999
2983    -2.281
2984    -1.4469998
2985    -1.675
2986    -2.123
2987    -2.714
2988    -3.054
2989    -2.948
2990    -2.379
2991    -0.39299965
2992    -2.4629998
2993    4.7130003
2994    -2.524
2995    -2.1369998
2996    -2.597
2997    -2.116
2998    -1.2179999
2999    -1.9209998
3000    -2.9399998
3001    -0.71799994
3002    -2.449
3003    -3.1929998
3004    -3.2529998
3005    -2.4199998
3006    -2.5029998
3007    -2.4139998
3008    -1.7679999
3009    -0.2579999
3010    -2.0489998
3011    -2.264
3012    -2.59
3013    -1.9959998
3014    -2.2039998
3015    -2.8379998
3016    -2.5229998
3017    -2.5249999
3018    0.048000336
3019    -1.6229999
3020    -1.6559999
3021    -2.2559998
3022    -2.56
3023    -2.533
3024    -1.5689998
3025    -2.123
3026    -1.5749998
3027    2.4020004
3028    -2.3319998
3029    -0.605
3030    -2.376
3031    -2.455
3032    -2.931
3033    -2.0319998
3034    -2.2629998
3035    -1.7049999
3036    -2.764
3037    -3.044
3038    -2.054
3039    -2.951
3040    -0.36899996
3041    -1.4799998
3042    -2.4459999
3043    -2.7089999
3044    -1.1829998
3045    -0.09599972
3046    -1.7349999
3047    -2.949
3048    0.4050002
3049    -2.938
3050    -2.954
3051    -3.008
3052    -3.085
3053    -1.55
3054    0.46500015
3055    -0.4789996
3056    -2.9369998
3057    -1.0779998
3058    -0.87299967
3059    -3.481
3060    -2.1709998
3061    -1.1639998
3062    -1.1129999
3063    -2.5919998
3064    -2.5379999
3065    -1.4089999
3066    -1.9849999
3067    -2.014
3068    -2.4139998
3069    -2.3839998
3070    -2.4029999
3071    -3.249
3072    -3.077
3073    -0.25199986
3074    -1.1479998
3075    -1.7189999
3076    -2.1349998
3077    -1.4889998
3078    -2.4559999
3079    -2.353
3080    -1.0909998
3081    -2.1469998
3082    -2.791
3083    -1.0969999
3084    -2.702
3085    -0.9039998
3086    -1.7589998
3087    -2.826
3088    -1.2129998
3089    -1.9739997
3090    -1.1019998
3091    -2.9199998
3092    -2.373
3093    1.0670004
3094    -0.1949997
3095    -0.81799984
3096    -1.9489999
3097    -2.04
3098    -0.94799995
3099    -2.7189999
3100    -1.1759999
3101    -0.77999973
3102    -1.0769999
3103    -3.137
3104    -2.2919998
3105    -1.7249999
3106    -2.9629998
3107    -1.6359999
3108    -0.7619996
3109    -2.2489998
3110    -2.7949998
3111    -2.428
3112    -2.786
3113    -1.5559998
3114    -1.5659997
3115    -1.55
3116    -2.477
3117    0.5250001
3118    -2.215
3119    0.3820002
3120    -2.9459999
3121    -3.099
3122    -2.889
3123    -1.1789999
3124    -2.893
3125    -3.0299997
3126    -2.064
3127    -0.93099976
3128    -2.6899998
3129    -1.6019998
3130    -2.763
3131    0.12200022
3132    -0.3829999
3133    -2.7619998
3134    -1.3999999
3135    -2.4259999
3136    -2.3669999
3137    -2.1079998
3138    -3.166
3139    -2.076
3140    -2.6699998
3141    -2.3289998
3142    -0.3829999
3143    -2.4209998
3144    -1.6449997
3145    -2.6799998
3146    -3.1669998
3147    -2.5549998
3148    -0.76499987
3149    -1.6169999
3150    -2.75
3151    -3.1079998
3152    -1.1279998
3153    -2.7429998
3154    -1.481
3155    -1.9879999
3156    -3.0559998
3157    -2.563
3158    -2.533
3159    -2.001
3160    -2.6569998
3161    -1.0149999
3162    0.17900038
3163    -3.152
3164    -2.284
3165    -2.52
3166    -2.85
3167    -2.4199998
3168    -1.0269997
3169    -2.199
3170    -2.666
3171    -0.6999998
3172    -2.0719998
3173    -1.0889997
3174    -2.704
3175    -2.741
3176    -1.0799999
3177    -2.8
3178    -3.008
3179    -2.1829998
3180    -1.5799999
3181    -1.4069998
3182    -1.537
3183    -2.537
3184    -2.2919998
3185    -2.5679998
3186    -2.949
3187    -1.7989998
3188    -2.916
3189    -2.4569998
3190    -1.652
3191    -2.5149999
3192    -2.5549998
3193    -2.823
3194    -0.7319999
3195    -1.2449999
3196    -1.928
3197    -3.2519999
3198    -2.9759998
3199    -0.12899971
3200    -2.485
3201    -2.8179998
3202    -1.4099998
3203    -1.3779998
3204    -2.0589998
3205    -2.652
3206    -2.35
3207    -1.6819999
3208    -2.504
3209    0.3880005
3210    -2.622
3211    -2.6239998
3212    -2.4439998
3213    -1.2469997
3214    -1.0509999
3215    -1.3479998
3216    -1.708
3217    -2.5479999
3218    -3.2129998
3219    -2.895
3220    -0.7329998
3221    -1.6149998
3222    -2.4129999
3223    -3.0509999
3224    -2.4729998
3225    -3.0689998
3226    -2.5389998
3227    -2.797
3228    -2.1169999
3229    -2.6409998
3230    -0.98099995
3231    -1.1439998
3232    -2.58
3233    -2.8769999
3234    -2.057
3235    -1.6969998
3236    -0.73099995
3237    -1.1509998
3238    -0.5119996
3239    -1.6799998
3240    -1.0329998
3241    0.68600035
3242    -1.6499999
3243    -2.9359999
3244    -1.3969998
3245    -2.9259999
3246    -1.9429998
3247    3.1260004
3248    -2.4889998
3249    -2.0059998
3250    -1.6999998
3251    -2.2169998
3252    -1.9869998
3253    0.93600035
3254    -1.3109999
3255    -0.8629999
3256    -3.29
3257    -1.5329998
3258    -0.96399975
3259    -2.241
3260    -1.8339999
3261    -2.942
3262    -1.4689999
3263    -3.021
3264    -2.1999998
3265    -3.077
3266    -2.964
3267    -3.052
3268    -1.935
3269    -2.7989998
3270    -1.6259999
3271    -2.975
3272    -1.8579998
3273    5.241
3274    -2.574
3275    -1.458
3276    -2.4689999
3277    -0.9779997
3278    4.1240005
3279    -2.317
3280    -1.5689998
3281    -2.5609999
3282    -2.82
3283    -0.8919997
3284    -2.6169999
3285    -2.7589998
3286    -1.4759998
3287    -2.3339999
3288    -0.72699976
3289    -2.1669998
3290    -2.678
3291    -1.9989998
3292    2.0420003
3293    -1.9489999
3294    -2.316
3295    -2.685
3296    -1.9489999
3297    -2.29
3298    -1.9439998
3299    -2.2289999
3300    -1.2629998
3301    -1.3669999
3302    -2.041
3303    -2.61
3304    -0.35999966
3305    1.0020003
3306    -2.7819998
3307    -1.8809998
3308    -3.461
3309    -1.5969999
3310    2.4740005
3311    -2.658
3312    -1.8379998
3313    -2.9259999
3314    -2.85
3315    -1.5889997
3316    -0.4749999
3317    -1.8749998
3318    -0.342
3319    -1.6319997
3320    -0.43999958
3321    -2.589
3322    -1.9739997
3323    -1.3459997
3324    -2.777
3325    -0.8909998
3326    0.039000034
3327    -2.547
3328    -2.6729999
3329    -1.3609998
3330    -1.4229999
3331    -3.0479999
3332    -2.849
3333    -1.7619998
3334    -3.0029998
3335    -0.33499956
3336    -1.6729999
3337    -3.0609999
3338    -0.69799995
3339    -1.1649997
3340    -2.5459998
3341    -1.1109998
3342    -3.182
3343    -1.8779998
3344    -3.0099998
3345    5.776001
3346    -2.4829998
3347    -2.168
3348    -2.2759998
3349    -1.8659999
3350    -1.9649999
3351    -1.5279999
3352    -2.672
3353    -1.7169998
3354    0.24800014
3355    -2.596
3356    -0.6689997
3357    -3.205
3358    -2.1
3359    -1.7529998
3360    -2.4599998
3361    -0.35099983
3362    -2.0659997
3363    -3.0429997
3364    -2.2499998
3365    -2.7189999
3366    -2.797
3367    -0.4369998
3368    -2.488
3369    -1.8939998
3370    -2.3899999
3371    -2.741
3372    -1.1459999
3373    -0.5899997
3374    -1.4679999
3375    -0.60599995
3376    0.8100004
3377    -1.2079997
3378    -2.6239998
3379    -2.4819999
3380    -2.0159998
3381    2.5120006
3382    -0.9319997
3383    -2.1569998
3384    -2.76
3385    -1.9399998
3386    -2.596
3387    -2.441
3388    -2.751
3389    -2.2959998
3390    -2.763
3391    -0.6589999
3392    -3.067
3393    -2.0279999
3394    -2.386
3395    -1.7739999
3396    -3.077
3397    7.382001
3398    -2.9819999
3399    -1.2269998
3400    -1.6279998
3401    -0.81799984
3402    -2.8009999
3403    -2.0809999
3404    -2.8049998
3405    -1.5209999
3406    -2.2779999
3407    -2.1599998
3408    -3.004
3409    -2.017
3410    -1.5609999
3411    -0.8069997
3412    -0.7289996
3413    0.103000164
3414    -2.751
3415    -2.849
3416    -1.8509998
3417    -3.179
3418    -2.06
3419    -1.6999998
3420    -1.6089997
3421    -0.74799967
3422    -1.7279999
3423    -1.0489998
3424    -2.185
3425    -0.29199982
3426    -3.086
3427    -2.728
3428    -1.5009999
3429    -2.339
3430    -1.9659998
3431    0.36200047
3432    -0.23399973
3433    -0.66799974
3434    -2.2729998
3435    -1.5259998
3436    -2.484
3437    -3.2129998
3438    -2.4239998
3439    -2.7529998
3440    -1.8519998
3441    -2.6869998
3442    -2.268
3443    -1.629
3444    -2.639
3445    -1.8479998
3446    -1.481
3447    -2.0689998
3448    -1.6789999
3449    -2.691
3450    -2.533
3451    -1.912
3452    -2.1349998
3453    -0.5979996
3454    -2.369
3455    -1.6049998
3456    -2.007
3457    -2.583
3458    -3.06
3459    -2.1609998
3460    -2.997
3461    -2.3089998
3462    -2.2749999
3463    -3.013
3464    -2.477
3465    -1.5069997
3466    -2.6339998
3467    -2.817
3468    -1.4129999
3469    0.5470004
3470    -2.4899998
3471    -2.965
3472    -2.9989998
3473    -2.7069998
3474    -2.971
3475    -1.9319999
3476    -1.9239998
3477    -0.11399984
3478    -1.6469998
3479    -1.8029997
3480    -2.925
3481    -1.3129997
3482    -2.1579998
3483    -2.438
3484    -1.0849998
3485    -2.021
3486    -2.951
3487    -1.938
3488    -2.136
3489    -2.682
3490    -2.5129998
3491    -1.994
3492    -0.9089999
3493    -2.763
3494    -1.8249998
3495    -3.1349998
3496    -2.0329998
3497    -2.675
3498    0.8130002
3499    -0.67299986
3500    -2.3119998
3501    -1.6319997
3502    -3.2069998
3503    -2.6729999
3504    -1.4209998
3505    -2.7759998
3506    -0.32699966
3507    -0.99300003
3508    -1.8899999
3509    -2.195
3510    -1.7199998
3511    -2.885
3512    -1.5529997
3513    -3.0159998
3514    -1.6689999
3515    -2.0779998
3516    -2.7589998
3517    -1.7229998
3518    -2.1509998
3519    -2.189
3520    -1.9359999
3521    -1.7269998
3522    -2.82
3523    -2.625
3524    -2.1629999
3525    -0.011999607
3526    -2.1349998
3527    -2.751
3528    -3.1149998
3529    -2.6279998
3530    -2.524
3531    -2.6639998
3532    -2.5319998
3533    -1.4499998
3534    -1.6219997
3535    -1.9319999
3536    -1.6309998
3537    -3.037
3538    -2.4559999
3539    -2.2419999
3540    -1.8879998
3541    -1.8539999
3542    -1.3199999
3543    -3.046
3544    -1.8499999
3545    -0.6699996
3546    -3.157
3547    -2.7229998
3548    -3.156
3549    -2.544
3550    -1.7949998
3551    -3.041
3552    0.061000347
3553    -2.609
3554    -2.626
3555    -3.034
3556    -2.863
3557    -2.6959999
3558    0.01999998
3559    -2.577
3560    -0.7589998
3561    -2.274
3562    -2.671
3563    -1.9899998
3564    -2.064
3565    -1.5579998
3566    -2.6269999
3567    -2.6
3568    -3.053
3569    -2.017
3570    -1.5389998
3571    -2.61
3572    -1.9289999
3573    -1.0879998
3574    -1.0849998
3575    -1.527
3576    -2.771
3577    -0.93099976
3578    -2.6729999
3579    -2.0119998
3580    -1.3389997
3581    -3.2589998
3582    5.1400003
3583    -2.7099998
3584    -2.5379999
3585    -1.0879998
3586    -1.7029998
3587    0.73200035
3588    -1.4459999
3589    -1.8529999
3590    -2.247
3591    -2.3879998
3592    -2.6739998
3593    -1.5489998
3594    -2.701
3595    -2.701
3596    -2.498
3597    -2.044
3598    -3.0609999
3599    -2.0089998
3600    -0.96099997
3601    -2.376
3602    -2.5549998
3603    1.8820004
3604    -1.3749998
3605    7.34
3606    -0.27599955
3607    -3.0279999
3608    -1.0809999
3609    -1.8859999
3610    -3.48
3611    -0.15699959
3612    -2.671
3613    -2.3879998
3614    -2.9589999
3615    -2.514
3616    -2.813
3617    -2.5479999
3618    -3.027
3619    -2.4439998
3620    -2.3219998
3621    -3.091
3622    -1.8829999
3623    -2.563
3624    -3.218
3625    -0.78999996
3626    -0.5439997
3627    -1.6369998
3628    -1.8049998
3629    -1.3109999
3630    -1.81
3631    0.4550004
3632    -2.2259998
3633    3.3660002
3634    0.4460001
3635    -0.63099957
3636    0.03300047
3637    -2.07
3638    -2.0719998
3639    -0.658
3640    -1.4439998
3641    -3.105
3642    -1.5699999
3643    -1.5489998
3644    -1.0769999
3645    -2.0349998
3646    -2.6729999
3647    -1.7409999
3648    -1.3669999
3649    -1.3669999
3650    -1.1639998
3651    -1.3499999
3652    -2.6869998
3653    -1.2399998
3654    -2.949
3655    -0.8699999
3656    -2.5879998
3657    -0.809
3658    -2.632
3659    -2.556
3660    -0.35599995
3661    -2.5909998
3662    -3.2419999
3663    -3.065
3664    -2.2029998
3665    -2.0329998
3666    -2.8309999
3667    -2.122
3668    -2.481
3669    -3.1269999
3670    -0.03099966
3671    -1.2899997
3672    -2.893
3673    -3.112
3674    -2.083
3675    -2.274
3676    -2.327
3677    -1.4919999
3678    -3.189
3679    -1.1369998
3680    -2.3749998
3681    -2.671
3682    -2.533
3683    -2.784
3684    -0.5669999
3685    -1.4129999
3686    -2.0689998
3687    -2.4269998
3688    -0.7329998
3689    -1.7749999
3690    -0.08199978
3691    -1.6709998
3692    -1.5289998
3693    -2.3349998
3694    -0.50199986
3695    -2.655
3696    -2.454
3697    -2.431
3698    -2.189
3699    -1.5779998
3700    -2.6729999
3701    -0.941
3702    -2.796
3703    -2.6
3704    0.5170002
3705    -2.6509998
3706    -1.5539999
3707    -2.906
3708    -3.159
3709    -2.3209999
3710    -1.6279998
3711    -1.7009997
3712    -1.3439999
3713    -0.88899994
3714    -2.725
3715    -2.8669999
3716    -0.487
3717    -2.847
3718    -1.9259999
3719    -2.6309998
3720    -0.6669998
3721    -2.5509999
3722    -1.9639997
3723    -3.034
3724    -2.3089998
3725    -2.5219998
3726    -2.666
3727    -2.11
3728    -3.0689998
3729    -2.741
3730    -2.797
3731    -3.0229998
3732    -2.8119998
3733    -2.347
3734    -2.2619998
3735    -3.11
3736    -1.0659997
3737    -1.4239998
3738    -1.4529998
3739    -2.0359998
3740    -1.9319999
3741    -1.5809999
3742    -0.55999994
3743    -1.4409997
3744    -3.1759999
3745    -1.6669998
3746    -2.09
3747    -2.3899999
3748    -2.819
3749    -3.078
3750    -2.4729998
3751    -0.52
3752    -1.7329998
3753    -1.5159998
3754    -1.5419998
3755    -2.593
3756    -1.1919999
3757    -1.0219998
3758    -2.6499999
3759    -1.6599998
3760    -2.8779998
3761    -0.78799963
3762    -2.807
3763    -2.735
3764    -2.777
3765    -1.7039998
3766    -2.2749999
3767    0.08100033
3768    -2.2889998
3769    -0.9459996
3770    -2.849
3771    -0.41899967
3772    -1.9429998
3773    -1.1599998
3774    -1.5939999
3775    -2.8569999
3776    -2.745
3777    -2.2229998
3778    -2.995
3779    -2.445
3780    -2.929
3781    -2.359
3782    -3.2649999
3783    -2.899
3784    -1.6889999
3785    -3.217
3786    -2.29
3787    -3.004
3788    -2.5049999
3789    -2.5379999
3790    -3.064
3791    -1.9389999
3792    -2.1119998
3793    -2.8609998
3794    -1.5119998
3795    -2.856
3796    -0.8629999
3797    -2.967
3798    -1.6709998
3799    -2.3479998
3800    -3.185
3801    -0.98899984
3802    -0.94799995
3803    -2.09
3804    -2.405
3805    -2.481
3806    -1.4519999
3807    -2.98
3808    -1.8979998
3809    -2.8709998
3810    -1.7029998
3811    -1.4469998
3812    -2.1079998
3813    -2.425
3814    -0.796
3815    -3.041
3816    -0.5629997
3817    -1.9069998
3818    -1.1749997
3819    -2.274
3820    -2.7189999
3821    -1.938
3822    -1.6859999
3823    -2.971
3824    -1.3959999
3825    -1.0689998
3826    -2.3409998
3827    -2.497
3828    -2.2649999
3829    -0.85199976
3830    -0.056999683
3831    -1.0669999
3832    -1.7789998
3833    -2.763
3834    -3.217
3835    -2.0919998
3836    -2.7549999
3837    -2.619
3838    -2.865
3839    -1.7569997
3840    -3.0549998
3841    -1.7879999
3842    -1.787
3843    -3.25
3844    -2.4139998
3845    -2.928
3846    -2.2489998
3847    -3.146
3848    -2.6759999
3849    -1.8679998
3850    -3.1209998
3851    -1.8249998
3852    -2.326
3853    -0.8459997
3854    -2.2959998
3855    -1.8069999
3856    -1.6769998
3857    -2.017
3858    -2.294
3859    -2.277
3860    -0.8529997
3861    -2.123
3862    -2.583
3863    -1.8
3864    4.5510006
3865    -2.613
3866    -2.5749998
3867    -2.863
3868    0.2050004
3869    -3.0379999
3870    -3.034
3871    -1.9689999
3872    -2.787
3873    -2.75
3874    -2.682
3875    -2.7459998
3876    -2.5509999
3877    -1.8599999
3878    -2.4859998
3879    -1.9139998
3880    -2.886
3881    -2.122
3882    -0.8069997
3883    -1.0849998
3884    -1.7889998
3885    -1.4679999
3886    -0.038999557
3887    -2.4269998
3888    -2.054
3889    -1.2059999
3890    -2.991
3891    -0.803
3892    -2.0259998
3893    -1.0739999
3894    -2.6499999
3895    -2.919
3896    -0.0069999695
3897    -2.129
3898    -0.5209999
3899    -2.2979999
3900    -1.619
3901    -1.9219999
3902    -0.19599962
3903    -2.0589998
3904    -2.3649998
3905    -1.8349998
3906    -2.984
3907    -3.2989998
3908    -0.89699984
3909    -2.9819999
3910    -2.847
3911    -2.3679998
3912    -1.0739999
3913    -2.3419998
3914    -2.8999999
3915    -2.8149998
3916    -1.915
3917    -3.2059999
3918    0.14300013
3919    -1.2649999
3920    -1.7049999
3921    -2.656
3922    -3.257
3923    1.0820003
3924    -1.5769999
3925    -3.014
3926    -1.596
3927    -2.136
3928    -1.1549997
3929    -2.369
3930    -2.224
3931    -3.083
3932    -3.123
3933    -1.6719999
3934    -1.892
3935    -1.2309997
3936    -2.0319998
3937    4.259001
3938    -2.235
3939    -1.8399999
3940    -2.2689998
3941    -3.261
3942    -1.3819997
3943    -2.086
3944    -2.6009998
3945    -2.2189999
3946    -1.6689999
3947    -1.9419999
3948    -3.097
3949    -2.6339998
3950    -2.2289999
3951    -2.8869998
3952    -2.648
3953    -3.04
3954    -2.862
3955    -2.12
3956    -1.8499999
3957    -0.013999939
3958    -3.0279999
3959    0.8410001
3960    -3.2649999
3961    -1.79
3962    -2.714
3963    -1.8799999
3964    -1.7979999
3965    -2.609
3966    -2.938
3967    -1.7499998
3968    -2.4789999
3969    -0.55099964
3970    -2.1769998
3971    -2.475
3972    -1.8619998
3973    -1.915
3974    -1.3479998
3975    -2.9929998
3976    -2.925
3977    -1.0889997
3978    -2.2299998
3979    -2.406
3980    -2.934
3981    -2.057
3982    -2.5749998
3983    -1.2199998
3984    -2.004
3985    -3.05
3986    -1.2859998
3987    -1.925
3988    0.26900005
3989    -3.1479998
3990    -1.6569998
3991    -2.7589998
3992    -2.3019998
3993    -2.724
3994    0.14900017
3995    -2.606
3996    -2.4859998
3997    -3.182
3998    -2.6239998
3999    -1.0859997
4000    -0.47699976
4001    -2.7529998
4002    -1.9699998
4003    -1.8299999
4004    -0.7539997
4005    -1.8949997
4006    0.16800022
4007    -2.543
4008    -3.041
4009    -2.6629999
4010    -2.889
4011    -2.777
4012    0.24800014
4013    -1.3999999
4014    -2.7919998
4015    -0.28399992
4016    -2.556
4017    -2.8449998
4018    -2.494
4019    -3.317
4020    -2.9239998
4021    -2.353
4022    -1.3059998
4023    -2.11
4024    2.6100001
4025    -2.9039998
4026    -2.099
4027    -1.1759999
4028    0.1500001
4029    -2.8
4030    -1.8379998
4031    -2.8999999
4032    -2.6079998
4033    -2.662
4034    -2.202
4035    -2.524
4036    -1.6789999
4037    -2.225
4038    -3.1149998
4039    -2.632
4040    -1.4289999
4041    -1.4989998
4042    -0.15499973
4043    -0.50999975
4044    -2.994
4045    -2.431
4046    -1.4819999
4047    -2.7659998
4048    -0.99300003
4049    -1.4899998
4050    0.05300045
4051    -1.8369999
4052    -2.934
4053    -2.4229999
4054    -2.475
4055    -2.215
4056    -2.744
4057    -2.5359998
4058    -1.1059997
4059    -2.86
4060    -2.475
4061    2.3190002
4062    -3.103
4063    -0.28999996
4064    -2.099
4065    -1.0269997
4066    -0.9839997
4067    -2.954
4068    -2.7159998
4069    -2.7849998
4070    -0.9189997
4071    -2.76
4072    -1.9889998
4073    -2.0579998
4074    -1.0999999
4075    -1.2549999
4076    -1.8139999
4077    -2.566
4078    -2.9039998
4079    -2.4129999
4080    -1.9909999
4081    -3.034
4082    -2.323
4083    3.0170002
4084    -2.6799998
4085    -1.3519998
4086    -2.694
4087    0.18300009
4088    -1.5719998
4089    -1.9769998
4090    -1.7919998
4091    -1.2609999
4092    -1.8709998
4093    -1.9269998
4094    -3.0089998
4095    -1.458
4096    -2.0559998
4097    -2.3179998
4098    -2.712
4099    -2.987
4100    -1.731
4101    -2.33
4102    -2.2619998
4103    -2.758
4104    -1.0579998
4105    -2.883
4106    -2.642
4107    -2.4729998
4108    -3.1869998
4109    -1.9099998
4110    -2.241
4111    -2.9689999
4112    -1.4929998
4113    -2.1139998
4114    0.9680004
4115    -2.4889998
4116    -0.33499956
4117    -2.422
4118    -2.8839998
4119    -2.0649998
4120    -0.9169998
4121    -2.521
4122    2.9170003
4123    -2.3009999
4124    -2.949
4125    -2.3639998
4126    -1.9339998
4127    -2.8609998
4128    -1.0449998
4129    -2.1669998
4130    -1.7499998
4131    -3.236
4132    -3.222
4133    -2.494
4134    -2.4799998
4135    -1.5859997
4136    -1.3759999
4137    1.3940005
4138    -1.8719997
4139    -2.3679998
4140    -2.214
4141    -2.2629998
4142    -1.1369998
4143    -2.574
4144    -1.9619999
4145    -3.027
4146    -2.563
4147    -1.4819999
4148    8.246
4149    -2.3769999
4150    -2.9459999
4151    -1.5159998
4152    -3.1499999
4153    -2.899
4154    -1.6879997
4155    -0.9159999
4156    -2.648
4157    -1.928
4158    -1.7819998
4159    -1.4359999
4160    -0.7509999
4161    -2.5819998
4162    -2.984
4163    -2.836
4164    0.23300028
