0    -1.2399999
1    -53.017
2    -52.071
3    -52.081
4    -1.002
5    -52.042
6    -53.05
7    -52.055
8    -2.2189999
9    -1.254
10    -1.259
11    -3.17
12    -1.6359999
13    -1.436
14    -1.504
15    -1.641
16    -1.854
17    -1.854
18    -1.854
19    -1.854
20    -1.854
21    -1.4619999
22    -1.502
23    -1.1559999
24    -1.601
25    -1.675
26    -1.555
27    -1.61
28    -67.593
29    -67.585
30    -68.532
31    -0.13499987
32    0.34700012
33    -67.557
34    -0.5669999
35    -68.531
36    -67.578
37    -67.59
38    -68.541
39    -1.336
40    -1.382
41    -67.571
42    -0.6299999
43    -1.854
44    -67.579
45    -68.552
46    -1.854
47    -53.155
48    -53.182
49    -53.163
50    -53.189
51    -53.152
52    0.2800002
53    1.1190002
54    0.17200017
55    0.35000014
56    0.8360002
57    1.0240002
58    0.2750001
59    -1.1989999
60    -1.162
61    -1.175
62    -1.0309999
63    -0.79199994
64    -1.138
65    -0.21399987
66    0.4560001
67    -1.247
68    -0.76
69    -0.8759999
70    -1.208
71    -1.0769999
72    -0.987
73    -0.9929999
74    -1.246
75    0.22500014
76    -0.51399994
77    -0.86099994
78    -1.356
79    -1.096
80    -1.105
81    -1.177
82    -1.933
83    -1.1589999
84    -1.236
85    -1.484
86    -1.277
87    -1.183
88    -1.326
89    -0.75
90    -1.329
91    -1.1099999
92    -43.008
93    0.513
94    -1.114
95    0.03400016
96    -1.0749999
97    -0.36099994
98    -0.67999995
99    -0.78
100    -0.49099994
101    -0.4699999
102    -0.03999996
103    -1.058
104    -1.1029999
105    -0.99099994
106    -1.096
107    -0.86899996
108    -1.287
109    0.5970001
110    -1.2119999
111    -1.0149999
112    -1.1439999
113    -0.987
114    -1.141
115    -1.427
116    -1.28
117    -1.007
118    -1.368
119    -1.148
120    -0.83599997
121    -1.4
122    -0.6609999
123    -1.2349999
124    -0.7219999
125    0.7950001
126    -1.02
127    -1.059
128    -1.221
129    0.10000014
130    -0.5289999
131    -1.249
132    -1.2
133    -0.949
134    -1.3859999
135    -0.9879999
136    -1.151
137    -0.9519999
138    -0.38199997
139    -1.206
140    -1.368
141    -1.094
142    -1.288
143    -1.242
144    -1.3369999
145    -0.9779999
146    -1.1159999
147    -1.056
148    -0.893
149    -0.995
150    -0.9059999
151    -0.86399996
152    -0.90699995
153    -7.099
154    -8.125
155    -1.0539999
156    -6.98
157    -1.062
158    -1.157
159    -1.134
160    -1.456
161    -0.88699996
162    -0.599
163    -1.299
164    -0.9979999
165    -1.332
166    -0.86399996
167    -1.28
168    -1.275
169    -0.24699986
170    0.33000016
171    -0.35699987
172    -0.90199995
173    -1.119
174    -0.02399993
175    -0.12599993
176    -0.10199988
177    0.2650001
178    -0.594
179    3.46
180    -0.26399994
181    -0.06799996
182    -4.998
183    -0.3879999
184    -1.063
185    -0.5239999
186    -1.0289999
187    -0.85099995
188    0.032999992
189    0.2900002
190    -0.08899987
191    -1.549
192    -1.561
193    -0.55999994
194    -1.4319999
195    -0.45999992
196    -0.7729999
197    -1.1299999
198    -1.313
199    -0.75
200    -1.236
201    -1.0509999
202    -7.822
203    -7.724
204    -7.756
205    -0.9799999
206    -1.163
207    -1.131
208    0.93000007
209    -1.322
210    -2.001
211    0.7410002
212    -1.209
213    -1.177
214    -1.224
215    -7.854
216    -7.738
217    -7.692
218    -7.64
219    -0.898
220    -1.257
221    -1.118
222    -7.776
223    -7.8
224    -7.635
225    -7.662
226    -7.789
227    -7.799
228    0.28200006
229    0.7540002
230    -0.35099995
231    -7.878
232    -7.888
233    -7.816
234    -7.819
235    -7.756
236    -7.795
237    -1.2019999
238    -0.8679999
239    -7.657
240    -7.783
241    -7.74
242    -7.709
243    -7.752
244    -7.732
245    -7.748
246    -7.8059998
247    -7.867
248    -2.873
249    -7.853
250    -7.764
251    -7.726
252    -2.829
253    -2.898
254    -2.871
255    -2.862
256    -2.886
257    -5.8389997
258    -5.853
259    -5.848
260    -5.814
261    -5.83
262    -10.704
263    -2.679
264    -11.676
265    -4.809
266    -10.064
267    -11.358
268    -9.611
269    -10.625999
270    -11.995
271    -9.894
272    -8.766
273    -10.054
274    -8.259
275    -8.8029995
276    -9.609
277    -8.556
278    -10.271
279    -11.181
280    -11.175
281    -11.049
282    -7.845
283    -8.641
284    -9.859
285    -10.162
286    -9.032
287    -9.772
288    -11.992
289    -8.808
290    -3.871
291    -10.348
292    -10.132
293    -8.709
294    -10.267
295    -10.015
296    -9.184999
297    -10.117
298    -10.217
299    -10.15
300    -7.727
301    -10.986
302    -9.133
303    -9.115
304    -8.411
305    -14.024
306    -10.024
307    -10.196
308    -46.625
309    -19.118
310    -3.85
311    -3.87
312    -8.169
313    -56.086998
314    -13.009
315    -9.163
316    -8.697
317    -55.192
318    -3.866
319    -44.826
320    -3.863
321    -52.1
322    -8.366
323    -10.563
324    -3.888
325    -3.897
326    -52.544
327    -3.888
328    -13.146
329    -3.884
330    -3.863
331    -3.88
332    -9.922
333    -25.562
334    -46.53
335    -9.295
336    -45.859
337    -44.815
338    -12.671
339    -53.597
340    -3.853
341    -10.992
342    -3.831
343    -10.554
344    -3.86
345    -3.8569999
346    -3.8569999
347    -11.133
348    -3.88
349    2.1060002
350    -3.888
351    -3.888
352    -63.864998
353    -0.28499997
354    -62.257
355    -62.775
356    -13.884
357    -10.769
358    -3.879
359    -11.27
360    -3.885
361    -3.864
362    -24.105
363    -51.903
364    -3.834
365    -3.859
366    -3.859
367    -9.083
368    -8.284
369    -7.299
370    -4.492
371    -7.091
372    -4.968
373    -5.762
374    -7.39
375    -8.217
376    -5.995
377    -7.18
378    -7.101
379    -9.057
380    -7.333
381    -8.176
382    -7.725
383    -7.0099998
384    -8.932
385    -3.888
386    -8.993
387    -8.677
388    -9.118
389    -9.698999
390    -8.8689995
391    -8.674
392    -5.265
393    -6.925
394    -9.91
395    -7.296
396    -10.268
397    -8.381
398    -8.995
399    -7.995
400    -8.919
401    -6.095
402    -10.175
403    -10.273
404    -6.27
405    -8.321
406    -6.908
407    -10.198
408    -6.757
409    -10.044
410    -9.12
411    -8.137
412    -8.3
413    -9.162
414    -4.557
415    -7.289
416    -8.071
417    -8.287
418    -8.136
419    -9.035
420    -9.382
421    -23.472
422    -23.895
423    -24.829
424    -21.807
425    -20.462
426    -22.083
427    -20.923
428    -20.874
429    -21.919
430    -40.771
431    -20.908
432    -40.364
433    -5.3719997
434    -20.809
435    -40.984
436    -41.033
437    -40.424
438    -5.351
439    -21.555
440    -20.816
441    -40.895
442    -38.408
443    -38.414
444    -38.407
445    -38.344
446    -38.405
447    -39.683
448    -39.636
449    -38.401
450    -39.496
451    -39.533
452    -39.488
453    -20.548
454    -38.451
455    -38.409
456    -38.391
457    -38.412
458    -38.386
459    -38.395
460    -38.362
461    -38.416
462    -39.457
463    -6.305
464    -6.2799997
465    -4.368
466    -4.318
467    -6.368
468    -4.415
469    -6.298
470    -6.342
471    -4.402
472    -4.442
473    -6.362
474    -6.378
475    -6.375
476    -6.343
477    -6.325
478    -6.274
479    -6.318
480    -6.322
481    -6.295
482    -38.402
483    -6.388
484    -6.357
485    -4.446
486    -6.393
487    -10.174
488    -8.312
489    -10.276
490    -10.203
491    -8.28
492    -8.309
493    -8.261
494    -8.272
495    -8.273
496    -8.39
497    -6.321
498    -8.291
499    -8.259
500    -8.242
501    -8.28
502    -10.213
503    -8.443
504    -4.356
505    -22.019
506    -22.065
507    -22.027
508    -6.3059998
509    -8.341
510    -8.183
511    -8.22
512    -10.25
513    -8.25
514    -8.331
515    -8.359
516    -8.35
517    -4.43
518    -4.355
519    -4.335
520    -4.454
521    -8.183
522    -8.148
523    -8.405
524    -8.182
525    -8.168
526    -8.203
527    -3.883
528    -5.873
529    -3.852
530    -10.159
531    -8.291
532    -8.249
533    -8.364
534    -8.145
535    -8.307
536    -8.319
537    -3.4429998
538    -39.594
539    -39.617
540    -39.692
541    -6.348
542    -39.608
543    -39.546
544    -39.586998
545    -6.562
546    -9.475
547    -6.289
548    -6.45
549    -6.478
550    -12.234
551    -12.065
552    -6.355
553    -6.309
554    -6.292
555    -6.428
556    -12.313
557    -10.387
558    -10.3619995
559    -11.054
560    -11.162
561    -11.058
562    -11.117
563    -11.069
564    -11.0
565    -13.38
566    -13.522
567    -10.526
568    -14.405
569    -14.511
570    -15.415
571    -15.495
572    -13.536
573    -15.476
574    -14.523
575    -14.508
576    -11.137
577    -12.068
578    -12.418
579    -17.379
580    -8.375
581    -10.305
582    -8.328
583    -9.302
584    -9.304
585    -14.537
586    -14.506
587    -13.507
588    -13.394
589    -11.507
590    -15.473
591    -13.526
592    -12.507
593    -14.418
594    -14.512
595    -17.318
596    -15.397
597    -17.392
598    -17.368
599    -17.364
600    -17.4
601    -13.484
602    -14.423
603    -13.411
604    -13.412
605    -14.368
606    -14.42
607    -14.435
608    -14.411
609    -9.605
610    -12.421
611    -14.415
612    -7.2869997
613    -16.373
614    -9.292
615    -12.418
616    -14.396
617    -13.414
618    -14.403
619    -16.382
620    -14.404
621    -14.38
622    -14.453
623    -10.341
624    -13.445
625    -9.327
626    -16.447
627    -14.468
628    -15.379
629    -13.5
630    -12.537
631    -15.3619995
632    -14.501
633    -15.388
634    -3.493
635    -13.446
636    -15.467
637    -14.414
638    -4.002
639    -12.277
640    -15.433
641    -15.421
642    -14.377
643    -4.194
644    -2.3209999
645    -15.492
646    -11.525
647    -13.441
648    -42.322
649    -13.384
650    -2.652
651    -7.121
652    -9.118
653    -9.066
654    -7.826
655    -9.169
656    -8.085
657    -9.907
658    -9.031
659    -3.3179998
660    -4.255
661    -9.348
662    -9.361
663    -9.385
664    -10.174
665    -9.092
666    -9.16
667    -8.111
668    -11.014
669    -8.113
670    -8.117
671    -4.002
672    -7.171
673    -9.161
674    -9.122
675    -9.154
676    -10.245
677    -10.124
678    -7.993
679    -7.118
680    -15.546
681    -9.081
682    -9.217
683    -9.257
684    -8.325
685    -13.457
686    -9.946
687    -15.515
688    -4.14
689    -15.523
690    -9.34
691    -15.468
692    -9.151
693    -15.534
694    -14.504
695    -14.431
696    -15.477
697    -7.88
698    -15.519
699    -15.491
700    -15.592
701    -15.483
702    -15.432
703    -8.856
704    -13.489
705    -16.49
706    -7.865
707    -14.556
708    -9.166
709    -8.997
710    -14.465
711    -8.884
712    -9.989
713    -10.282
714    -10.368
715    -15.522
716    -10.286
717    -9.895
718    -8.996
719    -15.514
720    -9.455
721    -8.141
722    -9.041
723    -9.345
724    -7.867
725    -9.051
726    -15.462
727    -10.252
728    -14.478
729    -15.517
730    -15.517
731    -14.497
732    -14.523
733    -15.478
734    -16.533
735    -10.431
736    -16.516
737    -15.472
738    -12.483
739    -14.475
740    -19.494
741    -18.559
742    -13.267
743    -19.442
744    -16.475
745    -18.426
746    -17.408
747    -17.413
748    -19.434
749    -11.488
750    -17.402
751    -11.775
752    -15.562
753    -17.535
754    -13.46
755    -7.529
756    -12.471
757    -14.561
758    -11.485
759    -12.43
760    -11.503
761    -8.57
762    -18.485
763    -8.586
764    -7.559
765    -17.53
766    -15.473
767    -7.669
768    -7.68
769    -14.457
770    -9.623
771    -7.597
772    -15.541
773    -7.633
774    -8.668
775    -7.647
776    -10.533
777    -11.392
778    -14.392
779    -7.634
780    -7.588
781    -8.6119995
782    -10.621
783    -16.431
784    -8.615
785    -9.592
786    -7.693
787    -8.587
788    -15.415
789    -15.418
790    -11.381
791    -8.675
792    -7.66
793    -6.576
794    -17.421
795    -14.503
796    -14.449
797    -15.479
798    -16.457
799    -17.571
800    -12.42
801    -6.466
802    -14.382
803    -11.384
804    -13.496
805    -12.39
806    -9.578
807    -8.549
808    -8.555
809    -16.422
810    -15.489
811    -8.64
812    -16.473
813    -1.929
814    -15.418
815    -11.378
816    -6.364
817    -5.496
818    -13.509
819    -14.524
820    -14.418
821    -12.336
822    -6.947
823    -14.561
824    -16.496
825    -12.424
826    -16.383
827    -17.449
828    -12.425
829    -19.574
830    -10.477
831    -13.429
832    -18.585
833    -14.508
834    -13.492
835    -12.473
836    -11.412
837    -17.475
838    -11.455
839    -15.533
840    -12.464
841    -8.567
842    -7.356
843    -14.425
844    -11.409
845    -12.333
846    -13.523
847    -11.386
848    -11.396
849    -15.567
850    -18.528
851    -19.56
852    -15.453
853    -6.612
854    -13.431
855    -9.587
856    -16.489
857    -12.461
858    -16.506
859    -9.601
860    -7.012
861    -11.43
862    -15.438
863    -7.642
864    -14.465
865    -10.469
866    -15.398
867    -11.463
868    -17.501
869    -12.455
870    -8.571
871    -11.449
872    -14.474
873    -12.414
874    -16.526
875    -14.431
876    -13.535
877    -10.595
878    -15.527
879    -10.451
880    -15.554
881    -16.532
882    -12.439
883    -12.536
884    -8.667
885    -12.394
886    -8.634
887    -7.591
888    -12.485
889    -7.647
890    -11.464
891    -18.416
892    -11.468
893    -17.484
894    -7.634
895    -16.516
896    -16.473999
897    -13.426
898    -6.4259996
899    -7.583
900    -12.42
901    -12.491
902    -14.478
903    -10.493
904    -11.359
905    -11.384
906    -15.403
907    -11.459
908    -11.465
909    -15.626
910    -24.502
911    -13.4939995
912    -7.66
913    -7.461
914    -17.432
915    -11.496
916    -9.757
917    -7.255
918    -18.432
919    -13.478
920    -13.483
921    -17.41
922    -11.48
923    -18.429
924    -10.394
925    -7.194
926    -15.431
927    -19.47
928    -7.65
929    -16.517
930    -12.473
931    -13.347
932    -10.658
933    -8.66
934    -12.892
935    -10.622
936    -18.42
937    -15.435
938    -10.8689995
939    -16.304
940    -17.45
941    -13.956
942    -13.029
943    -10.133
944    -13.307
945    -13.169
946    -13.176
947    -12.971
948    -13.121
949    -13.291
950    -10.219
951    -14.688
952    -11.978
953    -13.312
954    -11.114
955    -15.465
956    -12.3689995
957    -13.294
958    -12.264
959    -14.421
960    -10.071
961    -12.434
962    -13.993
963    -12.134
964    -13.301
965    -14.192
966    -13.051
967    -10.571
968    -12.016
969    -9.952
970    -17.44
971    -12.402
972    -11.479
973    -16.375
974    -16.212
975    -12.398
976    -11.416
977    -18.142
978    -16.171
979    -19.132
980    -11.046
981    -10.992
982    -11.481
983    -9.5
984    -13.504
985    -16.093
986    -9.385
987    -13.351
988    -12.985
989    -14.077
990    -10.882999
991    -16.111
992    -11.924
993    -13.53
994    -20.145
995    -16.172
996    -19.151
997    -13.225
998    -11.251
999    -15.446
1000    -6.345
1001    -13.486
1002    -16.112
1003    -9.36
1004    -12.91
1005    -12.181
1006    -13.155
1007    -7.22
1008    -9.234
1009    -22.235
1010    -1.916
1011    -14.732
1012    -16.149
1013    -19.372
1014    -19.299
1015    -19.329
1016    -18.359
1017    -10.385
1018    -19.362
1019    -18.342
1020    -20.319
1021    -19.291
1022    -21.341
1023    -22.371
1024    -18.272
1025    -24.327
1026    -19.348999
1027    -17.342
1028    -18.335
1029    -17.28
1030    -19.249
1031    -19.312
1032    -19.264
1033    -11.367
1034    -19.283
1035    -22.367
1036    -12.456
1037    -18.266
1038    -13.451
1039    -19.264
1040    -11.484
1041    -12.45
1042    -12.471
1043    -14.448
1044    -14.454
1045    -13.3
1046    -13.496
1047    -12.476
1048    -11.465
1049    -1.923
1050    -18.26
1051    -12.496
1052    -13.429
1053    -18.336
1054    -20.307
1055    -17.322
1056    -8.268
1057    -19.305
1058    -7.266
1059    -8.184
1060    -19.276
1061    -19.296
1062    -13.447
1063    -8.22
1064    -8.276
1065    -7.274
1066    -19.212
1067    -17.29
1068    -19.334
1069    -18.308
1070    -23.319
1071    -19.346
1072    -18.321
1073    -22.273
1074    -23.3
1075    -19.308
1076    -20.305
1077    -19.319
1078    -18.329
1079    -18.311
1080    -20.365
1081    -19.395
1082    -19.274
1083    -18.309
1084    -19.404
1085    -18.287
1086    -19.265
1087    -20.337
1088    -21.36
1089    -16.366
1090    -21.393
1091    -17.295
1092    -16.342
1093    -18.285
1094    -19.343
1095    -19.398
1096    -17.383
1097    -21.359
1098    -19.307
1099    -17.314
1100    -20.366
1101    -20.363
1102    -18.355999
1103    -18.319
1104    -20.228
1105    -19.315
1106    -20.352
1107    -18.35
1108    -17.353
1109    -17.335
1110    -18.288
1111    -17.313
1112    -18.329
1113    -18.339
1114    -18.292
1115    -21.347
1116    -18.357
1117    -17.275
1118    -18.306
1119    -18.307
1120    -16.329
1121    -17.346
1122    -18.332
1123    -17.329
1124    -17.3
1125    -17.344
1126    -18.308
1127    -19.336
1128    -22.29
1129    -18.305
1130    -17.369
1131    -22.366
1132    -18.389
1133    -18.327
1134    -17.38
1135    -18.321
1136    -21.373
1137    -18.352
1138    -16.353
1139    -22.323
1140    -19.391
1141    -16.372
1142    -16.335
1143    -16.321
1144    -23.378
1145    -18.335
1146    -18.303
1147    -21.378
1148    -19.358
1149    -17.371
1150    -17.32
1151    -18.355999
1152    -18.318
1153    -18.324
1154    -22.364
1155    -17.419
1156    -17.288
1157    -17.338
1158    -1.923
1159    -1.927
1160    -1.932
1161    -20.299
1162    -18.358
1163    -17.36
1164    -19.365
1165    -17.372
1166    -17.346
1167    -16.292
1168    -16.331
1169    -18.275
1170    -19.294
1171    -17.348
1172    -18.351
1173    -16.359
1174    -19.313
1175    -18.346
1176    -17.23
1177    -18.366
1178    -18.306
1179    -16.285
1180    -16.308
1181    -17.337
1182    -17.318
1183    -18.35
1184    -16.377
1185    -17.387
1186    -18.31
1187    -18.398
1188    -21.358
1189    -21.314
1190    -18.289
1191    -18.399
1192    -18.35
1193    -18.343
1194    -17.348
1195    -16.37
1196    -17.333
1197    -16.399
1198    -17.34
1199    -16.409
1200    -18.417
1201    -17.357
1202    -17.398
1203    -17.465
1204    -18.404
1205    -18.273
1206    -17.458
1207    -18.258
1208    -16.445
1209    -15.429
1210    -21.392
1211    -16.414
1212    -17.465
1213    -15.391
1214    -16.415
1215    -17.480999
1216    -16.419
1217    -16.414
1218    -16.361
1219    -16.409
1220    -17.449
1221    -18.35
1222    -15.3619995
1223    -15.349
1224    -16.438
1225    -14.386
1226    -16.392
1227    -15.482
1228    -8.557
1229    -10.413
1230    -12.508
1231    -8.556
1232    -8.541
1233    -8.541
1234    -10.604
1235    -7.4709997
1236    -6.591
1237    -12.618
1238    -8.572
1239    -11.41
1240    -12.5529995
1241    -14.465
1242    -10.514
1243    -7.508
1244    -13.504
1245    -12.451
1246    -10.477
1247    -10.423
1248    -12.503
1249    -7.604
1250    -10.513
1251    -8.633
1252    -9.601
1253    -10.585
1254    -10.563
1255    -10.538
1256    -8.533
1257    -7.541
1258    -9.452
1259    -8.561
1260    -10.552
1261    -15.531
1262    -8.532
1263    -7.544
1264    -11.49
1265    -9.595
1266    -10.518
1267    -8.53
1268    -10.497
1269    -10.429
1270    -14.462
1271    -10.526
1272    -11.474
1273    -14.514
1274    -9.559
1275    -7.565
1276    -7.572
1277    -10.448
1278    -9.557
1279    -10.568
1280    -9.535
1281    -10.56
1282    -8.513
1283    -11.559
1284    -9.566
1285    -10.511
1286    -10.957
1287    -12.02
1288    -7.569
1289    -19.058
1290    -11.582
1291    -7.579
1292    -9.55
1293    -8.57
1294    -7.552
1295    -9.544
1296    -21.135
1297    -9.452
1298    -8.594
1299    -7.597
1300    -21.114
1301    -12.006
1302    -12.004
1303    -12.984
1304    -12.959
1305    -12.925
1306    -12.578
1307    -11.554
1308    -7.5559998
1309    -14.913
1310    -12.997
1311    -10.995
1312    -11.394
1313    -11.465
1314    -11.959
1315    -16.381
1316    -11.451
1317    -20.149
1318    -9.543
1319    -13.036
1320    -16.056
1321    -13.0529995
1322    -13.0529995
1323    -20.067
1324    -12.961
1325    -12.895
1326    -15.01
1327    -11.931
1328    -8.515
1329    -12.016
1330    -10.537
1331    -11.536
1332    -21.113
1333    -11.961
1334    -21.098
1335    -7.536
1336    -7.555
1337    -12.425
1338    -7.567
1339    -17.355
1340    -13.01
1341    -10.891
1342    -12.937
1343    -16.045
1344    -12.949
1345    -20.024
1346    -11.457
1347    -11.549
1348    -12.501
1349    -7.538
1350    -12.298
1351    -7.515
1352    -12.981
1353    -8.544
1354    -7.536
1355    -17.041
1356    -16.935
1357    -14.885
1358    -7.49
1359    -12.921
1360    -14.353
1361    -8.5529995
1362    -11.5789995
1363    -13.063
1364    -10.554
1365    -7.54
1366    -10.563
1367    -15.951
1368    -12.962
1369    -8.565
1370    -12.366
1371    -13.005
1372    -11.04
1373    -11.101
1374    -12.037
1375    -12.961
1376    -10.949
1377    -10.597
1378    -10.622
1379    -10.5529995
1380    -12.594
1381    -11.072
1382    -13.021
1383    -11.938
1384    -12.269
1385    -12.355
1386    -13.999
1387    -12.545
1388    -16.11
1389    -13.384
1390    -9.555
1391    -15.733
1392    -13.168
1393    -12.226
1394    -12.006
1395    -11.077
1396    -10.479
1397    -10.952
1398    -10.555
1399    -12.99
1400    -11.568
1401    -14.262
1402    -13.187
1403    -13.524
1404    -13.056
1405    -15.829
1406    -13.226
1407    -12.784
1408    -11.976
1409    -16.276
1410    -10.564
1411    -13.08
1412    -12.982
1413    -13.011
1414    -14.187
1415    -13.276
1416    -15.98
1417    -14.012
1418    -12.952
1419    -13.311
1420    -12.891
1421    -13.357
1422    -9.918
1423    -13.287
1424    -15.884
1425    -16.238
1426    -11.929
1427    -11.788
1428    -16.17
1429    -10.576
1430    -12.824
1431    -10.546
1432    -10.4939995
1433    -10.563
1434    -13.041
1435    -10.544
1436    -9.56
1437    -10.571
1438    -10.517
1439    -15.02
1440    -14.621
1441    -9.582
1442    -12.559
1443    -12.577
1444    -11.502
1445    -10.572
1446    -9.509
1447    -10.037
1448    -12.587
1449    -11.44
1450    -10.547
1451    -9.513
1452    -8.476
1453    -8.614
1454    -8.54
1455    -8.558
1456    -8.594
1457    -9.584
1458    -9.5
1459    -9.488
1460    -8.551
1461    -9.516
1462    -8.982
1463    -9.4869995
1464    -8.573
1465    -9.5529995
1466    -8.55
1467    -9.548
1468    -8.581
1469    -8.632
1470    -9.498
1471    -9.536
1472    -13.4279995
1473    -8.548
1474    -8.569
1475    -10.009
1476    -8.605
1477    -12.398
1478    -8.505
1479    -8.519
1480    -8.523
1481    -9.501
1482    -8.559
1483    -12.581
1484    -12.551
1485    -9.429
1486    -8.584
1487    -9.535
1488    -12.38
1489    -12.381
1490    -12.399
1491    -6.572
1492    -6.603
1493    -12.433
1494    -12.359
1495    -9.436
1496    -8.073
1497    20.454
1498    -8.341
1499    -8.335
1500    -8.34
1501    -6.6
1502    -8.252
1503    -8.188
1504    -8.258
1505    -11.285
1506    -9.155
1507    -1.923
1508    -1.905
1509    -1.934
1510    -6.159
1511    -8.291
1512    -8.101
1513    -9.215
1514    -8.233
1515    -5.396
1516    -9.388
1517    -8.032
1518    -8.921
1519    -8.306
1520    -9.312
1521    -9.354
1522    -9.167
1523    -11.396
1524    -8.961
1525    -6.585
1526    -9.317
1527    -6.592
1528    -10.909
1529    -9.059
1530    -5.628
1531    -12.072
1532    -11.259
1533    -11.146
1534    -11.285
1535    -11.386
1536    -11.305
1537    -16.912
1538    -11.029
1539    -16.999
1540    -13.7369995
1541    -10.978
1542    -11.089
1543    -11.01
1544    -10.909
1545    -17.14
1546    -11.033
1547    -12.181
1548    -10.902
1549    -16.075
1550    -11.471
1551    -11.864
1552    -10.913
1553    -10.963
1554    -13.008
1555    -12.277
1556    -17.089
1557    -10.848
1558    -16.883
1559    -9.741
1560    -9.403
1561    -10.932
1562    -16.323
1563    -10.224
1564    -9.302
1565    -12.3619995
1566    -12.423
1567    -11.825
1568    -12.411
1569    -10.322
1570    -12.425
1571    -10.163
1572    -12.468
1573    -12.04
1574    -12.28
1575    -10.258
1576    -12.378
1577    -12.331
1578    -11.191
1579    -11.196
1580    -11.03
1581    -10.326
1582    -8.223
1583    -8.281
1584    -8.272
1585    -9.338
1586    -16.504
1587    -8.441
1588    -8.333
1589    -14.367
1590    -13.485
1591    -12.53
1592    -10.335
1593    -7.422
1594    -12.423
1595    -7.8719997
1596    -12.445
1597    -8.384
1598    -8.356
1599    -8.005
1600    -13.468
1601    -8.438
1602    -10.179
1603    -8.481
1604    -12.493
1605    -8.191
1606    -8.281
1607    -6.299
1608    -9.499
1609    -10.3029995
1610    -8.259
1611    -11.194
1612    -12.395
1613    -11.291
1614    -9.497
1615    -11.34
1616    -7.4969997
1617    -7.579
1618    -10.84
1619    -11.393
1620    -7.522
1621    -8.425
1622    -12.168
1623    -7.509
1624    -14.261
1625    -9.348
1626    -10.465
1627    -11.482
1628    -11.518
1629    -7.499
1630    -12.275
1631    -11.52
1632    -13.434
1633    -11.377
1634    -7.518
1635    -9.439
1636    -8.477
1637    -9.453
1638    -9.454
1639    -9.482
1640    -7.513
1641    -13.476
1642    -11.414
1643    -7.496
1644    -9.279
1645    -11.423
1646    -11.418
1647    -9.474
1648    -9.477
1649    -10.436
1650    -11.003
1651    -11.347
1652    -11.169
1653    -11.386
1654    -11.422
1655    -8.953
1656    -11.416
1657    -10.21
1658    -11.396
1659    -11.435
1660    -11.367
1661    -10.4279995
1662    -11.135
1663    -11.377
1664    -10.212
1665    -11.402
1666    -9.616
1667    -10.152
1668    -12.225
1669    -11.437
1670    -11.409
1671    -10.106
1672    -9.307
1673    -10.295
1674    -10.107
1675    -10.283
1676    -10.309
1677    -10.164
1678    -8.387
1679    -10.82
1680    -10.965
1681    -9.115
1682    -11.066
1683    -10.8619995
1684    -9.16
1685    -10.232
1686    -9.93
1687    -9.309
1688    -11.092
1689    -10.124
1690    -9.779
1691    -12.175
1692    -11.846
1693    -12.18
1694    -12.281
1695    -8.983
1696    -10.336
1697    -7.075
1698    -12.53
1699    -10.326
1700    -10.414
1701    -12.352
1702    -9.182
1703    -10.312
1704    -10.42
1705    -10.546
1706    -7.7539997
1707    -10.337
1708    -10.414
1709    -9.333
1710    -10.18
1711    -10.273
1712    -9.3689995
1713    -9.171
1714    -10.485
1715    -10.095
1716    -10.332
1717    -11.166
1718    -10.081
1719    -11.056
1720    -10.008
1721    -11.174
1722    -11.309999
1723    -10.947
1724    -12.192
1725    -1.894
1726    -12.256
1727    -9.887
1728    -10.587999
1729    -14.07
1730    -9.336
1731    -1.885
1732    -1.87
1733    -10.365
1734    -1.869
1735    -1.882
1736    -1.888
1737    -1.886
1738    -1.886
1739    -10.385
1740    1.343
1741    -11.19
1742    -10.539
1743    -10.543
1744    -12.505
1745    -14.297
1746    -13.042
1747    -14.326
1748    -12.114
1749    -14.284
1750    -13.195
1751    -12.8619995
1752    -14.256
1753    -14.031
1754    -14.376
1755    -5.26
1756    -13.986
1757    -13.174
1758    -10.933
1759    -12.395
1760    0.35300002
1761    -11.475
1762    -13.504
1763    -1.909
1764    -1.913
1765    -1.902
1766    -1.913
1767    -7.231
1768    -7.401
1769    -6.826
1770    -6.516
1771    -7.538
1772    -18.122
1773    -7.662
1774    -8.211
1775    -6.335
1776    -13.075
1777    -12.127
1778    -13.161
1779    -12.081
1780    -12.104
1781    -12.307
1782    -8.253
1783    -10.136
1784    -11.108
1785    -3.128
1786    -16.611
1787    -10.063
1788    -6.999
1789    -13.044
1790    -12.195
1791    -11.175
1792    -7.57
1793    -16.739
1794    -6.4379997
1795    -7.23
1796    -11.358
1797    -17.732
1798    -14.094
1799    -12.291
1800    -7.24
1801    -12.169
1802    -13.035
1803    -6.816
1804    -6.4309998
1805    -6.972
1806    -5.482
1807    -14.969
1808    -1.869
1809    -11.897
1810    -1.89
1811    -7.356
1812    -1.879
1813    -10.955
1814    -1.878
1815    -7.072
1816    -1.909
1817    -17.545
1818    -15.82
1819    -11.299
1820    -14.581
1821    -17.413
1822    -13.808
1823    -11.258
1824    -15.327
1825    -14.408
1826    -18.487999
1827    -14.063
1828    -18.696
1829    -14.979
1830    -12.284
1831    -1.9
1832    -16.021
1833    -15.785
1834    -1.883
1835    -13.281
1836    -18.503
1837    -13.982
1838    -12.261
1839    -13.887
1840    -16.515
1841    -15.741
1842    -13.891
1843    -21.135
1844    -19.105
1845    -14.841
1846    -19.117
1847    -20.02
1848    -12.261
1849    -15.792
1850    -15.712
1851    -13.301
1852    -19.074
1853    -14.832
1854    -19.036
1855    -19.03
1856    -19.266
1857    -13.843
1858    -14.875999
1859    -15.795
1860    -15.809999
1861    -15.739
1862    -4.617
1863    -4.641
1864    -5.625
1865    -16.857
1866    -5.777
1867    -22.024
1868    -16.78
1869    -15.752
1870    -15.636
1871    -22.004
1872    -22.017
1873    -16.92
1874    -15.632999
1875    -17.612999
1876    -15.013
1877    -1.0179999
1878    -15.093
1879    -1.9
1880    -4.617
1881    -18.369
1882    -19.504
1883    -18.566
1884    -14.575
1885    -14.975
1886    -12.175
1887    -11.564
1888    -11.679
1889    -11.1779995
1890    -12.067
1891    -20.071
1892    -61.281
1893    -20.023
1894    -15.832
1895    -18.252
1896    -11.966
1897    -12.161
1898    -11.222
1899    -10.399
1900    -12.013
1901    -11.293
1902    -12.232
1903    -4.416
1904    -12.641
1905    -3.652
1906    -12.856
1907    -2.558
1908    -2.417
1909    -13.754
1910    -13.811
1911    -13.749
1912    -14.86
1913    -15.7439995
1914    -14.761
1915    -4.66
1916    -10.057
1917    -15.044
1918    -12.2439995
1919    -15.843
1920    -12.225
1921    -13.761
1922    -11.65
1923    -4.48
1924    -4.628
1925    -3.959
1926    -17.695
1927    -3.731
1928    -1.8889999
1929    -1.91
1930    -1.913
1931    -13.857
1932    -11.447
1933    -10.283
1934    -1.115
1935    -9.777
1936    -9.756
1937    -10.272
1938    -12.866
1939    -9.096
1940    -8.326
1941    -18.262
1942    -13.154
1943    -4.198
1944    -15.861
1945    -6.76
1946    -11.556
1947    -4.593
1948    -2.401
1949    -10.972
1950    -13.811
1951    -19.753
1952    -21.936
1953    -18.929
1954    -17.636
1955    -17.908
1956    -2.678
1957    -11.168
1958    -18.393
1959    -21.855999
1960    -19.806
1961    -3.418
1962    -18.267
1963    -19.976
1964    -19.688
1965    -20.723
1966    -23.34
1967    -10.197
1968    -21.737999
1969    -19.917
1970    -21.693
1971    -11.378
1972    -11.306
1973    -17.821
1974    -16.792
1975    -11.138
1976    -14.667
1977    -21.834
1978    -17.994
1979    -13.84
1980    -18.956
1981    -16.799
1982    -11.091
1983    -17.944
1984    -4.329
1985    -17.483
1986    -18.329
1987    -6.3459997
1988    -18.721
1989    -11.234
1990    -16.958
1991    -19.866
1992    -11.385
1993    -7.216
1994    -18.983
1995    -11.296
1996    -20.819
1997    -7.315
1998    -18.026
1999    -12.596
2000    -20.687
2001    -18.929
2002    -17.844
2003    -5.381
2004    -11.226
2005    -18.57
2006    -10.286
2007    -6.4779997
2008    -22.034
2009    -4.65
2010    -19.042
2011    -20.719
2012    -21.622
2013    -6.257
2014    -23.794
2015    -21.029
2016    -5.523
2017    -21.293
2018    -14.834
2019    -14.834
2020    -5.242
2021    -17.855
2022    -21.075
2023    -14.535
2024    -5.121
2025    -12.255
2026    -14.936
2027    -18.875
2028    -19.654
2029    -18.684
2030    -21.309
2031    -22.672
2032    -6.141
2033    -17.651
2034    -21.776
2035    -4.609
2036    -21.824
2037    -5.97
2038    -23.597
2039    -23.597
2040    -4.536
2041    -5.811
2042    -6.244
2043    -5.503
2044    -4.314
2045    -10.013
2046    -17.804
2047    -11.8
2048    -12.052
2049    -18.268
2050    -6.142
2051    -17.163
2052    -15.867
2053    -11.32
2054    -12.121
2055    -21.459
2056    -12.12
2057    -12.245
2058    -11.304
2059    -20.844
2060    -11.998
2061    -11.018
2062    -6.834
2063    -22.793
2064    -11.125
2065    -23.895
2066    -12.338
2067    -12.167
2068    -11.228
2069    -11.617
2070    -12.049
2071    -13.181
2072    -9.996
2073    -11.558
2074    -17.316
2075    -6.6940002
2076    -6.079
2077    -6.416
2078    -7.252
2079    -12.078
2080    -12.191
2081    -22.746
2082    -11.934999
2083    -14.123
2084    -8.151
2085    -8.342999
2086    -5.98
2087    -21.116
2088    -11.28
2089    -17.025
2090    -11.272
2091    -18.346
2092    -11.328
2093    -10.326
2094    -5.922
2095    -11.354
2096    -4.271
2097    -12.1779995
2098    -12.161
2099    -11.154
2100    -6.843
2101    -10.004
2102    -6.229
2103    -12.348
2104    -10.252
2105    -21.29
2106    -11.871
2107    -11.13
2108    -21.783
2109    -12.08
2110    -11.975
2111    -10.221
2112    -9.906
2113    -11.2369995
2114    -12.856
2115    -17.617
2116    -16.867
2117    -17.304
2118    -16.384
2119    -6.099
2120    -7.266
2121    -14.271
2122    -15.926
2123    -7.151
2124    -12.358
2125    -12.154
2126    -14.07
2127    -14.011
2128    -13.813
2129    -13.301
2130    -13.997
2131    -14.073
2132    -13.043
2133    -17.917
2134    -13.984
2135    -15.595
2136    -13.842
2137    -13.788
2138    -14.126
2139    -12.792
2140    -13.277
2141    -5.828
2142    -16.957
2143    -13.287
2144    -13.269
2145    -7.15
2146    -14.033
2147    -18.115
2148    -16.952
2149    -15.056
2150    -10.775
2151    -13.047
2152    -18.264
2153    -12.28
2154    -14.916
2155    -18.229
2156    -14.051
2157    -16.002
2158    -12.209
2159    -13.877
2160    -19.739
2161    -12.287
2162    -11.2439995
2163    -17.221
2164    -17.749
2165    -16.034
2166    -15.704
2167    -15.335
2168    -13.171
2169    -16.709
2170    -11.201
2171    -14.075
2172    -13.683
2173    -17.067
2174    -11.187
2175    -5.0699997
2176    -1.596
2177    -1.532
2178    -13.668
2179    -11.406
2180    -11.45
2181    -7.388
2182    -6.283
2183    -0.959
2184    -11.452
2185    -0.8069999
2186    -7.3269997
2187    -10.654
2188    -1.3149999
2189    -11.4
2190    -9.771999
2191    -21.239
2192    -17.531
2193    -14.025
2194    -19.263
2195    -12.771
2196    -13.797
2197    -13.578
2198    -17.046
2199    -12.932
2200    -15.956
2201    -12.82
2202    -13.959
2203    -14.924
2204    -13.879
2205    -13.926
2206    -16.982
2207    -13.793
2208    -14.35
2209    -13.735
2210    -14.033
2211    -12.924
2212    -15.842
2213    -14.358
2214    -17.062
2215    -13.945
2216    -17.867
2217    -17.289
2218    -15.684999
2219    -15.014
2220    -18.965
2221    -17.95
2222    -18.956
2223    -18.987
2224    -23.485
2225    -5.957
2226    -23.54
2227    -12.253
2228    -11.315
2229    -20.71
2230    -21.027
2231    -21.726
2232    -18.598
2233    -6.858
2234    -20.836
2235    -11.963
2236    -18.023
2237    -23.593
2238    -6.805
2239    -6.029
2240    -17.425
2241    -24.741
2242    -11.261
2243    -19.911
2244    -17.053
2245    -18.947
2246    -11.95
2247    -19.744
2248    -8.069
2249    -6.729
2250    -17.926
2251    -18.49
2252    -7.567
2253    -1.104
2254    -1.138
2255    -17.698
2256    -7.785
2257    -14.625999
2258    -0.19899994
2259    -0.31199998
2260    -2.05
2261    -1.147
2262    -5.446
2263    -14.133
2264    -5.518
2265    -5.501
2266    -0.059999943
2267    -14.739
2268    -15.906
2269    -16.636
2270    -15.534
2271    -15.898
2272    -7.579
2273    -7.775
2274    -5.465
2275    -5.527
2276    -7.1619997
2277    -22.48
2278    -12.027
2279    -13.051
2280    -12.556
2281    -21.662
2282    -12.01
2283    -11.344
2284    -13.946
2285    -9.93
2286    -21.391
2287    -4.602
2288    -9.374
2289    -13.787
2290    -11.983
2291    -10.845
2292    -12.366
2293    -12.23
2294    -11.252
2295    -11.32
2296    -21.642
2297    -21.631
2298    -11.266
2299    -12.932
2300    -20.519
2301    -13.092
2302    -10.08
2303    -12.286
2304    -21.607
2305    -12.985
2306    -12.134
2307    -13.123
2308    -6.241
2309    -12.3
2310    -8.21
2311    -12.894
2312    -8.241
2313    -14.329
2314    -10.895
2315    -16.318
2316    -12.951
2317    -12.256
2318    -13.92
2319    -8.229
2320    -12.342
2321    -13.056
2322    -12.893
2323    -13.105
2324    -12.898
2325    -12.842
2326    -6.232
2327    -8.259
2328    -19.603
2329    -18.659
2330    -9.261
2331    -16.031
2332    -9.232
2333    -13.917
2334    -13.201
2335    -17.758
2336    -6.899
2337    -18.061
2338    -7.002
2339    -12.388
2340    -12.805
2341    -7.02
2342    -13.142
2343    -9.174
2344    -11.964
2345    -13.153
2346    -8.339
2347    -18.861
2348    -18.957
2349    -21.688
2350    -10.232
2351    -6.023
2352    -18.213
2353    -5.975
2354    -8.156
2355    -13.136
2356    -18.198
2357    -18.625
2358    -17.004
2359    -11.957
2360    -12.054
2361    -15.461
2362    -18.241
2363    -11.998
2364    -9.97
2365    -22.567
2366    -14.01
2367    -13.231
2368    -23.108
2369    -13.308
2370    -18.76
2371    -27.9
2372    -29.322
2373    -28.682
2374    -12.216
2375    -13.975
2376    -27.852
2377    -13.265
2378    -14.09
2379    -13.183
2380    -12.162
2381    -12.205
2382    -13.15
2383    -11.157
2384    -14.173
2385    -27.645
2386    -17.255
2387    -27.480999
2388    -9.824
2389    -11.203
2390    -11.245
2391    -15.934
2392    -12.871
2393    -12.139
2394    -17.413
2395    -18.413
2396    -18.34
2397    -12.903
2398    -10.14
2399    -13.2039995
2400    -12.003
2401    -12.948
2402    -16.011
2403    -11.957
2404    -10.83
2405    -13.009
2406    -13.26
2407    -12.219
2408    -12.23
2409    -11.84
2410    -12.226
2411    -12.018
2412    -16.616
2413    -12.959
2414    -12.354
2415    -11.438
2416    -12.138
2417    -9.934999
2418    -18.247
2419    -13.179
2420    -13.156
2421    -18.514
2422    -13.197
2423    -14.238
2424    -12.396
2425    -14.304
2426    -12.212
2427    -18.966
2428    -13.924
2429    -17.402
2430    -18.167
2431    -18.161
2432    -12.733
2433    -17.461
2434    -17.698
2435    -17.206
2436    -18.178
2437    -16.633999
2438    -13.085
2439    -18.48
2440    -17.063
2441    -18.175
2442    -18.507
2443    -18.144
2444    -12.32
2445    -14.104
2446    -13.722
2447    -12.576
2448    -24.793
2449    -12.731
2450    -18.987
2451    -12.414
2452    -12.815
2453    -13.128
2454    -13.143
2455    -13.189
2456    -13.012
2457    -13.216
2458    -12.2369995
2459    -12.829
2460    -12.986
2461    -9.858
2462    -17.331
2463    -12.818
2464    -14.181
2465    -22.972
2466    -13.051
2467    -12.834
2468    -18.541
2469    -12.133
2470    -12.723
2471    -22.075
2472    -12.127
2473    -17.722
2474    -18.148
2475    -12.995
2476    -18.276
2477    -13.075
2478    -12.441
2479    -13.1779995
2480    -17.534
2481    -13.082
2482    -11.884
2483    -19.428
2484    -17.611
2485    -12.15
2486    -12.558
2487    -19.277
2488    -12.693
2489    -18.038
2490    -9.296
2491    -13.071
2492    -22.986
2493    -5.345
2494    -6.212
2495    -13.135
2496    -11.215
2497    -13.084
2498    -12.894
2499    -6.019
2500    -12.908
2501    -11.933
2502    -10.243
2503    -6.015
2504    -9.841
2505    -11.607
2506    -17.506
2507    -6.312
2508    -11.705
2509    -4.4259996
2510    -17.979
2511    -11.895
2512    -18.48
2513    -17.63
2514    -18.55
2515    -12.87
2516    -14.417
2517    -12.665
2518    -17.144
2519    -11.878
2520    -12.72
2521    -12.042
2522    -17.693
2523    -11.488
2524    -13.752
2525    -16.91
2526    -18.19
2527    -16.466
2528    -12.564
2529    -12.344999
2530    -5.963
2531    -11.194
2532    -8.175
2533    -11.232
2534    -12.505
2535    -12.357
2536    -17.721
2537    -12.825
2538    -12.429
2539    -11.443
2540    -11.769
2541    -17.888
2542    -7.282
2543    -23.805
2544    -12.491
2545    -7.2869997
2546    -18.041
2547    -12.004
2548    -18.992
2549    -7.408
2550    -13.963
2551    -12.478
2552    -12.771999
2553    -13.622
2554    -13.956
2555    -13.201
2556    -12.128
2557    -10.22
2558    -12.2439995
2559    -14.27
2560    -13.336
2561    -14.1189995
2562    -14.181
2563    -13.18
2564    -11.159
2565    -9.1119995
2566    -11.61
2567    -14.137
2568    -10.192
2569    -15.288
2570    -12.506
2571    -17.605999
2572    -12.65
2573    -13.029
2574    -12.896
2575    -13.031
2576    -12.441
2577    -13.447
2578    -12.78
2579    -11.443
2580    -12.639
2581    -12.36
2582    -11.652
2583    -12.791
2584    -10.215
2585    -11.278
2586    -9.25
2587    -10.108
2588    -10.127
2589    -12.86
2590    -12.592
2591    -16.38
2592    -17.078
2593    -13.696
2594    -10.19
2595    -16.423
2596    -13.813
2597    -17.552
2598    -12.664
2599    -6.021
2600    -11.577
2601    -18.49
2602    -10.974
2603    -5.397
2604    -5.9969997
2605    -12.919
2606    -12.667
2607    -13.691999
2608    -5.205
2609    -12.608
2610    -12.167
2611    -11.151
2612    -12.503
2613    -12.503
2614    -6.124
2615    -15.171
2616    -14.289
2617    -13.167
2618    -11.256
2619    -13.288
2620    -11.94
2621    -12.032
2622    -14.297
2623    -12.117
2624    -15.147
2625    -14.346
2626    -15.426
2627    -13.132
2628    -15.408
2629    -13.051
2630    -15.441
2631    -14.252
2632    -15.951
2633    -12.963
2634    -16.105
2635    -6.854
2636    -11.799
2637    -13.352
2638    -11.234
2639    -11.348
2640    -11.750999
2641    -15.825
2642    -14.233
2643    -13.707
2644    -12.1189995
2645    -15.936
2646    -12.953
2647    -11.891
2648    -14.4539995
2649    -11.278
2650    -11.64
2651    -11.213
2652    -12.059999
2653    -11.892
2654    -15.174
2655    -15.548
2656    -11.757
2657    -14.749
2658    -14.334
2659    -11.264
2660    -14.202
2661    -28.574
2662    -28.47
2663    -11.029
2664    -28.456
2665    -12.506
2666    -28.97
2667    -11.35
2668    -12.802
2669    -10.750999
2670    -20.225
2671    -21.11
2672    -14.729
2673    -10.256
2674    -21.12
2675    -21.153
2676    -11.322
2677    -14.871
2678    -11.892
2679    -21.355999
2680    -13.826
2681    -21.307
2682    -20.917
2683    -10.704
2684    -11.26
2685    -15.89
2686    -14.8619995
2687    -16.085
2688    -10.464
2689    -12.572
2690    -11.771
2691    -12.392
2692    -6.19
2693    -11.186
2694    -13.646
2695    -11.279
2696    -12.16
2697    -26.036
2698    -26.04
2699    -13.184999
2700    -14.684999
2701    -12.887
2702    -14.688
2703    -12.711
2704    -12.978
2705    -14.24
2706    -12.043
2707    -11.499
2708    -12.058
2709    -14.272
2710    -13.982
2711    -11.032
2712    -12.464
2713    -12.192
2714    -13.206
2715    -9.419
2716    -11.547
2717    -13.295
2718    -11.013
2719    -11.8
2720    -11.037
2721    -15.167
2722    -10.1189995
2723    -11.242
2724    -11.558
2725    -9.662
2726    -11.783
2727    -12.968
2728    -11.8
2729    -11.629
2730    -11.09
2731    -10.708
2732    -10.839
2733    -10.931
2734    -8.814
2735    -10.764
2736    -10.76
2737    -11.825
2738    -9.672
2739    -11.953
2740    -10.802
2741    -9.844
2742    -9.339
2743    -10.601
2744    -10.859
2745    -17.449
2746    -6.064
2747    -16.945
2748    -15.969999
2749    -7.246
2750    -12.104
2751    -6.262
2752    -7.203
2753    -17.383
2754    -11.24
2755    -16.223
2756    -11.291
2757    -16.939
2758    -18.987999
2759    -19.398
2760    -56.635
2761    -18.921
2762    -19.297
2763    -18.157999
2764    -12.2039995
2765    -23.688
2766    -12.029
2767    -16.538
2768    -8.291
2769    -23.961
2770    -6.261
2771    -24.017
2772    -6.178
2773    -23.734
2774    -23.927
2775    -19.355999
2776    -13.152
2777    -18.529
2778    -23.226
2779    -18.627
2780    -19.061
2781    -21.734
2782    -10.665
2783    -12.264
2784    -14.27
2785    -10.956
2786    -12.062
2787    -13.302
2788    -0.821
2789    -18.722
2790    -9.059999
2791    -6.109
2792    -6.271
2793    -21.268
2794    -6.159
2795    -6.255
2796    -5.935
2797    -6.034
2798    -8.032
2799    -10.326
2800    -6.19
2801    -5.993
2802    -5.9309998
2803    42.023003
2804    -8.988
2805    -11.346
2806    -5.996
2807    -6.223
2808    -6.018
2809    -5.71
2810    -12.101
2811    -11.752
2812    -13.664
2813    -12.066
2814    -11.982
2815    -10.485
2816    -14.046
2817    -11.666
2818    -10.713
2819    -11.816999
2820    -12.075
2821    -10.832
2822    -11.255
2823    -11.124
2824    -13.989
2825    -11.388
2826    -10.774
2827    -11.88
2828    -12.496
2829    -12.049
2830    -4.647
2831    0.43400002
2832    -4.911
2833    -4.5769997
2834    -5.526
2835    -4.549
2836    -5.257
2837    -6.591
2838    -4.847
2839    -7.049
2840    -5.7609997
2841    -4.256
2842    -5.54
2843    -5.553
2844    -5.275
2845    -4.579
2846    -6.598
2847    -4.591
2848    -7.38
2849    -5.522
2850    -7.4049997
2851    -6.108
2852    -3.901
2853    -6.953
2854    -5.456
2855    -6.211
2856    -6.748
2857    -7.142
2858    -4.904
2859    -7.0699997
2860    -6.423
2861    -6.467
2862    -8.124
2863    -6.66
2864    -11.833
2865    -7.154
2866    -7.817
2867    -6.776
2868    -6.49
2869    -5.279
2870    -6.166
2871    -6.244
2872    -6.935
2873    -8.587
2874    -44.746
2875    -5.772
2876    -7.173
2877    -8.828
2878    -7.149
2879    -9.854
2880    -26.006
2881    -6.2869997
2882    -26.031
2883    -25.903
2884    -6.841
2885    -6.823
2886    -4.512
2887    -6.029
2888    -26.081
2889    -26.008
2890    -7.059
2891    -22.691
2892    -5.156
2893    -6.489
2894    -6.594
2895    -6.953
2896    -10.212
2897    -10.008
2898    -6.766
2899    -5.395
2900    -7.19
2901    -22.142
2902    -10.092
2903    -6.7349997
2904    -6.606
2905    -10.644
2906    -13.596
2907    -10.885
2908    -25.829
2909    -2.2429996
2910    -11.706
2911    -10.614
2912    -11.585
2913    -3.0269997
2914    -11.875999
2915    -10.818
2916    -6.404
2917    -10.757
2918    -5.459
2919    -24.741
2920    -24.953
2921    -5.446
2922    -5.474
2923    -6.494
2924    -6.579
2925    -6.984
2926    -10.725
2927    -9.989
2928    -7.5959997
2929    -9.683
2930    -7.773
2931    -7.878
2932    -8.059
2933    -7.947
2934    -6.8
2935    -7.66
2936    -7.6809998
2937    -7.756
2938    -7.871
2939    -52.158
2940    -6.711
2941    -5.679
2942    -10.867
2943    -7.868
2944    -9.3689995
2945    -9.844
2946    -6.996
2947    -7.954
2948    -6.726
2949    -5.805
2950    -7.907
2951    -7.592
2952    -7.804
2953    -6.619
2954    -7.456
2955    -5.478
2956    -7.76
2957    -7.817
2958    -8.049
2959    -7.751
2960    -5.626
2961    -8.013
2962    -7.743
2963    -7.816
2964    -5.627
2965    -7.718
2966    -6.718
2967    -9.755
2968    -5.719
2969    -6.717
2970    -8.723
2971    -7.715
2972    -9.753
2973    -7.74
2974    -7.712
2975    -6.724
2976    -7.723
2977    -10.671
2978    -9.827
2979    -5.726
2980    -6.729
2981    -8.708
2982    -8.739
2983    -6.712
2984    -11.46
2985    -12.288
2986    -12.049
2987    -12.934999
2988    -12.558
2989    -11.476
2990    -13.722
2991    -11.749
2992    -11.866
2993    -10.7369995
2994    -10.443
2995    -9.278
2996    -13.467
2997    -7.576
2998    -11.448999
2999    -10.741
3000    -11.486
3001    -7.257
3002    -12.743
3003    -4.634
3004    -12.715
3005    -15.139999
3006    -12.858
3007    5.486
3008    -10.782
3009    -13.79
3010    -10.707
3011    -10.518
3012    -8.747
3013    -6.722
3014    -9.718
3015    -7.71
3016    -7.3009996
3017    -11.073
3018    -10.554
3019    -5.465
3020    -8.000999
3021    -6.883
3022    -10.676
3023    -10.617
3024    -10.597
3025    -6.76
3026    -6.044
3027    -6.69
3028    -6.911
3029    -7.125
3030    -6.684
3031    -11.777
3032    -6.785
3033    -6.5509996
3034    -6.478
3035    -11.813
3036    -7.477
3037    -6.0299997
3038    -12.722
3039    -5.893
3040    -5.333
3041    -6.733
3042    -7.961
3043    -11.603
3044    -12.662
3045    -11.736
3046    -6.342
3047    -10.846
3048    -7.324
3049    -7.086
3050    -6.737
3051    -4.761
3052    -6.776
3053    -6.776
3054    -6.748
3055    -4.766
3056    -7.885
3057    -8.434999
3058    -8.78
3059    -8.637
3060    -8.315
3061    -8.571
3062    -8.528
3063    -11.8689995
3064    -11.332
3065    -9.538
3066    -11.556
3067    -7.637
3068    -10.684999
3069    -3.454
3070    -19.68
3071    -0.65999997
3072    -8.762
3073    -5.141
3074    -11.507999
3075    -7.562
3076    -11.993
3077    -11.724
3078    -13.227
3079    -7.6359997
3080    -8.772
3081    -12.924
3082    -9.732
3083    -8.083
3084    -11.774
3085    -11.676
3086    -7.705
3087    -9.481
3088    -11.564
3089    -7.631
3090    -9.66
3091    -6.2009997
3092    -6.2209997
3093    -6.696
3094    -6.817
3095    -6.663
3096    -6.873
3097    -8.729
3098    -6.672
3099    -6.8269997
3100    -6.415
3101    -11.63
3102    -6.834
3103    -7.943
3104    -2.1929998
3105    -6.826
3106    -7.996
3107    -10.655
3108    -6.6949997
3109    -10.851
3110    -11.464
3111    -6.384
3112    -8.823
3113    -7.277
3114    -10.038
3115    -9.966
3116    -7.8459997
3117    -6.7139997
3118    -10.1119995
3119    -7.639
3120    -7.444
3121    -8.115
3122    -6.718
3123    -7.295
3124    -7.358
3125    -7.954
3126    -10.167
3127    -7.895
3128    -8.017
3129    -6.9379997
3130    -7.7209997
3131    -4.762
3132    -5.803
3133    -4.777
3134    -4.764
3135    -6.9069996
3136    -7.956
3137    -8.407
3138    -6.049
3139    -9.229
3140    -8.162
3141    -8.801
3142    -7.397
3143    -8.943
3144    -6.689
3145    -7.703
3146    -9.864
3147    -9.042
3148    -7.061
3149    -10.297
3150    -6.913
3151    -6.016
3152    -7.95
3153    -8.05
3154    -8.5789995
3155    -8.142
3156    -5.9449997
3157    -7.022
3158    -7.701
3159    -8.717
3160    -8.983
3161    -8.221
3162    -7.634
3163    -5.2419996
3164    -7.216
3165    -5.659
3166    -6.974
3167    -8.296
3168    -5.906
3169    -6.5629997
3170    -8.041
3171    -4.961
3172    -7.118
3173    -7.515
3174    -8.922
3175    -7.3009996
3176    1.263
3177    -6.855
3178    -6.68
3179    -7.44
3180    -7.284
3181    -7.259
3182    -7.559
3183    -7.922
3184    -7.176
3185    -6.069
3186    -5.74
3187    -7.769
3188    -7.231
3189    -8.089
3190    -4.553
3191    -8.156
3192    -4.0099998
3193    -7.679
3194    -7.982
3195    -6.029
3196    -6.356
3197    -8.056
3198    -6.9849997
3199    -4.8459997
3200    -7.752
3201    -7.267
3202    -7.989
3203    -7.383
3204    -7.21
3205    -5.593
3206    -4.244
3207    -6.319
3208    1.0
3209    -4.2229996
3210    -2.0259995
3211    -5.989
3212    -7.838
3213    -6.139
3214    -5.9709997
3215    -6.202
3216    -4.279
3217    -8.046
3218    -6.209
3219    -7.307
3220    -6.324
3221    -7.567
3222    -8.004
3223    -6.33
3224    -5.929
3225    -4.965
3226    -6.15
3227    -6.0559998
3228    -8.137
3229    -6.297
3230    -5.157
3231    -6.549
3232    -8.012
3233    -5.867
3234    -6.57
3235    -7.13
3236    -7.958
3237    -6.368
3238    -6.384
3239    -7.091
3240    -5.851
3241    -7.441
3242    -7.442
3243    -7.288
3244    -6.274
3245    -7.319
3246    -6.719
3247    -8.325
3248    -7.107
3249    -7.085
3250    -7.141
3251    -6.88
3252    -7.3059998
3253    -3.715
3254    -7.417
3255    -7.085
3256    -6.342
3257    -6.239
3258    -6.928
3259    -9.254
3260    -5.535
3261    -5.889
3262    -7.249
3263    -9.924
3264    -6.413
3265    -7.265
3266    -8.096
3267    -5.58
3268    -7.252
3269    -4.2209997
3270    -9.492
3271    -5.989
3272    -6.273
3273    -9.024
3274    -9.004
3275    -5.6619997
3276    -7.123
3277    -7.208
3278    -9.247
3279    -6.8529997
3280    -6.2799997
3281    -8.268
3282    -8.3029995
3283    -4.865
3284    -6.1219997
3285    -4.9589996
3286    -7.563
3287    -5.95
3288    -9.081
3289    -5.704
3290    -6.038
3291    -7.467
3292    -5.592
3293    -7.528
3294    -6.169
3295    -7.562
3296    -5.984
3297    -4.871
3298    -6.1349998
3299    -5.527
3300    -5.017
3301    -5.31
3302    -6.303
3303    -7.489
3304    -7.578
3305    -5.909
3306    -4.5699997
3307    -9.405
3308    -3.0889997
3309    -7.452
3310    -11.502
3311    -11.338
3312    -10.109
3313    -8.041
3314    -7.48
3315    -5.753
3316    -5.282
3317    -5.3789997
3318    -7.397
3319    -11.395
3320    -11.446
3321    -10.82
3322    -14.278
3323    -6.13
3324    -11.278
3325    -6.006
3326    -10.617
3327    -6.312
3328    -11.166
3329    -15.0
3330    -11.312
3331    -11.392
3332    -11.157
3333    -7.511
3334    -11.208
3335    -10.899
3336    -11.488
3337    -11.396
3338    -7.37
3339    -11.2439995
3340    -11.415
3341    -9.68
3342    -6.093
3343    -2.992
3344    -4.962
3345    -11.514
3346    -12.395
3347    -10.576
3348    -11.535
3349    -4.296
3350    -10.996
3351    -6.243
3352    -6.634
3353    -10.641
3354    -6.668
3355    -5.818
3356    -6.722
3357    -7.478
3358    -6.568
3359    -10.566999
3360    -7.457
3361    -5.424
3362    -7.191
3363    -7.564
3364    -5.856
3365    -6.453
3366    -6.812
3367    -5.941
3368    -7.501
3369    -6.443
3370    -4.812
3371    -7.303
3372    -7.485
3373    -18.59
3374    -6.615
3375    -5.653
3376    -7.488
3377    -6.841
3378    -10.773
3379    -7.233
3380    -6.479
3381    -5.862
3382    -11.46
3383    -6.9440002
3384    -8.072
3385    -7.295
3386    -7.3129997
3387    -7.76
3388    -5.88
3389    -6.8599997
3390    -7.893
3391    -7.594
3392    -7.975
3393    -7.961
3394    -8.757
3395    -7.536
3396    -7.621
3397    -7.558
3398    -7.7939997
3399    -8.069
3400    -7.888
3401    -7.797
3402    -6.828
3403    -11.102
3404    -8.016
3405    -7.463
3406    -8.355
3407    -7.865
3408    -4.284
3409    -7.817
3410    -7.421
3411    -7.565
3412    -8.343
3413    -7.843
3414    -6.865
3415    -6.63
3416    -6.949
3417    -7.402
3418    -7.887
3419    -9.71
3420    -8.961
3421    -11.332
3422    -8.742
3423    -14.419
3424    -10.816999
3425    -9.816999
3426    -11.122
3427    -8.496
3428    -10.65
3429    -9.087
3430    -9.1119995
3431    -11.263
3432    -11.283
3433    -9.591
3434    -9.071
3435    -8.95
3436    -8.039
3437    -8.718
3438    -12.601
3439    -9.804
3440    -12.464
3441    -8.1779995
3442    -6.3789997
3443    -11.336
3444    -2.869
3445    -8.834
3446    -10.793
3447    -12.198
3448    -10.830999
3449    -8.632
3450    -8.344
3451    -11.557
3452    -9.881
3453    -9.67
3454    -7.882
3455    -10.7439995
3456    -11.205
3457    -8.222
3458    -10.984
3459    -8.561
3460    -3.446
3461    -11.292
3462    -11.372
3463    -12.284
3464    -7.835
3465    -12.525
3466    -11.051
3467    -11.453
3468    -7.8719997
3469    -10.742
3470    -7.362
3471    -9.059
3472    -8.649
3473    -11.005
3474    -5.957
3475    -11.257999
3476    -5.377
3477    -5.43
3478    -5.092
3479    -4.429
3480    -5.496
3481    -5.236
3482    -11.41
3483    -5.94
3484    -11.463
3485    -3.6899998
3486    -6.624
3487    -5.158
3488    -7.418
3489    -10.465
3490    -2.352
3491    -5.611
3492    -10.441999
3493    -6.917
3494    -8.203
3495    -10.923
3496    -5.753
3497    -7.103
3498    -10.958
3499    -7.766
3500    -8.307
3501    -5.504
3502    -5.249
3503    -7.168
3504    -5.9779997
3505    -7.354
3506    -7.286
3507    -9.054
3508    -7.148
3509    -3.11
3510    -9.743
3511    -7.206
3512    -7.281
3513    -7.005
3514    -7.171
3515    -9.043
3516    -7.015
3517    -7.324
3518    -10.159
3519    -7.043
3520    -7.032
3521    -6.727
3522    -7.677
3523    -7.902
3524    -4.057
3525    -9.5
3526    -10.186
3527    -6.865
3528    -5.612
3529    -5.128
3530    -4.642
3531    -5.204
3532    -7.15
3533    -5.591
3534    -9.218
3535    -12.319
3536    -4.884
3537    -5.101
3538    -4.407
3539    -4.578
3540    -4.6359997
3541    -4.84
3542    -7.253
3543    -9.788
3544    -5.323
3545    -5.426
3546    -5.205
3547    -8.728
3548    -5.397
3549    -4.164
3550    -5.578
3551    -4.949
3552    -5.139
3553    -4.733
3554    -5.387
3555    -5.66
3556    -4.416
3557    -5.8789997
3558    -5.533
3559    -5.256
3560    -6.286
3561    -4.933
3562    -6.932
3563    -5.392
3564    -2.9729998
3565    -6.732
3566    -4.9849997
3567    -5.688
3568    -8.044
3569    -8.117
3570    -7.864
3571    -6.506
3572    -7.9189997
3573    -5.397
3574    -2.741
3575    -8.05
3576    -5.111
3577    -8.135
3578    -7.63
3579    -7.466
3580    -4.782
3581    -7.9849997
3582    -7.937
3583    -5.211
3584    -6.8219995
3585    -7.559
3586    -3.162
3587    -7.982
3588    -5.361
3589    -7.71
3590    -7.779
3591    -7.953
3592    -7.598
3593    -6.7939997
3594    -5.1019998
3595    -6.68
3596    -7.37
3597    -6.354
3598    -6.325
3599    -7.862
3600    -5.317
3601    -7.473
3602    -7.897
3603    -8.698
3604    -7.3129997
3605    -4.373
3606    -8.444
3607    -9.016
3608    -8.114
3609    -8.53
3610    -8.535
3611    -7.812
3612    -6.943
3613    -9.268
3614    -9.511
3615    -8.108
3616    -7.476
3617    -6.89
3618    -8.48
3619    -7.823
3620    -8.509
3621    -6.994
3622    -8.529
3623    -8.4869995
3624    -5.396
3625    -6.582
3626    -7.883
3627    -5.255
3628    -8.576
3629    -8.625
3630    -8.539
3631    -8.54
3632    -7.935
3633    -7.642
3634    -9.945
3635    -8.497
3636    -6.699
3637    -8.314
3638    -9.221
3639    -8.1
3640    -18.594
3641    -15.19
3642    -18.393
3643    -8.516
3644    -19.607
3645    -6.192
3646    -6.0699997
3647    -8.746
3648    -7.481
3649    -20.915
3650    -18.78
3651    -7.943
3652    -8.144
3653    -8.893
3654    -18.345
3655    -9.3689995
3656    -9.298
3657    -17.17
3658    -16.886
3659    -8.54
3660    -18.389
3661    -8.555
3662    -8.969
3663    -6.3289995
3664    -17.73
3665    -6.23
3666    -19.737
3667    -17.769
3668    -8.584
3669    -16.192
3670    -7.067
3671    -18.336
3672    -16.722
3673    -16.494999
3674    -11.939
3675    -11.723
3676    -11.621
3677    -8.866
3678    -11.066
3679    -8.799999
3680    -10.343
3681    -17.144
3682    -11.794
3683    -7.574
3684    -9.955
3685    -12.05
3686    -8.405
3687    -11.9869995
3688    -9.696
3689    -9.856
3690    -11.871
3691    -8.27
3692    -11.776
3693    -7.779
3694    -20.715
3695    -9.849
3696    -13.1189995
3697    -11.846
3698    -7.1759996
3699    -16.635
3700    -7.894
3701    -18.416
3702    -11.822
3703    -18.942
3704    -10.735
3705    -19.44
3706    -18.706
3707    -7.733
3708    -18.661
3709    -11.956
3710    -8.929
3711    -18.199
3712    -17.364
3713    -18.554
3714    -7.863
3715    -17.555
3716    -10.689
3717    -11.951
3718    -9.718
3719    -11.714
3720    -18.582
3721    -12.875
3722    -7.6429996
3723    -3.8639998
3724    -2.742
3725    -17.938
3726    -16.383
3727    -17.548
3728    -18.511
3729    -18.621
3730    -7.626
3731    -7.897
3732    -3.5579996
3733    -18.126999
3734    -6.486
3735    -3.84
3736    -18.293
3737    -8.534
3738    -18.557
3739    -9.868
3740    -8.48
3741    -8.462
3742    -6.958
3743    -8.023
3744    -7.9779997
3745    -8.083
3746    -10.058
3747    -8.936
3748    -7.675
3749    -8.085
3750    -17.665
3751    -53.463
3752    -7.9440002
3753    -6.539
3754    -7.2679996
3755    -9.279
3756    -9.229
3757    -7.2929997
3758    -5.9189997
3759    -7.686
3760    -8.292
3761    -7.734
3762    -8.126
3763    -7.036
3764    -8.521
3765    -7.525
3766    -7.34
3767    -8.117
3768    -7.97
3769    -7.183
3770    -7.562
3771    -7.998
3772    -16.304
3773    -7.975
3774    -8.035
3775    -7.8719997
3776    -7.149
3777    -7.955
3778    0.569
3779    -19.787
3780    -18.137
3781    -3.296
3782    -9.227
3783    -7.128
3784    -6.269
3785    -7.833
3786    -7.17
3787    -8.051
3788    -9.03
3789    -6.376
3790    -18.079
3791    -18.343
3792    -19.003
3793    -8.67
3794    -7.654
3795    -31.319
3796    -7.586
3797    -6.625
3798    -7.641
3799    -7.899
3800    -8.864
3801    -7.47
3802    -8.174
3803    -6.8409996
3804    -7.698
3805    -7.164
3806    -6.536
3807    -8.898
3808    -8.795
3809    -5.851
3810    -8.682
3811    -7.625
3812    -7.803
3813    -7.167
3814    -7.6619997
3815    -7.904
3816    -6.719
3817    -7.513
3818    -6.42
3819    -8.778
3820    -7.614
3821    -9.485
3822    -7.428
3823    -7.951
3824    -5.4709997
3825    -9.992
3826    -7.679
3827    -7.406
3828    -6.297
3829    -7.106
3830    -7.684
3831    -6.4519997
3832    -6.885
3833    -5.524
3834    -6.891
3835    -7.041
3836    -7.491
3837    -6.382
3838    -3.7199998
3839    -8.965
3840    -5.983
3841    -7.809
3842    -5.506
3843    -8.691999
3844    -3.4929998
3845    -7.789
3846    -8.851
3847    -7.809
3848    -7.685
3849    -7.627
3850    -4.197
3851    -6.184
3852    -6.189
3853    -5.387
3854    -7.848
3855    -5.2869997
3856    -7.0769997
3857    -4.864
3858    -7.632
3859    -5.967
3860    -8.852
3861    -5.4279995
3862    -7.652
3863    -7.357
3864    -6.902
3865    -8.426
3866    -6.107
3867    -7.111
3868    -11.934
3869    -7.017
3870    -5.824
3871    -7.885
3872    -6.845
3873    -8.327
3874    -11.89
3875    -7.036
3876    -6.883
3877    -9.908
3878    -8.675
3879    -10.78
3880    -9.318
3881    -6.3389997
3882    -7.6019998
3883    -9.981
3884    -11.16
3885    -7.923
3886    -10.816999
3887    -11.426
3888    -10.743
3889    -6.493
3890    -7.389
3891    -6.606
3892    -11.941999
3893    -6.064
3894    -10.806
3895    -7.895
3896    -8.332
3897    -5.7679996
3898    -12.89
3899    -7.534
3900    -7.203
3901    -11.188
3902    -8.039
3903    -7.239
3904    -8.922
3905    -7.614
3906    -5.89
3907    -6.179
3908    -5.111
3909    -4.8269997
3910    -7.565
3911    -7.2019997
3912    -8.313
3913    -7.834
3914    -7.883
3915    -7.2929997
3916    -6.193
3917    -5.975
3918    -5.6949997
3919    -5.315
3920    -4.943
3921    -5.535
3922    -4.852
3923    -5.796
3924    -5.726
3925    -5.893
3926    -4.807
3927    -6.1
3928    -5.123
3929    -6.143
3930    -5.7209997
3931    -4.7679996
3932    -7.719
3933    -7.84
3934    -7.428
3935    -6.72
3936    -6.87
3937    -7.946
3938    -8.683
3939    -7.7679996
3940    -5.943
3941    -7.25
3942    -5.42
3943    -6.113
3944    -5.828
3945    -5.697
3946    -5.875
3947    -3.957
3948    -3.853
3949    -2.905
3950    -0.932
3951    -3.872
3952    -3.86
3953    -3.822
3954    -3.852
3955    -6.787
3956    -6.723
3957    -6.704
3958    -6.733
3959    -6.712
3960    -0.963
3961    -0.928
3962    -0.945
3963    -0.938
3964    -0.944
3965    -0.937
3966    -0.956
3967    -0.951
3968    -0.95
3969    -0.967
3970    -0.959
3971    -0.955
3972    -0.951
3973    -0.934
3974    -0.925
3975    -0.914
3976    -0.926
3977    -0.934
3978    -0.94
3979    -0.953
3980    -0.94
3981    -0.945
3982    -0.961
3983    -0.935
3984    -0.946
3985    -0.951
3986    -0.955
3987    -0.965
3988    -0.92
3989    -0.964
3990    -0.918
3991    -0.943
3992    -0.96
3993    -1.708
3994    -1.689
3995    -0.94
3996    -0.955
3997    -0.951
3998    -0.96
3999    -0.942
4000    -0.93299997
4001    -0.914
4002    -0.90999997
4003    -0.912
4004    -0.937
4005    -0.913
4006    -0.939
4007    -0.958
4008    -0.935
4009    -0.937
4010    -0.953
4011    -0.936
4012    -0.913
4013    -0.931
4014    -0.948
4015    -1.689
4016    0.035
4017    0.035
4018    0.029000001
4019    0.040000003
4020    -0.936
4021    -0.939
4022    -0.938
4023    -0.966
4024    -0.964
4025    -0.925
4026    -0.928
4027    -0.951
4028    -1.69
4029    -0.015999913
4030    1.2810001
4031    1.118
4032    -49.105
4033    0.37100005
4034    -1.037
4035    -1.361
4036    -49.125
4037    -0.33299994
4038    -0.28299975
4039    -0.95299995
4040    -1.059
4041    -1.29
4042    0.78300023
4043    -1.4860001
4044    -1.642
4045    0.44300008
4046    -0.78199995
4047    -1.287
4048    -0.5389999
4049    -0.655
4050    0.83000016
4051    0.8260002
4052    0.71700025
4053    -0.68999994
4054    -0.16299987
4055    0.16700006
4056    -1.426
4057    1.7560003
4058    1.4110003
4059    -1.8599999
4060    -0.54599977
4061    -0.908
4062    -52.164
4063    -52.151
4064    -52.126
4065    -49.211998
4066    -49.221
4067    -49.196
4068    -49.2
4069    -49.19
4070    -48.274
4071    -47.329
4072    -47.322998
4073    -47.341
4074    -47.307
4075    -48.268
4076    -48.259
