0    0.48900002
1    3.298
2    5.267
3    0.31600022
4    1.026
5    1.7260001
6    4.131
7    1.202
8    3.1890001
9    -1.3989999
10    2.045
11    7.9490004
12    -1.834
13    0.294
14    32.858
15    2.685
16    -0.724
17    0.7470002
18    3.2120001
19    3.7270002
20    -15.76
21    3.8350005
22    2.5740001
23    1.8630002
24    -2.782
25    -0.6029997
26    0.42800003
27    0.116000175
28    1.9210001
29    -4.187
30    5.543
31    -0.1309998
32    65.137
33    0.83300006
34    -5.731
35    -4.948
36    3.71
37    11.402
38    9.703
39    -1.2229998
40    12.59
41    -2.829
42    -4.1099997
43    -3.4499998
44    2.914
45    19.099
46    -5.4589996
47    -2.597
48    -1.9089999
49    -3.123
50    -3.27
51    2.053
52    3.64
53    2.4
54    5.113
55    -0.15399992
56    25.317
57    9.789
58    4.501
59    25.467
60    4.706
61    2.9950001
62    -0.35999966
63    1.0580001
64    2.074
65    1.1980002
66    -2.9889998
67    0.26100004
68    -5.487
69    3.308
70    -0.8069999
71    -1.5479999
72    48.41
73    8.562
74    100.747
75    4.476
76    -5.061
77    -3.422
78    6.06
79    -2.291
80    -2.7979999
81    -4.889
82    -2.391
83    9.950001
84    3.838
85    0.38900018
86    1.822
87    8.368
88    0.397
89    0.416
90    -2.404
91    1.643
92    3.187
93    3.046
94    -7.112
95    2.8400002
96    4.873
97    2.204
98    3.475
99    2.104
100    -0.46099997
101    2.16
102    2.136
103    8.087
104    1.243
105    2.31
106    2.783
107    2.515
108    1.827
109    2.207
110    1.215
111    3.934
112    4.637
113    12.284
114    7.516
115    8.23
116    2.348
117    52.051003
118    8.314
119    1.638
120    1.1500001
121    2.362
122    2.686
123    6.242
124    5.076
125    2.0630002
126    2.088
127    4.891
128    1.891
129    2.8330002
130    2.6990001
131    3.3470001
132    2.112
133    0.7930001
134    2.305
135    9.248
136    3.537
137    1.4750004
138    7.3250003
139    2.159
140    1.258
141    1.065
142    1.177
143    0.92600006
144    5.2530003
145    3.7220001
146    10.331
147    7.112
148    2.055
149    1.6700001
150    6.08
151    2.1090002
152    2.091
153    2.9380002
154    2.709
155    5.427
156    -0.09399986
157    -0.59599996
158    -0.6989999
159    -1.384
160    3.354
161    7.25
162    7.392
163    2.422
164    4.348
165    24.711
166    2.474
167    5.518
168    4.471
169    1.9520001
170    2.059
171    5.663
172    2.054
173    1.5250001
174    3.499
175    3.2840002
176    3.283
177    1.1040001
178    -1.263
179    1.1860001
180    1.9360001
181    0.68700004
182    3.546
183    1.9580001
184    1.507
185    2.993
186    1.713
187    4.45
188    1.421
189    -0.19799995
190    55.513
191    2.96
192    5.743
193    4.035
194    1.198
195    0.59000003
196    4.457
197    -8.393
198    3.279
199    5.32
200    1.951
201    -0.8989999
202    -9.631
203    1.51
204    1.8
205    1.391
206    1.9230001
207    1.426
208    2.817
209    0.595
210    0.82800007
211    7.431
212    1.715
213    5.0530005
214    -4.818
215    6.91
216    6.083
217    9.662
218    5.438
219    9.324
220    2.574
221    8.278
222    2.479
223    2.456
224    14.461
225    27.302
226    -0.87899995
227    4.464
228    1.743
229    -2.225
230    1.661
231    7.575
232    2.596
233    0.9760001
234    5.52
235    -5.185
236    1.422
237    1.197
238    5.038
239    6.316
240    -5.198
241    3.7350001
242    1.279
243    4.103
244    2.053
245    6.1400003
246    -9.73
247    4.131
248    -0.37399995
249    2.793
250    1.5150001
251    2.298
252    6.884
253    1.281
254    1.225
255    0.721
256    6.061
257    0.591
258    0.7290001
259    3.714
260    5.634
261    3.227
262    6.83
263    0.47200012
264    -7.241
265    9.202
266    6.083
267    6.5150003
268    16.083
269    1.622
270    5.598
271    0.185
272    5.972
273    1.891
274    0.47000003
275    2.386
276    -2.05
277    0.31
278    3.42
279    25.198
280    2.371
281    2.9950001
282    4.5220003
283    3.891
284    3.448
285    4.24
286    1.217
287    2.469
288    3.527
289    0.91400003
290    9.607
291    4.436
292    4.303
293    4.872
294    22.306
295    4.101
296    2.797
297    1.9760001
298    -1.642
299    1.35
300    6.62
301    1.618
302    1.7530001
303    10.641
304    1.4430001
305    1.9800001
306    9.135
307    1.279
308    52.665
309    2.305
310    11.78
311    4.068
312    3.615
313    3.333
314    2.454
315    3.6230001
316    16.594
317    5.409
318    18.741001
319    3.113
320    2.203
321    2.549
322    -0.64699996
323    1.294
324    8.694
325    1.714
326    8.534
327    2.334
328    2.89
329    0.726
330    5.013
331    9.135
332    8.369
333    2.443
334    5.474
335    2.284
336    3.311
337    2.754
338    6.709
339    25.735
340    1.705
341    10.613
342    1.093
343    6.743
344    10.8810005
345    0.721
346    7.8710003
347    4.942
348    0.04700005
349    3.34
350    5.131
351    5.06
352    4.9960003
353    3.752
354    3.324
355    7.591
356    4.978
357    6.131
358    4.311
359    1.455
360    3.3980002
361    45.585
362    9.255
363    6.599
364    1.9000001
365    45.202
366    4.859
367    1.4300001
368    2.045
369    1.8600001
370    0.2550001
371    9.626
372    7.618
373    1.51
374    -0.034999967
375    17.105
376    2.5690002
377    10.74
378    0.24900001
379    1.019
380    3.525
381    4.67
382    10.667
383    5.497
384    7.275
385    6.864
386    4.672
387    1.629
388    11.693
389    5.273
390    2.171
391    1.7980001
392    2.614
393    1.6990001
394    3.405
395    1.7090001
396    1.58
397    2.19
398    3.4160001
399    10.635
400    23.359001
401    21.562
402    2.897
403    21.074001
404    7.34
405    7.484
406    4.4670005
407    5.431
408    1.155
409    -1.3149999
410    6.597
411    4.6610003
412    6.418
413    5.035
414    0.35500002
415    25.249
416    17.958
417    21.328
418    5.763
419    1.044
420    13.164
421    8.137
422    1.541
423    21.564
424    1.0
425    25.114
426    5.7910004
427    6.6210003
428    1.457
429    2.434
430    2.448
431    9.309
432    5.861
433    0.51400006
434    65.789
435    6.021
436    6.0559998
437    8.45
438    4.177
439    26.734001
440    3.5040002
441    10.568
442    3.128
443    1.368
444    47.175
445    102.43
446    2.1680002
447    4.419
448    7.3430004
449    2.462
450    10.945
451    8.337
452    3.319
453    5.15
454    4.211
455    0.94400007
456    31.012001
457    2.601
458    1.817
459    6.89
460    2.363
461    4.007
462    2.8530002
463    3.93
464    74.868004
465    3.9700003
466    -295.216
467    1.567
468    0.44100022
469    1.934
470    0.12900001
471    0.35500002
472    -9.719999
473    3.019
474    88.982
475    1.438
476    -3.142
477    2.738
478    -0.051999927
479    5.0420003
480    12.352
481    5.493
482    9.299
483    1.465
484    6.075
485    2.295
486    -0.673
487    4.674
488    1.72
489    -2.11
490    4.986
491    1.552
492    3.7350001
493    19.79
494    0.8250003
495    5.136
496    -2.651
497    4.0220003
498    2.769
499    3.683
500    5.2040005
501    23.119
502    6.071
503    2.9020002
504    3.562
505    1.682
506    2.058
507    9.915
508    3.8320003
509    0.39800003
510    5.807
511    -0.5569997
512    22.856
513    9.547
514    3.091
515    -1.9009999
516    -4.064
517    2.2220001
518    34.982
519    -6.477
520    0.66800004
521    26.731
522    0.5740001
523    16.5
524    1.5410001
525    6.4760003
526    -0.37899995
527    13.568
528    -0.32499993
529    3.4580002
530    3.084
531    -0.6769999
532    10.979
533    3.477
534    8.317
535    2.4910002
536    1.4100001
537    2.994
538    -0.17399997
539    14.261
540    -0.82299995
541    3.562
542    0.85000014
543    42.215
544    3.302
545    3.3230002
546    3.605
547    0.9730003
548    0.5690001
549    20.841
550    -0.24299979
551    2.3240001
552    1.649
553    2.081
554    0.18300009
555    0.74700004
556    -0.30799997
557    3.63
558    -0.86599994
559    3.559
560    -1.0419999
561    3.771
562    -0.97099996
563    13.307
564    -7.484
565    6.0950003
566    1.434
567    0.83800006
568    5.309
569    -0.0029997826
570    3.1910002
571    0.80400014
572    1.4820001
573    1.6100001
574    1.153
575    3.9650002
576    2.766
577    -14.842
578    6.163
579    3.264
580    1.5950003
581    1.6520004
582    0.24000001
583    2.053
584    -2.079
585    0.44400004
586    1.546
587    2.997
588    4.602
589    3.016
590    1.9390001
591    2.032
592    -2.3619995
593    6.854
594    2.7990003
595    -2.315
596    -1.418
597    -3.6639998
598    7.8750005
599    2.6320002
600    3.9210002
601    1.6110001
602    1.4870001
603    0.9200001
604    3.4290001
605    0.47800004
606    -0.87699986
607    -0.5239999
608    3.9150002
609    29.867
610    42.949
611    -1.0199999
612    -0.13999999
613    -0.72899985
614    3.551
615    6.46
616    6.879
617    2.015
618    0.35300004
619    0.38500023
620    8.702001
621    0.0990001
622    0.80200005
623    2.148
624    13.998
625    0.47100008
626    0.042000055
627    27.894001
628    5.349
629    -20.355999
630    -3.097
631    -106.582
632    3.7940001
633    2.5290003
634    20.281
635    10.714
636    15.719
637    -4.0169997
638    -2.691
639    0.64900005
640    4.971
641    1.629
642    1.452
643    20.938
644    10.123
645    -4.192
646    4.1590004
647    2.38
648    1.8310001
649    1.0610001
650    2.482
651    4.943
652    6.7730002
653    4.057
654    2.398
655    2.251
656    2.631
657    2.574
658    2.2150002
659    1.9840001
660    1.4700003
661    22.54
662    1.6200001
663    3.374
664    2.025
665    5.698
666    4.269
667    -2.308
668    7.031
669    -0.16899997
670    9.488001
671    7.546
672    -0.21899986
673    4.6010003
674    1.529
675    3.6740003
676    5.086
677    5.2970004
678    0.53900003
679    8.402
680    0.069000006
681    -0.28499985
682    5.734
683    0.88800013
684    1.3440001
685    0.80200005
686    5.731
687    4.528
688    5.75
689    6.63
690    -0.848
691    1.2620001
692    1.786
693    47.482
694    0.342
695    4.0550003
696    -5.9539995
697    5.123
698    2.534
699    4.106
700    -1.1899998
701    4.241
702    7.853
703    -0.50699997
704    -2.1269999
705    2.554
706    -5.305
707    23.817
708    60.514
709    7.1330004
710    2.117
711    2.474
712    1.626
713    3.1069999
714    -2.067
715    5.0540004
716    1.8890002
717    8.147
718    4.884
719    6.5920005
720    1.468
721    1.493
722    1.792
723    1.066
724    0.72
725    -0.9139998
726    0.351
727    -0.3399999
728    -4.0099998
729    2.1220002
730    4.695
731    4.375
732    -1.8399999
733    2.223
734    4.4350004
735    0.81000006
736    -0.895
737    3.209
738    -4.121
739    -1.4089999
740    3.6740003
741    3.463
742    5.4680004
743    4.0030003
744    3.8990002
745    27.029
746    7.23
747    2.93
748    4.205
749    1.0
750    2.4850001
751    -2.1729999
752    33.915
753    5.686
754    1.6580002
755    5.899
756    -1.6289997
757    -3.076
758    4.208
759    -5.208
760    17.58
761    -6.957
762    7.639
763    100.984
764    1.8030001
765    3.423
766    4.7640004
767    6.859
768    -4.542
769    -11.882
770    3.7700002
771    0.90700006
772    8.353001
773    2.499
774    2.3590002
775    -7.816
776    7.584
777    4.665
778    4.1120005
779    -2.8799999
780    24.23
781    -2.389
782    4.3310003
783    1.7820001
784    4.014
785    0.08700037
786    0.123000026
787    -1.0189999
788    8.093
789    4.695
790    -0.08799994
791    -3.2569997
792    -1.1939999
793    3.92
794    4.8050003
795    -5.0249996
796    4.754
797    32.226
798    0.531
799    15.154
800    -1.81
801    0.8590001
802    0.91
803    4.396
804    1.5080001
805    5.0290003
806    3.131
807    0.579
808    1.62
809    5.322
810    36.053
811    14.754
812    -1.04
813    2.615
814    36.308
815    1.0020003
816    5.726
817    0.18300009
818    2.572
819    3.9950001
820    0.17400002
821    1.44
822    3.6460001
823    -3.3579998
824    1.573
825    -1.6099999
826    -2.9099998
827    -4.833
828    0.597
829    -1.335
830    2.626
831    -9.735
832    5.514
833    -0.547
834    6.0220003
835    90.374
836    1.411
837    4.359
838    0.2540002
839    4.642
840    0.015000105
841    8.537
842    1.7480001
843    7.36
844    2.8000002
845    2.0340002
846    2.6940002
847    4.663
848    3.846
849    2.8590002
850    2.8880002
851    -0.38099992
852    -0.42299998
853    1.348
854    -2.61
855    3.4350002
856    -9.36
857    3.3750002
858    6.853
859    1.5150003
860    56.997
861    1.8560001
862    0.73800004
863    0.70200014
864    4.2510004
865    1.057
866    6.953
867    1.9070001
868    25.96
869    8.302
870    5.8120003
871    -0.63499975
872    0.27300024
873    2.878
874    -0.431
875    4.7320004
876    -4.251
877    0.204
878    3.016
879    3.6230001
880    1.8070002
881    2.1880002
882    9.922
883    0.58500004
884    3.0170002
885    -1.903
886    2.145
887    3.2150002
888    2.5100002
889    0.123000145
890    -3.329
891    2.5870001
892    -9.306
893    -1.3089999
894    -0.19199991
895    8.925
896    6.6050005
897    -2.244
898    3.6150002
899    4.9540005
900    1.128
901    2.743
902    3.841
903    1.863
904    1.7150002
905    101.507
906    1.404
907    4.9300003
908    71.458
909    70.069
910    13.555
911    -3.908
912    -0.541
913    1.608
914    2.1450002
915    2.5990005
916    6.101
917    3.4780002
918    -0.668
919    1.9220002
920    4.823
921    11.911
922    4.776
923    2.486
924    9.704
925    7.839
926    2.6360002
927    4.712
928    2.581
929    0.74500006
930    0.81900024
931    2.7680001
932    -10.167
933    6.766
934    -1.2629998
935    1.0870001
936    1.0
937    2.588
938    1.3870001
939    1.815
940    1.22
941    -2.5809999
942    20.77
943    25.929
944    2.6780002
945    4.9110003
946    9.853
947    3.1820002
948    14.97
949    2.468
950    1.0
951    3.302
952    6.9830003
953    3.5290003
954    2.835
955    0.63600004
956    2.953
957    0.8120003
958    18.2
959    0.12800026
960    2.0820003
961    2.528
962    0.16000032
963    -2.074
964    1.6650001
965    0.58400005
966    2.1720002
967    2.264
968    1.756
969    9.4210005
970    0.59000003
971    2.583
972    4.5
973    6.34
974    -6.178
975    5.047
976    2.883
977    2.3730001
978    -0.923
979    4.23
980    1.978
981    9.376
982    1.996
983    3.7660003
984    -0.46499997
985    13.887
986    1.207
987    -6.382
988    4.076
989    7.801
990    4.6000004
991    0.95500004
992    -0.8109999
993    1.892
994    -5.807
995    2.3140001
996    1.9720001
997    4.984
998    0.9100001
999    1.7720001
1000    8.56
1001    3.424
1002    1.85
1003    3.2130003
1004    -10.662
1005    2.364
1006    7.408
1007    3.895
1008    1.8970001
1009    2.4
1010    -3.407
1011    6.776
1012    14.251
1013    5.388
1014    -3.325
1015    6.668
1016    -0.5949999
1017    1.8900001
1018    5.9490004
1019    17.576
1020    0.2980001
1021    0.06100011
1022    1.0
1023    2.7740002
1024    4.925
1025    3.9040003
1026    -1.3059999
1027    12.298
1028    12.063
1029    -3.4939997
1030    2.2310002
1031    5.809
1032    7.771
1033    0.67100024
1034    8.873
1035    4.9610004
1036    1.441
1037    3.9440002
1038    3.2340002
1039    12.206
1040    0.73300004
1041    -2.495
1042    -2.688
1043    4.195
1044    98.838
1045    3.609
1046    1.6830001
1047    -0.05499983
1048    2.664
1049    7.644
1050    1.95
1051    2.526
1052    4.5290003
1053    1.5150001
1054    4.455
1055    15.749001
1056    2.7
1057    7.8700004
1058    4.8500004
1059    3.6090002
1060    -2.9559999
1061    4.116
1062    6.507
1063    0.365
1064    3.726
1065    1.7390001
1066    1.6040001
1067    18.939
1068    3.6550002
1069    19.121
1070    -0.515
1071    4.762
1072    3.4440002
1073    3.7630002
1074    -0.582
1075    2.627
1076    2.9950001
1077    3.6
1078    2.627
1079    2.927
1080    2.651
1081    2.1430001
1082    4.7720003
1083    2.828
1084    1.7450001
1085    -2.012
1086    6.8710003
1087    0.89300007
1088    2.355
1089    6.492
1090    6.3170004
1091    6.644
1092    0.7790003
1093    -0.691
1094    9.746
1095    17.472
1096    -0.7349999
1097    2.915
1098    3.5900002
1099    2.5480003
1100    0.028000116
1101    1.94
1102    9.18
1103    -5.291
1104    33.219
1105    10.159
1106    0.86100006
1107    2.137
1108    3.117
1109    10.223
1110    12.181
1111    1.9370003
1112    7.3950005
1113    4.0550003
1114    5.33
1115    9.042
1116    7.1260004
1117    -1.8799999
1118    7.0360003
1119    2.461
1120    1.7720001
1121    0.8360002
1122    15.712
1123    -0.9779999
1124    1.827
1125    1.8040001
1126    2.114
1127    -0.366
1128    1.6240001
1129    0.92700005
1130    1.613
1131    1.052
1132    3.809
1133    2.704
1134    -0.25899994
1135    0.794
1136    3.3120003
1137    -0.25199997
1138    8.895
1139    0.31700003
1140    -25.501
1141    -2.431
1142    2.4980001
1143    0.62600005
1144    4.0860004
1145    7.749
1146    -6.2799997
1147    1.2130003
1148    2.558
1149    1.674
1150    8.406
1151    4.473
1152    -7.128
1153    3.298
1154    -31.955
1155    0.42200017
1156    2.594
1157    -1.1579999
1158    -0.56799984
1159    1.513
1160    -1.6939999
1161    0.4130001
1162    -4.391
1163    1.1650002
1164    4.903
1165    4.1280003
1166    -1.0929999
1167    -1.095
1168    8.073
1169    -9.218
1170    2.483
1171    1.313
1172    -21.279
1173    1.9200001
1174    3.844
1175    11.018
1176    30.28
1177    0.11900008
1178    1.8280001
1179    15.455
1180    2.025
1181    0.5690001
1182    3.547
1183    1.575
1184    0.35200003
1185    -1.2629995
1186    -4.446
1187    -2.568
1188    2.095
1189    1.015
1190    5.723
1191    -0.18799996
1192    -24.598
1193    2.7940001
1194    -1.1879997
1195    16.072
1196    0.20400001
1197    -9.722
1198    1.1760001
1199    -7.623
1200    1.1680001
1201    2.653
1202    -4.899
1203    -0.829
1204    -0.31899995
1205    2.777
1206    1.7780001
1207    6.065
1208    1.003
1209    3.7400002
1210    2.904
1211    10.030001
1212    0.397
1213    1.947
1214    4.5600004
1215    1.631
1216    1.3570004
1217    1.5250001
1218    2.056
1219    1.968
1220    6.018
1221    2.3390002
1222    5.543
1223    6.0340004
1224    2.9400003
1225    4.5950003
1226    -4.486
1227    -4.2209997
1228    0.49500036
1229    3.7370002
1230    -2.4139998
1231    16.217001
1232    -0.39699984
1233    -1.6459999
1234    -3.2189999
1235    2.266
1236    0.416
1237    -1.404
1238    0.42900002
1239    1.521
1240    0.492
1241    -0.297
1242    1.668
1243    0.296
1244    1.8670001
1245    -1.6459999
1246    1.258
1247    2.4850001
1248    5.11
1249    2.5900002
1250    1.283
1251    6.764
1252    2.582
1253    0.33800003
1254    -11.757999
1255    1.9220002
1256    1.446
1257    0.612
1258    3.8420005
1259    -4.038
1260    3.817
1261    4.644
1262    1.3050001
1263    2.204
1264    0.24300003
1265    1.434
1266    6.2510004
1267    2.777
1268    0.356
1269    2.834
1270    8.584
1271    0.7240002
1272    0.342
1273    -1.4659998
1274    4.662
1275    -0.13799995
1276    -0.636
1277    1.702
1278    1.125
1279    3.28
1280    7.664
1281    -1.752
1282    0.32500002
1283    0.24100001
1284    -25.737999
1285    2.855
1286    -2.9659996
1287    2.402
1288    -6.796
1289    24.999
1290    -3.211
1291    3.663
1292    -2.74
1293    0.45600003
1294    1.643
1295    2.2600002
1296    1.8640001
1297    -2.8
1298    1.388
1299    53.421
1300    -5.55
1301    -6.496
1302    3.131
1303    3.4770002
1304    -3.683
1305    0.878
1306    2.7730002
1307    -3.076
1308    2.678
1309    1.46
1310    0.07700001
1311    4.5600004
1312    -0.59299994
1313    4.491
1314    -13.768
1315    0.35700002
1316    1.273
1317    8.7630005
1318    2.036
1319    1.4120001
1320    6.4080005
1321    -2.843
1322    -0.486
1323    6.866
1324    0.523
1325    3.238
1326    -0.628
1327    -4.48
1328    0.29500002
1329    -3.3339999
1330    1.419
1331    -6.9379997
1332    4.2980003
1333    2.724
1334    1.4200001
1335    7.135
1336    1.8780001
1337    12.504
1338    -0.3929999
1339    8.342
1340    2.897
1341    -2.001
1342    0.9850001
1343    -2.9139996
1344    1.702
1345    2.397
1346    -0.07899988
1347    3.4810002
1348    4.19
1349    3.0150003
1350    3.479
1351    3.608
1352    1.547
1353    -0.55799985
1354    6.6920004
1355    -3.3579998
1356    -3.907
1357    3.8200002
1358    -0.013999939
1359    -5.225
1360    2.394
1361    34.381
1362    1.7250001
1363    1.8130002
1364    1.7290001
1365    5.497
1366    1.276
1367    -1.9029999
1368    1.9670001
1369    -5.259
1370    0.50200003
1371    4.8370004
1372    3.4050002
1373    2.507
1374    -2.145
1375    9.229
1376    8.076
1377    -2.1859999
1378    -3.784
1379    4.788
1380    4.564
1381    -0.47399998
1382    1.0280004
1383    1.151
1384    0.744
1385    5.4880004
1386    1.437
1387    -4.061
1388    4.3480005
1389    4.155
1390    -2.157
1391    32.489
1392    1.9720001
1393    101.162
1394    1.5080001
1395    86.352
1396    -3.342
1397    -20.508
1398    -5.081
1399    2.1680002
1400    -4.722
1401    31.027
1402    -8.191999
1403    8.866
1404    4.8880005
1405    -7.866
1406    5.611
1407    -0.26399994
1408    1.543
1409    -0.724
1410    -3.537
1411    2.102
1412    -2.634
1413    5.584
1414    5.432
1415    -0.24599993
1416    9.859
1417    98.872
1418    -2.919
1419    7.0750003
1420    -4.569
1421    -1.7189999
1422    2.56
1423    3.388
1424    1.2600001
1425    -1.6079998
1426    6.681
1427    29.134
1428    7.491
1429    1.5000001
1430    3.821
1431    -0.25099993
1432    0.4640001
1433    3.364
1434    -3.9459996
1435    -2.5679998
1436    6.063
1437    6.749
1438    6.4500003
1439    2.2800002
1440    4.609
1441    4.7040005
1442    0.7290001
1443    2.581
1444    6.7200003
1445    1.484
1446    -2.3249998
1447    3.8610003
1448    0.65600014
1449    -1.3269997
1450    -7.828
1451    0.2750001
1452    3.75
1453    2.9420002
1454    6.3490005
1455    0.95300007
1456    1.1930003
1457    3.128
1458    5.037
1459    -2.135
1460    2.888
1461    15.076
1462    4.177
1463    4.127
1464    -5.303
1465    -1.773
1466    2.604
1467    -1.9599999
1468    -5.37
1469    2.955
1470    -3.3309999
1471    -3.277
1472    0.15200019
1473    0.45300007
1474    1.6930001
1475    8.202
1476    -1.362
1477    2.01
1478    3.2340002
1479    3.008
1480    3.2310002
1481    3.6020002
1482    -4.8739996
1483    -3.5809999
1484    5.0230002
1485    -3.0349998
1486    0.70300007
1487    1.7660003
1488    4.05
1489    0.8540001
1490    2.304
1491    -0.29599977
1492    1.95
1493    4.884
1494    4.215
1495    3.358
1496    3.1680002
1497    2.743
1498    2.611
1499    -3.251
1500    -3.056
1501    3.2570002
1502    4.256
1503    1.1100001
1504    6.4010005
1505    1.281
1506    5.955
1507    14.098
1508    3.2200003
1509    -8.691
1510    2.01
1511    -2.669
1512    8.126
1513    0.33300018
1514    2.967
1515    0.814
1516    2.0630002
1517    1.2250001
1518    2.3660002
1519    6.395
1520    3.4440002
1521    1.6270001
1522    3.611
1523    2.2640002
1524    3.2510004
1525    6.169
1526    0.8740001
1527    1.746
1528    -2.998
1529    1.2320001
1530    7.1540003
1531    3.8000002
1532    17.557
1533    -6.883
1534    0.7190001
1535    2.4900002
1536    0.61100006
1537    0.1420002
1538    2.463
1539    -17.896
1540    -0.95799994
1541    6.4940004
1542    3.312
1543    1.013
1544    -0.3139999
1545    -1.3339999
1546    1.7510002
1547    -10.828
1548    -3.1939998
1549    2.035
1550    4.509
1551    1.8180001
1552    -1.9819999
1553    1.6880001
1554    2.4940002
1555    -5.865
1556    74.942
1557    1.8240001
1558    -0.872
1559    -4.002
1560    1.6140001
1561    4.2730002
1562    2.0700002
1563    1.1690001
1564    0.1880002
1565    4.103
1566    -0.63099957
1567    -0.752
1568    3.21
1569    1.7150002
1570    1.8110001
1571    1.208
1572    0.6470003
1573    -0.42499995
1574    2.4020002
1575    2.5570002
1576    3.3600001
1577    -3.823
1578    2.279
1579    23.153
1580    0.6430001
1581    2.539
1582    0.12500048
1583    3.8560002
1584    -0.52199984
1585    -3.0359998
1586    9.861
1587    4.733
1588    1.4720001
1589    2.118
1590    0.29500008
1591    -6.3539996
1592    9.988
1593    9.43
1594    4.6520004
1595    5.354
1596    5.2060003
1597    3.209
1598    -4.592
1599    0.37100005
1600    2.9700003
