0    -28.523
1    -29.32
2    -36.813
3    -35.956
4    -28.936
5    -36.858
6    -28.726
7    -35.71
8    -34.869
9    -36.588
10    -36.56
11    -35.709
12    -28.758
13    -35.172
14    -34.771
15    -35.8
16    -38.07
17    -35.563
18    -28.833
19    -35.494
20    -35.692
21    -35.723
22    -35.464
23    -28.878
24    -35.438
25    -29.225
26    -36.899
27    -28.643
28    -36.81
29    -35.548
30    -36.075
31    -34.716
32    -37.108
33    -35.847
34    -35.638
35    -35.513
36    -35.309
37    -36.699
38    -36.849
39    -36.566
40    -35.936
41    -34.826
42    -37.743
43    -28.712
44    -35.625
45    -36.952
46    -28.894
47    -35.705
48    -35.485
49    -29.139
50    -36.831
51    -36.756
52    -35.795
53    -35.908
54    -36.848
55    -35.3
56    -36.688
57    -34.486
58    -35.436
59    -34.922
60    -35.877
61    -35.998
62    -28.641
63    -35.559
64    -38.181
65    -35.57
66    -36.761
67    -34.496
68    -36.834
69    -35.792
70    -35.944
71    -36.893
72    -34.944
73    -35.59
74    -34.742
75    -34.966
76    -28.621
77    -36.446
78    -35.706
79    -35.605
80    -37.684
81    -35.947
82    -35.861
83    -35.72
84    -36.817
85    -38.082
86    -36.759
87    -29.003
88    -36.572
89    -35.2
90    -35.794
91    -35.402
92    -37.297
93    -35.682
94    -35.611
95    -38.295
96    -36.686
97    -35.572998
98    -35.551
99    -37.065
100    -35.857
101    -35.433
102    -36.725
103    -37.106
104    -29.118
105    -35.569
106    -35.667
107    -28.862
108    -35.554
109    -28.937
110    -28.73
111    -35.402
112    -29.123
113    -35.81
114    -37.327
115    -36.032
116    -36.129
117    -35.849
118    -28.746
119    -28.9
120    -29.153
121    -36.072
122    -29.096
123    -35.726
124    -35.716
125    -29.213
126    -37.158
127    -35.61
128    -36.716
129    -35.688
130    -37.241
131    -36.749
132    -35.81
133    -35.484
134    -35.945
135    -29.321
136    -28.871
137    -35.792
138    -35.881
139    -35.727
140    -36.755
141    -37.65
142    -35.473
143    -36.535
144    -35.624
145    -28.771
146    -39.175
147    -39.499
148    -41.037
149    -32.759
150    -40.899
151    -39.81
152    -33.328
153    -39.666
154    -39.682
155    -40.411
156    -32.598
157    -39.588
158    -39.496
159    -32.887
160    -40.068
161    -39.694
162    -38.594
163    -40.667
164    -39.765
165    -39.226
166    -39.81
167    -33.113
168    -40.711
169    -41.042
170    -32.681
171    -40.846
172    -32.552
