0    1.9120001
1    1.5580001
2    1.922
3    2.1880002
4    1.632
5    1.356
6    -0.19699997
7    0.4590001
8    -0.21699995
9    0.3210001
10    0.24000001
11    0.27100003
12    -0.10799998
13    -0.18399996
14    -0.426
15    -0.14399993
16    -0.013999939
17    1.29
18    1.29
19    1.287
20    1.22
21    0.588
22    0.74
23    0.823
24    0.96400005
25    0.952
26    0.901
27    0.08100009
28    1.2720001
29    0.11400008
30    -0.06699997
31    1.439
32    0.82600003
33    1.0480001
34    0.96400005
35    1.116
36    1.6930001
37    0.99700004
38    1.1570001
39    1.3130001
40    2.1130002
41    -0.07799995
42    -0.0059999824
43    0.31500006
44    1.4000001
45    0.043000102
46    0.9260001
47    -0.05099994
48    0.4050001
49    -0.014999926
50    -0.022999942
51    -0.48999995
52    0.060000062
53    0.5640001
54    -0.14899999
55    0.32000005
56    0.4000001
57    -0.092999935
58    0.083000064
59    0.80400014
60    0.15500009
61    0.018000007
62    0.33500004
63    0.074
64    0.07200003
65    -0.041999936
66    0.07300007
67    0.26600003
68    0.2240001
69    0.64100003
70    -0.037999928
71    0.9200001
72    0.18300009
73    0.171
74    0.314
75    0.093000054
76    0.13400006
77    0.07300007
78    -0.082999945
79    -0.01999998
80    -0.047999978
81    0.40600002
82    -0.20699996
83    -0.25299996
84    0.263
85    -0.21299994
86    -0.30099994
87    0.13900006
88    0.011000037
89    -0.16299999
90    0.18300009
91    0.2930001
92    0.9640001
93    1.3130002
94    -0.18499994
95    0.106000066
96    0.4560001
97    0.51100004
98    -0.21399999
99    0.009000063
100    -0.14699996
101    0.13900006
102    0.55200005
103    0.125
104    0.0040000677
105    0.148
106    0.536
107    -0.031999946
108    0.10500002
109    0.014000058
110    -0.06999993
111    0.28100002
112    0.20800006
113    -0.23499995
114    0.116000056
115    0.16200006
116    0.096000075
117    0.11100006
118    0.2830001
119    0.32200003
120    -0.15099996
121    -0.21399999
122    -0.19299996
123    -0.08099997
124    0.35100007
125    0.014000058
126    -0.08799994
127    0.09200001
128    0.23200011
129    -0.20699996
130    0.12100005
131    -0.18499994
132    -0.009999931
133    0.41500008
134    0.148
135    0.2550001
136    0.013000011
137    0.15800011
138    -0.0029999614
139    0.18000007
140    0.18100011
141    0.036000013
142    0.027999997
143    0.058000088
144    0.30500007
145    0.3080001
146    0.16600001
147    -0.251
148    0.059000015
149    0.38300002
150    0.4180001
151    0.153
152    0.110000014
153    -0.48399997
154    0.11400008
155    0.3160001
156    0.5100001
157    0.3060001
158    0.35200012
159    0.014000058
160    0.49100006
161    -0.487
162    0.8340001
163    0.025000095
164    0.28400004
165    0.14400005
166    -0.48399997
167    0.3310001
168    0.11100006
169    -0.47999996
170    -0.47999996
171    0.13
172    0.03700006
173    -0.11499995
174    0.18200004
175    0.05400002
176    0.44300008
177    0.25300002
178    0.3310001
179    0.43400002
180    0.3060001
181    0.8670001
182    0.025000095
183    0.09000003
184    0.4870001
185    0.1910001
186    -1.833
187    -1.9339999
188    -1.951
189    -1.948
190    -1.298
191    -1.8149999
192    -1.129
193    -1.2499999
194    -1.9959999
195    -1.6869999
196    -1.3799999
197    -0.57799983
198    -1.9009999
199    -1.7939999
200    -1.65
201    -1.5949999
202    -1.688
203    -1.4189999
204    -1.767
205    -1.76
206    -1.8319999
207    -1.719
208    -0.9849999
209    -0.90999985
210    -1.7509999
211    -1.601
212    -1.7919999
213    -1.854
214    -1.836
215    -1.545
216    -2.031
217    -1.583
218    -1.5819999
219    -1.7169999
220    -1.4359999
221    -1.767
222    -1.0939999
223    -1.862
224    -1.737
225    -1.9109999
226    -1.8959999
227    -1.668
228    -2.203
229    -1.7959999
230    -1.5929999
231    -1.688
232    -1.479
233    -1.4819999
234    -1.5109999
235    -2.001
236    -1.162
237    -1.8829999
238    -1.5919999
239    -1.885
240    -1.7299999
241    -2.052
242    -1.9799999
243    -1.706
244    -1.5239999
245    -1.739
246    -1.729
247    -1.601
248    -1.7579999
249    -1.869
250    -2.152
251    -1.7789999
252    -1.834
253    -1.752
254    -1.619
255    -1.584
256    -1.7889999
257    -1.824
258    -1.497
259    -1.76
260    -1.887
261    -1.7989999
262    -1.704
263    -1.7579999
264    -1.4189999
265    -1.8599999
266    -1.9749999
267    -1.4909999
268    -2.0049999
269    -1.91
270    -1.8169999
271    -1.7249999
272    -1.9289999
273    -1.5789999
274    -0.43199992
275    -1.583
276    -1.6689999
277    -1.2049999
278    -1.972
279    -1.9169999
280    -1.3649999
281    -1.693
282    -1.5999999
283    -1.3809999
284    -1.793
285    -1.752
286    -2.1399999
287    -1.5179999
288    -1.78
289    -1.4219999
290    -1.824
291    -1.6149999
292    -1.7219999
293    -1.1909999
294    -1.8419999
295    -1.902
296    -1.813
297    -0.773
298    -1.3629999
299    -1.3629999
300    -1.1659999
301    -1.637
302    -1.6229999
303    -0.8319998
304    -1.2919999
305    -2.218
306    -1.4209999
307    -1.8729999
308    -1.1359999
309    -1.545
310    -1.637
311    -1.489
312    -1.2399999
313    -1.553
314    -1.2379999
315    -1.527
316    -1.492
317    -1.558
318    -1.5329999
319    -1.6459999
320    -1.377
321    -0.86899996
322    -1.5719999
323    -1.6429999
324    -1.395
325    -1.4029999
326    -1.402
327    -1.395
328    -1.543
329    -1.555
330    -1.239
331    -1.456
332    -1.3959999
333    -1.591
334    -0.31499982
335    -0.6379998
336    -1.611
337    -1.53
338    -1.576
339    -1.56
340    -1.5559999
341    -1.3799999
342    -1.481
343    -1.584
344    -1.435
345    -1.5409999
346    -1.369
347    -1.7739999
348    -1.318
349    -1.3809999
350    -1.607
351    -1.581
352    -1.7129999
353    -1.658
354    -1.3669999
355    -1.515
356    -1.6819999
357    -1.5869999
358    -1.6329999
359    -1.6509999
360    -2.023
361    -1.4
362    -1.5719999
363    -1.2889999
364    -1.805
365    -1.4619999
366    -1.548
367    -1.581
368    -1.4669999
369    -1.681
370    -1.346
371    -1.5799999
372    -1.6459999
373    -1.4909999
374    -2.209
375    -1.6459999
376    -1.583
377    -1.328
378    -1.5789999
379    -1.5749999
380    -1.346
381    -1.515
382    -1.665
383    -1.2249999
384    -1.5059999
385    -1.775
386    -1.3679999
387    -1.6509999
388    -1.4669999
389    -1.778
390    -1.53
391    -1.601
392    -1.438
393    -1.379
394    -1.3209999
395    -1.384
396    -1.328
397    -1.53
398    -1.893
399    -1.2019999
400    -1.5079999
401    -1.6659999
402    -0.8939998
403    -1.907
404    -1.206
405    -1.5619999
406    -1.828
407    -1.461
408    -1.405
409    -1.665
410    -1.949
411    -1.892
412    -1.4899999
413    -1.7169999
414    -1.285
415    -1.537
416    -1.7729999
417    -1.844
418    -1.558
419    -1.4339999
420    -1.634
421    -1.7409999
422    -1.2609999
423    -1.5229999
424    -0.6639998
425    -1.5649999
426    -1.6709999
427    -1.4829999
428    -1.3779999
429    -0.68299985
430    -1.1769999
431    -0.3449998
432    -1.6789999
433    -1.5789999
434    -1.6439999
435    -0.8269999
436    -1.3479999
437    -1.759
438    -1.494
439    -1.6559999
440    -1.4619999
441    -1.3679999
442    -0.9069998
443    -1.6129999
444    -1.5799999
445    -1.584
446    -1.647
447    -1.538
448    -1.708
449    -1.2179999
450    -1.5469999
451    -1.3069999
452    -1.6689999
453    -1.3879999
454    -1.6509999
455    -1.721
456    -1.525
457    -1.6639999
458    -1.851
459    -1.4979999
460    -1.568
461    -1.6229999
462    -1.4869999
463    -1.0479999
464    -1.856
465    -1.464
466    -1.5879999
467    -1.711
468    -1.1019999
469    -1.17
470    -0.8239999
471    -1.4359999
472    -1.4959999
473    -1.303
474    -1.4589999
475    -1.3669999
476    -1.5689999
477    -1.6329999
478    -1.4629999
479    -1.7409999
480    -1.369
481    -1.6379999
482    -1.479
483    -1.6229999
484    -1.9469999
485    -1.4189999
486    -1.481
487    -1.359
488    -1.6459999
489    -1.443
490    -1.2609999
491    -1.634
492    -1.6159999
493    -1.5189999
494    -1.8649999
495    -1.1909999
496    -1.6999999
497    -1.9519999
498    -1.777
499    -1.6209999
500    -1.3729999
501    -1.6689999
502    -1.428
503    -1.6719999
504    -1.6249999
505    -1.708
506    -1.5489999
507    -1.489
508    -1.6689999
509    -1.6589999
510    -1.2649999
511    -1.9089999
512    -1.499
513    -1.0929999
514    -1.4489999
515    -1.2739999
516    -1.6789999
517    -1.9239999
518    -1.4979999
519    -1.3709999
520    -1.884
521    -1.395
522    -1.5439999
523    -1.3649999
524    -1.3989999
525    -2.1929998
526    -1.578
527    -1.132
528    -1.7379999
529    -1.183
530    -1.5869999
531    -1.3169999
532    -1.4599999
533    -1.711
534    -1.5719999
535    -1.573
536    -1.686
537    -1.5009999
538    -1.642
539    -0.91199994
540    -1.382
541    -0.77699995
542    -1.5969999
543    -1.2989999
544    -1.5509999
545    -1.6949999
546    -1.5879999
547    -1.6019999
548    -1.7659999
549    -1.78
550    -1.607
551    -1.5079999
552    -1.893
553    -1.5099999
554    -1.601
555    -1.423
556    -1.2189999
557    -1.4079999
558    -1.2189999
559    -1.2119999
560    -1.7859999
561    -1.41
562    -1.5079999
563    1.2050004
564    -1.614
565    -1.6129999
566    -1.522
567    -1.425
568    -1.777
569    -1.497
570    -1.6759999
571    -1.6769999
572    -1.6989999
573    -1.696
574    -1.6739999
575    -1.693
576    -1.6899999
577    -1.645
578    -1.66
579    -1.6819999
580    -1.6899999
581    -1.65
582    -1.6919999
583    -1.652
584    -1.6429999
585    -1.6709999
586    -1.7019999
587    -1.6899999
588    -1.66
589    -1.6839999
590    -1.6509999
591    -1.681
592    -1.686
593    -1.662
594    -1.6919999
595    -1.635
596    -1.6899999
597    -1.6709999
598    -1.66
599    -1.673
600    -1.6819999
601    -1.6719999
602    -1.711
603    -1.68
604    -1.6689999
605    -1.663
606    -1.6899999
607    -1.7169999
608    -1.686
609    -1.704
610    -1.698
611    -1.673
612    -1.6429999
613    -1.6589999
614    -1.673
615    -1.6999999
616    -1.635
617    -1.673
618    -1.6509999
619    -1.6439999
620    -1.665
621    -1.673
622    -1.6869999
623    -1.6919999
624    -1.686
625    -1.6529999
626    -1.6789999
627    -1.696
628    -1.6989999
629    -1.6939999
630    -1.6389999
631    -1.681
632    -1.7119999
633    -1.6899999
634    -1.7049999
635    -1.698
636    -1.6529999
637    -1.6759999
638    -1.6769999
639    -1.668
640    -1.6689999
641    -1.696
642    -1.662
643    -1.6709999
644    -1.673
645    -1.6639999
646    -1.6839999
647    -1.6769999
648    -1.7069999
649    -1.6669999
650    -1.6769999
651    -1.6639999
652    -1.6529999
653    -1.68
654    -1.6689999
655    -1.6899999
656    -1.683
657    -1.652
658    -1.655
659    -1.7119999
660    -0.40999985
661    -0.44399977
662    -0.45799994
663    -0.40899992
664    -0.42199993
665    -0.43999982
666    -0.43299985
667    -0.431
668    -0.431
669    -0.44899988
670    0.71700025
671    -0.34399986
672    -0.30899978
673    -0.28599977
674    -0.23999977
675    -0.44599986
676    -0.464
677    -0.44499993
678    -0.43599987
679    -0.4369998
680    -0.6129999
681    -0.06599975
682    -0.454
683    -0.41499996
684    -0.25899982
685    -0.40899992
686    -0.44899988
687    -0.431
688    -0.42199993
689    -0.4519999
690    -0.17799997
691    -0.39399981
692    -0.34899998
693    -0.35599995
694    0.5810001
695    -0.45599985
696    -0.44499993
697    -0.4499998
698    -0.44899988
699    -0.45899987
700    0.35200024
701    -0.5519998
702    -0.28699994
703    0.04400015
704    -0.7659998
705    -0.20099998
706    3.0970001
707    -0.39799976
708    -0.38199997
709    2.3841858E-7
710    -0.45799994
711    -0.4419999
712    -0.4269998
713    -0.4499998
714    -0.41099977
715    -0.34899998
716    0.3000002
717    -0.34199977
718    -0.19799995
719    -0.47399998
720    -0.4469998
721    -0.45299983
722    -0.4419999
723    -0.44799995
724    -0.45799994
725    -0.36399984
726    -0.6999998
727    -0.28599977
728    -0.07399988
729    0.019000053
730    -0.45099998
731    -0.43299985
732    -0.46799994
733    -0.47599983
734    -0.42599988
735    0.1270001
736    -0.75
737    -0.30999994
738    -0.38799977
739    -0.09799981
740    -0.43499994
741    -0.39899993
742    -0.47399998
743    -0.4289999
744    -0.44399977
745    -0.24199986
746    -0.2119999
747    -0.15899992
748    -0.5589998
749    -0.29199982
750    -0.431
751    -0.47399998
752    -0.43599987
753    -0.45899987
754    -0.42799997
755    -0.694
756    0.2550001
757    0.09800005
758    -0.9629998
759    -0.37199998
760    -0.46599984
761    -0.4419999
762    -0.43499994
763    -0.43299985
764    -0.39899993
765    -0.001999855
766    -0.25199986
767    -0.2579999
768    -0.1789999
769    -0.31499982
770    -0.43999982
771    -0.40899992
772    -0.4519999
773    -0.45699978
774    -0.45699978
775    -0.2349999
776    -0.37799978
777    -0.20699978
778    -0.61899996
779    -0.2679999
780    -0.454
781    -0.41299987
782    -0.42199993
783    -0.44799995
784    -0.44299984
785    -0.31799984
786    -0.7249999
787    -0.6299999
788    -0.33399987
789    -0.44899988
790    -0.4599998
791    -0.4699998
792    -0.45299983
793    -0.4289999
794    -0.44399977
795    -0.29999995
796    -0.30999994
797    -0.5029998
798    -0.18499994
799    0.07600021
800    -0.4519999
801    -0.4239998
802    -0.43299985
803    -0.4419999
804    -0.40899992
805    -0.45099998
806    -0.44599986
807    -0.43299985
808    -0.44399977
809    -0.47799993
810    -0.20899987
811    -0.2559998
812    -0.16899991
813    0.08700013
814    1.598
815    -0.4239998
816    -0.41699982
817    -0.4499998
818    -0.47099996
819    -0.45699978
820    -0.28499985
821    -0.041999817
822    0.48800015
823    -0.36299992
824    0.25900006
825    -0.42799997
826    -0.42099977
827    -0.4499998
828    -0.47999978
829    -0.45799994
830    -0.20499992
831    -0.4269998
832    -0.14299989
833    -0.20099998
834    -0.17399979
835    -0.4389999
836    -0.431
837    -0.45599985
838    -0.4699998
839    -0.4469998
840    -0.1559999
841    0.0050001144
842    -0.3249998
843    -0.20399976
844    0.029000044
845    -0.4059999
846    -0.43499994
847    -0.42499995
848    -0.44099998
849    -0.43999982
850    -0.43999982
851    -0.2019999
852    -0.1409998
853    -0.4139998
854    -0.33099985
855    -0.36599994
856    -0.46799994
857    -0.4419999
858    -0.47799993
859    -0.42599988
860    -0.4389999
861    -0.14499998
862    -0.951
863    -0.26099992
864    -0.51499987
865    -0.33299994
866    -0.42499995
867    -0.44499993
868    -0.45799994
869    -0.454
870    -0.4519999
871    -0.30899978
872    -0.07499981
873    -0.12099981
874    0.05000019
875    -0.22399998
876    -0.42799997
877    -0.4469998
878    -0.43299985
879    -0.4369998
880    -0.41099977
881    -0.27499986
882    -0.62899995
883    -0.681
884    -0.19499993
885    -0.42299986
886    -0.4619999
887    -0.42299986
888    -0.44899988
889    -0.4289999
890    -0.45599985
891    -0.9549999
892    -0.40299988
893    -0.43299985
894    -0.001999855
895    -0.08099985
896    -0.4519999
897    -0.44099998
898    -0.431
899    -0.44799995
900    -0.4599998
901    -0.5289998
902    0.31400013
903    -0.22599983
904    -0.34099984
905    -0.46299982
906    -0.4389999
907    -0.40699983
908    -0.42999983
909    -0.42599988
910    -0.44299984
911    -0.2939999
912    -0.20099998
913    -0.1539998
914    -0.4649999
915    -0.13499975
916    -0.42099977
917    -0.4419999
918    -0.46599984
919    -0.4599998
920    -0.45599985
921    -0.21799994
922    -0.4369998
923    -0.32999992
924    -0.14199996
925    -0.28299975
926    -0.431
927    -0.41999984
928    -0.464
929    -0.43399978
930    -0.43299985
931    -0.38699985
932    -0.51
933    0.28100014
934    -0.10899997
935    -0.18599987
936    -0.4389999
937    -0.39699984
938    -0.45899987
939    -0.454
940    -0.42599988
941    -0.31599998
942    -0.015999794
943    -0.22099996
944    0.56500006
945    -0.26099992
946    -0.4189999
947    -0.42999983
948    -0.4419999
949    -0.4389999
950    -0.431
951    -0.52699995
952    -0.39799976
953    -0.17999983
954    -0.33199978
955    -0.21399999
956    -0.46699977
957    -0.4469998
958    -0.4599998
959    -0.45299983
960    -0.45799994
961    -0.4189999
962    -0.39499998
963    -0.612
964    -0.32099986
965    -0.16099977
966    -0.45599985
967    -0.47199988
968    -0.40999985
969    -0.4239998
970    -0.454
971    -0.23799992
972    -0.25699997
973    -0.07099986
974    -0.20599985
975    -0.04799986
976    1.0
977    -0.42199993
978    -0.41499996
979    1.0
980    1.0
981    -0.4469998
982    -0.44399977
983    -0.43199992
984    -0.28399992
985    0.7920003
986    -0.22299981
987    -0.31899977
988    -0.54799986
989    -0.34699988
990    -0.3729999
991    -0.32899976
992    0.03300023
993    -0.5179999
994    -0.4239998
995    -0.44299984
996    -0.46299982
997    -0.4239998
998    -0.454
999    -0.16899991
1000    -0.533
1001    -0.431
1002    -0.44099998
1003    -9.999275E-4
1004    -0.43299985
1005    -0.43499994
1006    -0.4239998
1007    -0.43999982
1008    -0.43399978
1009    -0.06599975
1010    -0.030999899
1011    -0.22899985
1012    -0.6969998
1013    -0.37799978
1014    -0.43499994
1015    -0.43299985
1016    -0.43999982
1017    -0.4139998
1018    -0.45599985
1019    -0.35399985
1020    -0.34099984
1021    -0.059999943
1022    -0.46299982
1023    1.6470003
1024    -0.1769998
1025    -0.3219998
1026    -0.39999986
1027    -0.42199993
1028    -0.23399997
1029    -0.42299986
1030    -0.4189999
1031    -0.39499998
1032    -0.45699978
1033    -0.4499998
1034    -0.4159999
1035    0.2340002
1036    -0.05799985
1037    -0.3219998
1038    0.22800016
1039    -0.43299985
1040    -0.3929999
1041    -0.4599998
1042    -0.43799996
1043    -0.42099977
1044    -0.53999996
1045    -0.31099987
1046    -0.3039999
1047    -0.37499976
1048    0.15300012
1049    -0.44799995
1050    -0.4289999
1051    -0.46599984
1052    -0.4619999
1053    -0.42799997
1054    -0.339
1055    -0.3699999
1056    0.24900007
1057    -0.2479999
1058    -0.26199985
1059    -0.4469998
1060    -0.45599985
1061    -0.42299986
1062    -0.4599998
1063    -0.4499998
1064    -0.04399991
1065    -0.19199991
1066    -0.45099998
1067    -0.30699992
1068    -0.43599987
1069    -0.40299988
1070    -0.44599986
1071    -0.41999984
1072    -0.464
1073    -0.42599988
1074    -0.43399978
1075    -0.4289999
1076    -0.42599988
1077    -0.464
1078    -0.44299984
1079    -0.4599998
1080    -0.44299984
1081    -0.42999983
1082    -0.43299985
1083    -0.454
1084    -0.60599995
1085    -0.08699989
1086    -0.34299994
1087    -0.21799994
1088    -0.24399996
1089    -0.44899988
1090    -0.43499994
1091    -0.4499998
1092    -0.45599985
1093    -0.43999982
1094    -0.1539998
1095    -0.35399985
1096    0.37500024
1097    0.95300007
1098    -0.18099976
1099    -0.24999976
1100    -0.2119999
1101    -0.23199987
1102    -0.23599982
1103    -0.24499989
1104    0.6860001
1105    0.6470001
1106    0.6270001
1107    0.6350002
1108    0.7010002
1109    0.82700014
1110    0.89800024
1111    0.95400023
1112    0.9250002
1113    0.9050002
1114    0.6700001
1115    0.71200013
1116    0.69400024
1117    0.66900015
1118    0.6630001
1119    0.95200014
1120    0.9830003
1121    0.6240001
1122    0.7180002
1123    0.54400015
1124    0.6830001
1125    0.6730001
1126    0.6960001
1127    0.6870003
1128    0.69000006
1129    0.6760001
1130    0.6890001
1131    0.68200016
1132    0.66100025
1133    0.66700006
1134    0.87800026
1135    0.9460001
1136    0.88300014
1137    1.6790004
1138    0.8150003
1139    0.72800016
1140    0.69000006
1141    0.7340002
1142    0.70700026
1143    0.7230003
1144    1.0170002
1145    0.6200001
1146    0.9730003
1147    0.76300025
1148    1.0640001
1149    0.71300006
1150    0.7010002
1151    0.7340002
1152    0.68200016
1153    0.71700025
1154    0.75000024
1155    0.9660001
1156    0.8140001
1157    0.6780002
1158    1.6360002
1159    0.75800014
1160    0.7140002
1161    0.7390001
1162    0.71500015
1163    0.7190001
1164    0.7410002
1165    0.70200014
1166    0.6890001
1167    0.71700025
1168    0.73600006
1169    0.6040001
1170    0.9460001
1171    0.7680001
1172    0.9920001
1173    0.9360001
1174    0.7140002
1175    0.7440002
1176    0.7660003
1177    0.7320001
1178    0.6990001
1179    1.3990002
1180    0.5970001
1181    1.046
1182    1.0250001
1183    0.44700027
1184    0.7570002
1185    0.73500013
1186    0.7090001
1187    0.7080002
1188    0.72500014
1189    0.7390001
1190    0.7310002
1191    0.7370002
1192    0.7290001
1193    0.7790003
1194    0.8010001
1195    0.9640002
1196    0.9050002
1197    0.88800025
1198    0.7890003
1199    0.7600002
1200    0.7220001
1201    0.7450001
1202    0.7090001
1203    0.76300025
1204    1.0730004
1205    0.6430001
1206    1.039
1207    1.1630001
1208    1.5420003
1209    0.7320001
1210    0.7550001
1211    0.74300027
1212    0.7800002
1213    0.7420001
1214    0.8820002
1215    0.88300014
1216    0.83000016
1217    0.9260001
1218    0.8690002
1219    0.7670002
1220    0.7010002
1221    0.7680001
1222    0.76100016
1223    0.7750001
1224    1.6570001
1225    1.0160003
1226    0.94200015
1227    0.75800014
1228    0.73800015
1229    0.7470002
1230    0.7240002
1231    0.82900023
1232    1.8890004
1233    1.0750003
1234    1.5310001
1235    0.75300026
1236    0.75100017
1237    0.75800014
1238    0.7670002
1239    1.0610003
1240    1.0680003
1241    1.21
1242    0.97800016
1243    0.75900006
1244    0.74300027
1245    0.7640002
1246    0.7410002
1247    0.8950002
1248    0.9360001
1249    0.85200024
1250    1.25
1251    0.72000027
1252    0.77100015
1253    0.7370002
1254    0.7190001
1255    0.8180001
1256    0.8080001
1257    0.8410001
1258    0.46700025
1259    0.7440002
1260    0.7320001
1261    0.72000027
1262    0.7370002
1263    0.9560001
1264    0.88600016
1265    1.0240002
1266    0.57200027
1267    0.9680002
1268    0.7100003
1269    0.73600006
1270    0.7090001
1271    0.7370002
1272    0.79700017
1273    0.6830001
1274    0.94200015
1275    0.82700014
1276    0.7410002
1277    0.72700024
1278    0.7520001
1279    0.73000026
1280    1.3140001
1281    0.76300025
1282    0.9160001
1283    0.8150003
1284    0.74000025
1285    0.75000024
1286    0.7640002
1287    0.7650001
1288    1.0760002
1289    0.21300006
1290    1.0810003
1291    1.395
1292    0.8430002
1293    0.68200016
1294    2.6480002
1295    1.474
1296    0.75100017
1297    0.7640002
1298    0.7690003
1299    0.73000026
1300    0.82800007
1301    0.24000025
1302    0.77400017
1303    0.9000001
1304    0.7420001
1305    0.75900006
1306    0.7110002
1307    0.7100003
1308    1.053
1309    1.5360003
1310    0.79700017
1311    1.1950002
1312    0.75100017
1313    0.7420001
1314    0.73000026
1315    0.7320001
1316    0.6530001
1317    1.6650004
1318    1.1760001
1319    1.2590003
1320    0.7260001
1321    0.7440002
1322    0.7650001
1323    0.7090001
1324    0.7490001
1325    0.7770002
1326    0.7470002
1327    0.7470002
1328    0.79600024
1329    0.7720001
1330    0.75300026
1331    0.77300024
1332    0.7980001
1333    1.1980004
1334    0.84000015
1335    0.79600024
1336    0.7600002
1337    0.7310002
1338    0.77600026
1339    0.7570002
1340    0.8800001
1341    1.6630001
1342    1.112
1343    0.44200015
1344    0.73500013
1345    0.7570002
1346    0.73800015
1347    0.79600024
1348    0.9710002
1349    1.1560001
1350    0.59200025
1351    0.9560001
1352    0.7880001
1353    0.7540002
1354    0.77600026
1355    0.7310002
1356    0.8140001
1357    0.91900015
1358    1.0610003
1359    1.072
1360    0.75100017
1361    0.7660003
1362    0.77400017
1363    0.77600026
1364    1.2510004
1365    0.8240001
1366    0.5980003
1367    1.007
1368    0.75900006
1369    0.7520001
1370    0.7470002
1371    0.73800015
1372    1.138
1373    0.7870002
1374    0.72800016
1375    1.1410003
1376    0.78200006
1377    0.78400016
1378    0.7470002
1379    0.7570002
1380    0.93400025
1381    0.9870002
1382    0.7880001
1383    0.9140003
1384    0.77600026
1385    0.79600024
1386    0.7600002
1387    0.76100016
1388    0.7090001
1389    1.2220001
1390    0.86500025
1391    1.1950002
1392    0.75900006
1393    0.8080001
1394    0.7690003
1395    0.7690003
1396    0.9740002
1397    0.49100018
1398    1.4650002
1399    0.6630001
1400    0.7470002
1401    0.7680001
1402    0.7690003
1403    0.76300025
1404    1.007
1405    0.9230001
1406    1.164
1407    1.585
1408    0.7450001
1409    0.7880001
1410    0.7570002
1411    0.7660003
1412    1.1830001
1413    1.0250001
1414    0.7900002
1415    0.89800024
1416    0.74300027
1417    0.7720001
1418    0.7650001
1419    0.79700017
1420    0.7800002
1421    0.9710002
1422    0.9480002
1423    0.7560003
1424    0.77300024
1425    0.7570002
1426    0.7600002
1427    1.1690001
1428    0.9130001
1429    0.8210001
1430    0.9760001
1431    0.8120003
1432    0.7310002
1433    0.76100016
1434    0.7490001
1435    -0.819
1436    -0.431
1437    -0.76699996
1438    1.342
1439    -1.1959999
1440    0.40600014
1441    0.03000021
1442    -0.42099977
1443    -0.32999992
1444    1.3240004
1445    1.5010004
1446    -0.79799986
1447    -0.6339998
1448    -0.4239998
1449    -0.99899983
1450    2.9300003
1451    -0.5969999
1452    -0.477
1453    -0.45799994
1454    -0.45799994
1455    0.39800024
1456    -1.0879999
1457    -0.29599977
1458    0.98000026
1459    1.2410002
1460    -0.7329998
1461    -0.668
1462    -0.6569998
1463    0.052000046
1464    -0.28699994
1465    0.95500016
1466    -0.0849998
1467    1.4320002
1468    -0.27999997
1469    0.14600015
1470    -1.2779999
1471    -0.905
1472    0.05100012
1473    0.9180002
1474    1.1700001
1475    1.322
1476    -1.0049999
1477    -1.2169999
1478    -0.33199978
1479    0.9130001
1480    4.7220006
1481    -0.5749998
1482    -0.48799992
1483    -0.6989999
1484    -0.66199994
1485    2.6260004
1486    0.50800014
1487    1.0040002
1488    -1.106
1489    0.74000025
1490    -0.5079999
1491    4.0220003
1492    0.30600023
1493    0.88800025
1494    0.28700018
1495    0.3590002
1496    -0.7989998
1497    -0.9039998
1498    2.8110003
1499    3.5770001
1500    0.008000135
1501    -1.3859999
1502    17.641
1503    -0.8959999
1504    -0.092999935
1505    -0.34199977
1506    0.6010001
1507    1.8640003
1508    0.1400001
1509    0.79400015
1510    -1.1819999
1511    0.021000147
1512    0.120000124
1513    -0.77199984
1514    -0.951
1515    0.34900022
1516    1.3120003
1517    1.7610002
1518    0.4790001
1519    -0.5259998
1520    -0.07799983
1521    -0.17599988
1522    -0.56799984
1523    0.84200025
1524    1.5100002
1525    -0.7319999
1526    0.59200025
1527    -0.32799983
1528    0.30700016
1529    -0.39399981
1530    0.8770001
1531    -0.041999817
1532    -0.2479999
1533    0.45400023
1534    0.2440002
1535    -0.20899987
1536    -0.5569999
1537    0.36100006
1538    0.059000254
1539    -0.7559998
1540    -0.9089999
1541    0.8210001
1542    -0.658
1543    -0.50399995
1544    -0.26099992
1545    0.2520001
1546    -0.7279999
1547    -1.183
1548    -0.71099997
1549    -0.98
1550    -0.95599985
1551    -0.04399991
1552    -0.88699985
1553    1.085
1554    -0.007999897
1555    -0.9029999
1556    -1.0389999
1557    -0.5899999
1558    -0.41699982
1559    -0.6069999
1560    -0.50199986
1561    1.2000003
1562    -0.46599984
1563    0.22700024
1564    -0.8989999
1565    -0.8319998
1566    -0.8799999
1567    -0.27299976
1568    -0.92199993
1569    -0.974
1570    -0.26899981
1571    -0.37699986
1572    -0.20399976
1573    1.4350004
1574    -0.35299993
1575    0.04300022
1576    1.145
1577    -0.71599984
1578    -0.9649999
1579    1.3270001
1580    0.123000145
1581    3.9110003
1582    -0.5899999
1583    -0.51699996
1584    -0.862
1585    -0.19299984
1586    -0.49899983
1587    -0.33199978
1588    1.3520002
1589    3.8200002
1590    -0.0059998035
1591    2.8900003
1592    -0.95299983
1593    0.099000216
1594    5.7130003
1595    -1.2119999
1596    -0.39399981
1597    -1.1639999
1598    0.23000026
1599    0.3000002
1600    -0.10499978
1601    -0.6099999
1602    0.07600021
1603    1.158
1604    1.4910002
1605    -0.6129999
1606    -0.13799977
1607    -0.09399986
1608    0.13000011
1609    -0.8269999
1610    -0.71899986
1611    -1.0619999
1612    0.48900008
1613    -0.29499984
1614    -1.216
1615    2.459
1616    0.1630001
1617    0.49000025
1618    0.82800007
1619    -0.7549999
1620    1.1990004
1621    1.0570002
1622    -0.7549999
1623    0.07700014
1624    0.9360001
1625    1.1300001
1626    -0.43299985
1627    -0.42499995
1628    -1.54
1629    0.7180002
1630    -0.79699993
1631    -0.2939999
1632    0.80500007
1633    -0.37999988
1634    -0.51499987
1635    -0.39399981
1636    -0.2249999
1637    -0.14899993
1638    -1.137
1639    0.68000007
1640    -0.57099986
1641    -0.13599992
1642    0.9000001
1643    0.0050001144
1644    -0.35699987
1645    -0.9269998
1646    0.13300014
1647    0.37200022
1648    0.39300013
1649    1.0310001
1650    -0.23399997
1651    -0.9599998
1652    -0.2789998
1653    0.6440003
1654    -0.22199988
1655    -0.51
1656    0.5140002
1657    1.276
1658    -0.39999986
1659    4.4460006
1660    -0.44499993
1661    0.2440002
1662    0.006000042
1663    -0.9389999
1664    -0.602
1665    -0.30899978
1666    1.0630002
1667    -0.51499987
1668    -0.8269999
1669    -0.085999966
1670    0.6320002
1671    -0.8019998
1672    -0.5839999
1673    -0.69499993
1674    0.21300006
1675    -0.12899995
1676    -1.221
1677    -1.3579999
1678    -1.1499999
1679    -0.668
1680    0.099000216
1681    0.69200015
1682    -0.13399982
1683    -0.61399984
1684    1.9390001
1685    -0.80999994
1686    0.9350002
1687    1.1820002
1688    -0.6819999
1689    1.9090004
1690    0.31900024
1691    0.10200024
1692    0.58000016
1693    0.07700014
1694    0.40900016
1695    -0.98899984
1696    -1.1819999
1697    -0.5419998
1698    -0.63899994
1699    0.44700027
1700    -0.061999798
1701    -1.0049999
1702    0.33200026
1703    -0.5609999
1704    1.7900004
1705    -0.34899998
1706    1.2280002
1707    -0.09899998
1708    -0.28299975
1709    -0.42499995
1710    -1.2179999
1711    1.2210002
1712    -0.32399988
1713    -0.99099994
1714    -0.33099985
1715    -0.12299991
1716    1.1300001
1717    -0.45299983
1718    1.1230001
1719    -0.9039998
1720    1.3280001
1721    -0.6029999
1722    1.0680003
1723    -0.35299993
1724    1.71
1725    -0.2659998
1726    1.033
1727    1.1920004
1728    -0.5319998
1729    -0.19399977
1730    2.2130003
1731    1.0040002
1732    1.5170002
1733    0.05000019
1734    -0.29199982
1735    0.6120002
1736    -1.0969999
1737    0.52300024
1738    0.007000208
1739    0.007000208
1740    -0.6669998
1741    -0.0069999695
1742    -0.93499994
1743    -0.4599998
1744    0.4690001
1745    -0.12999988
1746    0.6070001
1747    -1.0139999
1748    -0.2099998
1749    0.20000005
1750    -0.724
1751    -0.84099984
1752    0.1650002
1753    -0.3579998
1754    -0.658
1755    -1.257
1756    -0.69299984
1757    -0.6609998
1758    7.2540007
1759    -0.31599998
1760    -0.714
1761    0.113000154
1762    -0.18399978
1763    -0.46899986
1764    -0.19099998
1765    -0.15799975
1766    -1.254
1767    -0.034999847
1768    0.8490002
1769    -0.60399985
1770    1.1980004
1771    2.6740003
1772    1.1540003
1773    1.164
1774    -1.56
1775    -0.9389999
1776    1.5150003
1777    1.098
1778    -1.0919999
1779    -0.26999998
1780    -0.32599998
1781    -0.11199975
1782    -0.96099997
1783    0.1420002
1784    0.22000027
1785    0.26400018
1786    2.137
1787    -0.58299994
1788    -0.5649998
1789    -1.1409999
1790    -0.4039998
1791    -0.71799994
1792    -0.47599983
1793    0.23900008
1794    -0.98
1795    -1.5749999
1796    -0.39999986
1797    -0.4369998
1798    0.2980001
1799    0.03700018
1800    -0.44799995
1801    0.61500025
1802    1.6980004
1803    1.6500001
1804    0.11500025
1805    0.15600014
1806    0.65600014
1807    0.33700013
1808    -0.6669998
1809    -0.12299991
1810    -0.9629998
1811    2.105
1812    0.028000116
1813    -0.034999847
1814    0.6650002
1815    1.6740003
1816    0.016000032
1817    0.71500015
1818    -0.9879999
1819    -0.6339998
1820    -0.37199998
1821    -0.34099984
1822    -0.53699994
1823    -0.655
1824    -0.35399985
1825    -0.15099978
1826    -0.43299985
1827    0.23800015
1828    -1.374
1829    -1.53
1830    -0.6109998
1831    -0.15499997
1832    -0.06799984
1833    -0.15999985
1834    -0.7429998
1835    0.5160003
1836    -1.216
1837    -0.6769998
1838    -0.6299999
1839    0.3670001
1840    0.09800005
1841    0.7870002
1842    -0.98
1843    -0.727
1844    -0.69599986
1845    0.36400008
1846    -0.45099998
1847    -0.8379998
1848    3.8280005
1849    -0.35699987
1850    -0.78499985
1851    0.54200006
1852    1.2880001
1853    0.6880002
1854    0.8210001
1855    0.3460002
1856    6.8
1857    -0.7789998
1858    0.9910002
1859    -1.538
1860    2.3841858E-7
1861    1.4390001
1862    -0.3699999
1863    1.4160004
1864    1.7530003
1865    1.1610003
1866    -0.02399993
1867    -0.01699996
1868    -0.5899999
1869    -1.0409999
1870    0.08500004
1871    -0.5319998
1872    -0.18399978
1873    -0.7379999
1874    0.11400008
1875    -0.49099994
1876    -0.004999876
1877    0.8560002
1878    -0.1079998
1879    0.039000034
1880    -0.944
1881    -0.97599983
1882    -1.0849999
1883    -0.5589998
1884    -1.3779999
1885    1.316
1886    -0.19599986
1887    -0.3479998
1888    0.2880001
1889    -0.42299986
1890    -1.1899999
1891    -0.918
1892    -0.22399998
1893    -0.36499977
1894    0.63400006
1895    -0.8679998
1896    -1.31
1897    0.03300023
1898    0.46700025
1899    -0.612
1900    1.4890003
1901    1.0780001
1902    0.8020003
1903    0.20300007
1904    0.11400008
1905    1.5600004
1906    -0.6069999
1907    -0.8599999
1908    -0.6919999
1909    -0.35399985
1910    0.31500006
1911    0.53400016
1912    1.1460004
1913    -0.007999897
1914    0.97800016
1915    0.46000028
1916    -0.5259998
1917    0.9330001
1918    -0.21299982
1919    -0.5389998
1920    1.776
1921    -0.9069998
1922    -0.95599985
1923    -1.2189999
1924    -0.042999744
1925    0.49000025
1926    -0.39199996
1927    -0.7049999
1928    -0.20399976
1929    -0.30099988
1930    0.11500025
1931    -0.6259999
1932    0.66700006
1933    3.0070004
1934    0.6170001
1935    0.86800027
1936    -0.7219999
1937    -0.16099977
1938    -0.09899998
1939    -0.48399997
1940    -0.24599981
1941    -0.7429998
1942    -0.53799987
1943    -1.2409999
1944    -0.4829998
1945    0.14500022
1946    -0.655
1947    -0.6759999
1948    -0.34199977
1949    0.8580003
1950    0.84200025
1951    4.071
1952    -0.9599998
1953    -1.2069999
1954    0.8940003
1955    0.7100003
1956    -0.42099977
1957    0.22500014
1958    1.9150004
1959    0.2880001
1960    -0.14399981
1961    -0.24499989
1962    -1.0299999
1963    -0.09499979
1964    -0.6689999
1965    -0.61699986
1966    -0.1329999
1967    -0.93299985
1968    -1.0799999
1969    0.2550001
1970    -0.10499978
1971    2.6220002
1972    1.0150003
1973    -0.8349998
1974    -1.096
1975    -0.41499996
1976    -0.57299995
1977    0.2770002
1978    0.18400025
1979    0.4610002
1980    -0.45799994
1981    -0.81299996
1982    0.0630002
1983    -0.3599999
1984    -1.1859999
1985    -0.07399988
1986    0.58700013
1987    -0.714
1988    0.5510001
1989    -0.6919999
1990    -0.60599995
1991    0.5640001
1992    -0.579
1993    -0.04799986
1994    0.5610001
1995    0.8410001
1996    -0.7069998
1997    -0.4599998
1998    -0.35099983
1999    -1.124
2000    -0.038999796
2001    0.32800007
2002    0.45800018
2003    -0.911
2004    -0.14899993
2005    -0.33299994
2006    0.7110002
2007    -1.0749999
2008    2.407
2009    1.5430002
2010    -1.2639999
2011    -1.3159999
2012    -0.25499988
2013    -0.32399988
2014    -0.25099993
2015    5.4230003
2016    -0.09499979
2017    0.05100012
2018    0.8460002
2019    -0.6869998
2020    -0.30499983
2021    -0.24999976
2022    -0.599
2023    1.8970003
2024    -0.14399981
2025    2.1850004
2026    -0.6279998
2027    -0.20099998
2028    -0.30299997
2029    1.7330003
2030    0.08400011
2031    0.6910002
2032    0.049000263
2033    0.5270002
2034    1.0480003
2035    -0.91299987
2036    0.042000055
2037    0.27800012
2038    -0.16699982
2039    -0.07099986
2040    -0.612
2041    -1.132
2042    -0.31799984
2043    -0.30499983
2044    -0.691
2045    -1.0009999
2046    -0.18999982
2047    1.4040003
2048    -0.89199996
2049    -1.0179999
2050    0.24100018
2051    -1.208
2052    -0.5409999
2053    2.5820003
2054    -1.0849999
2055    -0.487
2056    -0.908
2057    0.33700013
2058    -0.91499996
2059    0.55700016
2060    0.22900009
2061    -0.8609998
2062    0.9820001
2063    2.4870005
2064    -1.0719999
2065    -1.091
2066    -0.2709999
2067    -1.323
2068    -1.1639999
2069    -0.56799984
2070    -0.34199977
2071    0.06400013
2072    -0.9369998
2073    -0.8809998
2074    2.1100001
2075    -0.862
2076    0.06500006
2077    1.7550001
2078    0.09500003
2079    -0.59299994
2080    -0.06799984
2081    -1.1179999
2082    1.1210003
2083    0.6080003
2084    -0.89999986
2085    1.6150002
2086    0.08000016
2087    1.5050001
2088    -0.464
2089    2.1610003
2090    0.8440001
2091    -0.19299984
2092    0.7900002
2093    0.5390003
2094    -0.6789999
2095    0.8720002
2096    1.6290002
2097    -0.42999983
2098    -0.19599986
2099    -0.31499982
2100    3.6670003
2101    0.07000017
2102    -1.3239999
2103    -0.819
2104    0.9300003
2105    -0.839
2106    -0.43499994
2107    -0.4289999
2108    -0.11599994
2109    -0.8959999
2110    -0.7919998
2111    2.0020003
2112    0.49600005
2113    1.2900004
2114    0.048000097
2115    -0.5969999
2116    -0.32899976
2117    0.0010001659
2118    -0.10499978
2119    -0.6109998
2120    7.396001
2121    -1.3239999
2122    2.1590004
2123    -0.38599992
2124    -0.658
2125    0.37800026
2126    -0.7789998
2127    -1.0749999
2128    1.6780005
2129    -0.3479998
2130    2.9610004
2131    -1.0159999
2132    0.7800002
2133    0.07800007
2134    0.6980002
2135    -1.017
2136    -0.98
2137    -1.277
2138    2.098
2139    -1.54
2140    -0.64199996
2141    -0.5879998
2142    0.5520003
2143    0.9460001
2144    1.0840001
2145    1.5120001
2146    -0.2019999
2147    -1.0159999
2148    -0.93799996
2149    1.5600004
2150    0.80600023
2151    -0.6889999
2152    -0.1539998
2153    -0.7149999
2154    -0.16299987
2155    1.2090001
2156    -0.54999995
2157    0.20800018
2158    -0.934
2159    -1.3
2160    -0.6069999
2161    -0.93299985
2162    -0.773
2163    -0.13199997
2164    -0.385
2165    -0.059999943
2166    -0.10499978
2167    -0.7679999
2168    -0.5259998
2169    -1.0179999
2170    1.848
2171    -0.38899994
2172    -0.41099977
2173    -0.6229999
2174    0.97000027
2175    1.9070001
2176    -0.967
2177    1.9000001
2178    -1.2459999
2179    0.12400007
2180    0.5020001
2181    -0.79699993
2182    1.3720002
2183    0.24800014
2184    0.1190002
2185    0.025000095
2186    -1.1299999
2187    -0.41199994
2188    0.6880002
2189    -0.9829998
2190    5.2700005
2191    3.8760004
2192    0.1270001
2193    -0.85899997
2194    -0.23099995
2195    -1.1259999
2196    -0.46799994
2197    -0.11799979
2198    1.3450003
2199    -1.109
2200    -0.9519999
2201    -1.06
2202    -0.1309998
2203    -0.60099983
2204    -0.36599994
2205    -0.67199993
2206    -0.5129998
2207    -0.4519999
2208    -0.81999993
2209    0.11400008
2210    -1.1609999
2211    -0.24599981
2212    -0.41699982
2213    -1.1579999
2214    0.33200026
2215    1.6740003
2216    0.5960002
2217    -0.8929999
2218    0.80500007
2219    0.9410002
2220    2.3950005
2221    -0.668
2222    -0.63199997
2223    5.014
2224    -0.49699998
2225    -0.06699991
2226    -0.48999977
2227    2.894
2228    0.17600012
2229    -0.6259999
2230    -0.9059999
2231    1.6880002
2232    1.6420002
2233    -0.57799983
2234    -0.7839999
2235    -0.12799978
2236    -0.39499998
2237    -0.678
2238    -1.083
2239    -0.1639998
2240    0.59500027
2241    0.1630001
2242    -0.8009999
2243    0.9180002
2244    0.18100023
2245    0.25000024
2246    1.5700002
2247    -0.579
2248    -0.87399983
2249    -0.05499983
2250    -0.6229999
2251    0.8240001
2252    0.35500026
2253    0.62500024
2254    2.9930005
2255    0.25300026
2256    -0.6149998
2257    0.10700011
2258    -0.6029999
2259    -0.5749998
2260    -0.52699995
2261    -0.06399989
2262    -0.8089998
2263    -0.085999966
2264    -0.6459999
2265    1.5270004
2266    -0.032999754
2267    0.13900018
2268    36.940002
2269    -0.8219998
2270    -0.2479999
2271    -0.30499983
2272    -1.086
2273    -0.803
2274    -1.3069999
2275    1.2060003
2276    -0.602
2277    -0.6639998
2278    -1.0979999
2279    -1.0419999
2280    -0.45499992
2281    -0.701
2282    1.3820004
2283    -0.4599998
2284    0.0020000935
2285    -1.3729999
2286    -0.51
2287    0.9330001
2288    -1.1079999
2289    -0.91299987
2290    0.2750001
2291    -1.303
2292    -0.819
2293    -1.2649999
2294    -0.26199985
2295    0.33000016
2296    -0.76399994
2297    -0.39399981
2298    -0.5079999
2299    -0.6489999
2300    -1.3449999
2301    1.4950004
2302    -1.0619999
2303    0.24700022
2304    -0.1869998
2305    -1.328
2306    0.21500015
2307    -9.999275E-4
2308    0.9020002
2309    -1.0029999
2310    0.36400008
2311    0.38100004
2312    -0.6969998
2313    -0.76699996
2314    -0.7779999
2315    -0.7019999
2316    -0.4519999
2317    -0.20699978
2318    -0.55799985
2319    -0.7589998
2320    1.7860003
2321    0.14700007
2322    -0.7989998
2323    -0.5849998
2324    0.9460001
2325    -1.2299999
2326    0.53600025
2327    -0.74099994
2328    1.3170004
2329    -0.931
2330    -0.8909998
2331    0.63300014
2332    -0.9549999
2333    -1.53
2334    0.22900009
2335    0.17900014
2336    -0.625
2337    -0.7449999
2338    -1.1149999
2339    0.5500002
2340    -1.06
2341    1.3120003
2342    -0.46899986
2343    -0.91299987
2344    -0.35499978
2345    1.7340002
2346    0.20600009
2347    0.08300018
2348    -0.58299994
2349    -0.5589998
2350    1.2350001
2351    0.29900026
2352    -1.027
2353    -0.727
2354    -0.38599992
2355    -0.885
2356    -0.96599984
2357    -0.63699985
2358    -0.07199979
2359    -0.4649999
2360    -0.67199993
2361    -0.43399978
2362    4.4290004
2363    0.61800027
2364    4.9670005
2365    0.86300015
2366    -1.3319999
2367    -0.671
2368    -1.1889999
2369    -0.6079998
2370    0.004000187
2371    -0.553
2372    1.2640004
2373    0.6890001
2374    1.2930002
2375    2.3990002
2376    -0.23799992
2377    -0.32099986
2378    0.1420002
2379    -0.18799996
2380    1.8030005
2381    -0.54799986
2382    3.6130004
2383    0.8910003
2384    -0.25299978
2385    0.7100003
2386    -0.019999743
2387    -0.47199988
2388    -0.18599987
2389    0.43000007
2390    -1.2049999
2391    -0.47199988
2392    0.059000254
2393    0.17100024
2394    1.7310004
2395    -0.26199985
2396    0.11400008
2397    1.8890004
2398    2.7530003
2399    -0.1079998
2400    -1.2119999
2401    0.54600024
2402    -0.7449999
2403    0.20300007
2404    -0.6359999
2405    -0.41499996
2406    -0.6559999
2407    1.0710001
2408    -1.336
2409    -0.013999939
2410    0.68000007
2411    0.53400016
2412    -0.20299983
2413    -0.875
2414    -0.75199986
2415    -0.65199995
2416    0.39300013
2417    -0.59399986
2418    -0.6129999
2419    -0.45599985
2420    1.4850001
2421    1.835
2422    -0.23799992
2423    0.9580002
2424    -0.6339998
2425    1.0810003
2426    0.55600023
2427    -0.43199992
2428    -0.2479999
2429    0.8800001
2430    -0.69299984
2431    -0.7579999
2432    -0.7219999
2433    -0.8009999
2434    -0.6129999
2435    -0.12599993
2436    0.73500013
2437    0.76100016
2438    -0.28799987
2439    2.8930001
2440    -0.9619999
2441    -0.5509999
2442    -1.147
2443    -0.95799994
2444    0.46300006
2445    -0.009999752
2446    -1.0329999
2447    0.97800016
2448    0.2110002
2449    -0.8799999
2450    -0.7359998
2451    1.7770004
2452    1.9280005
2453    -1.558
2454    -0.14599991
2455    -1.0389999
2456    0.5380001
2457    -1.037
2458    -0.9549999
2459    -0.31099987
2460    -0.29599977
2461    -0.27299976
2462    0.3670001
2463    0.9560001
2464    -0.42999983
2465    1.2790003
2466    -0.07399988
2467    0.38400006
2468    -0.9289999
2469    -0.12599993
2470    -0.97099996
2471    0.38100004
2472    -0.7819998
2473    -0.1789999
2474    -1.2529999
2475    -0.30699992
2476    -0.977
2477    0.24100018
2478    1.2120004
2479    -0.6229999
2480    -1.152
2481    -1.0409999
2482    -0.5849998
2483    -0.8019998
2484    -1.0919999
2485    -0.48599982
2486    -0.6659999
2487    1.0940003
2488    -0.34199977
2489    0.73000026
2490    -1.017
2491    -0.010999918
2492    -1.2739999
2493    -1.086
2494    -0.71599984
2495    1.8980002
2496    -0.045999765
2497    -0.9729998
2498    -0.62899995
2499    -1.0429999
2500    0.1650002
2501    -0.8049998
2502    -0.26499987
2503    -0.793
2504    1.1340003
2505    -0.829
2506    0.44700027
2507    0.6650002
2508    0.28700018
2509    -0.7199998
2510    -0.49199986
2511    0.30900025
2512    9.314
2513    -0.75
2514    -1.1279999
2515    0.39900017
2516    1.493
2517    -0.28799987
2518    -0.30999994
2519    -0.12499976
2520    1.138
2521    0.9810002
2522    -1.06
2523    1.0450001
2524    -0.7689998
2525    -1.0619999
2526    2.209
2527    -0.45499992
2528    -0.8469999
2529    -0.9169998
2530    -0.69599986
2531    0.68400025
2532    2.591
2533    -0.19999981
2534    1.6880002
2535    0.08300018
2536    1.6520004
2537    -0.63199997
2538    -0.08899975
2539    -1.0839999
2540    1.4890003
2541    0.45500016
2542    -0.4159999
2543    -0.02699995
2544    -0.13599992
2545    -0.7529998
2546    -0.89699984
2547    0.27800012
2548    -1.2629999
2549    0.02000022
2550    -0.28499985
2551    -0.71099997
2552    1.5770001
2553    -0.9299998
2554    -1.2579999
2555    0.13000011
2556    -0.75199986
2557    6.290001
2558    -0.691
2559    -0.786
2560    -0.9269998
2561    -0.23999977
2562    -1.1459999
2563    0.5500002
2564    0.31700015
2565    -0.487
2566    -0.7819998
2567    -0.99
2568    -0.19499993
2569    -0.8009999
2570    -0.5489998
2571    -0.16199994
2572    0.48800015
2573    0.7060001
2574    -0.4699998
2575    -0.72599983
2576    -1.1179999
2577    -0.24499989
2578    -0.6459999
2579    1.4370003
2580    0.42600012
2581    -0.45299983
2582    -0.15999985
2583    -0.8499999
2584    -0.14199996
2585    0.092000246
2586    0.29500008
2587    1.013
2588    0.12200022
2589    0.26100016
2590    0.03000021
2591    1.6020002
2592    0.26600027
2593    -0.9139998
2594    1.4020004
2595    2.0940003
2596    0.7440002
2597    -1.2279999
2598    -0.7779999
2599    -0.59399986
2600    1.1170001
2601    -0.5389998
2602    0.022000074
2603    -0.8299999
2604    0.47000027
2605    0.28100014
2606    0.60000014
2607    0.02000022
2608    0.27100015
2609    0.26800013
2610    -0.9849999
2611    -0.05499983
2612    -0.22299981
2613    1.4150004
2614    -0.6539998
2615    -0.28499985
2616    0.71700025
2617    0.029000044
2618    -1.1939999
2619    -1.1529999
2620    0.94400024
2621    -0.763
2622    -0.625
2623    0.008000135
2624    -0.8269999
2625    -0.2659998
2626    0.37800026
2627    -0.5639999
2628    -0.37199998
2629    -0.26199985
2630    0.25600004
2631    0.3690002
2632    -0.095999956
2633    0.7680001
2634    -0.11499977
2635    -0.4469998
2636    -1.06
2637    -0.69599986
2638    0.06000018
2639    -0.19599986
2640    -1.0689999
2641    -0.1869998
2642    -0.7069998
2643    -0.7449999
2644    3.9840002
2645    -0.09799981
2646    -0.9599998
2647    -0.63899994
2648    -0.0059998035
2649    -0.80999994
2650    0.10500026
2651    -0.44399977
2652    -0.09499979
2653    0.55500007
2654    1.6920004
2655    -1.0019999
2656    0.0010001659
2657    1.704
2658    2.69
2659    -0.15499997
2660    0.37500024
2661    -0.7229998
2662    -0.362
2663    -0.96099997
2664    -0.27699995
2665    -0.783
2666    0.82900023
2667    -0.97599983
2668    -0.75199986
2669    -0.2889998
2670    0.15300012
2671    0.22300005
2672    -0.8139999
2673    -0.49199986
2674    -0.72899985
2675    -0.48599982
2676    -0.977
2677    -0.022999763
2678    -1.55
2679    -0.3729999
2680    0.7670002
2681    -0.37199998
2682    0.30400014
2683    -0.62899995
2684    0.42900014
2685    -1.1119999
2686    -0.2479999
2687    -0.8579998
2688    -1.2859999
2689    -0.50199986
2690    -0.8799999
2691    0.85300016
2692    0.29200006
2693    -0.18499994
2694    -1.1409999
2695    -0.83099985
2696    -1.1639999
2697    2.236
2698    0.05000019
2699    -0.19399977
2700    -0.8039999
2701    -0.8049998
2702    7.698001
2703    0.05700016
2704    -1.0739999
2705    -0.032999754
2706    -0.8379998
2707    -0.123999834
2708    -0.74899983
2709    -0.60899997
2710    -0.59199977
2711    0.71200013
2712    -0.12599993
2713    -0.062999964
2714    1.1430001
2715    -0.46599984
2716    -1.1639999
2717    -0.92499995
2718    3.808
2719    -1.1229999
2720    0.9270003
2721    -0.724
2722    0.95300007
2723    0.38600016
2724    -0.68299985
2725    -0.23999977
2726    0.022000074
2727    -0.35699987
2728    -0.33299994
2729    -0.3499999
2730    1.7570004
2731    -0.7249999
2732    -1.17
2733    2.6150002
2734    0.13500023
2735    -1.0539999
2736    -0.7299998
2737    -0.714
2738    -1.2379999
2739    1.7920003
2740    0.41600013
2741    -0.112999916
2742    1.059
2743    -0.67499995
2744    0.8690002
2745    0.13800025
2746    -0.63899994
2747    -0.5
2748    3.453
2749    0.36500025
2750    0.9580002
2751    -1.1039999
2752    -1.0309999
2753    -0.21899986
2754    -1.1309999
2755    -0.54799986
2756    -0.7299998
2757    -0.905
2758    0.2800002
2759    -1.04
2760    -1.017
2761    0.3130002
2762    -1.0479999
2763    -0.12899995
2764    -1.1609999
2765    -0.6669998
2766    -1.147
2767    0.61300015
2768    -1.2349999
2769    -0.6989999
2770    -0.41999984
2771    1.9280005
2772    5.167001
2773    -0.94599986
2774    0.052000046
2775    -1.0
2776    -0.87399983
2777    1.7680001
2778    -1.1559999
2779    -0.94599986
2780    0.2650001
2781    0.68200016
2782    -0.72099996
2783    0.8950002
2784    -0.20099998
2785    -0.6339998
2786    -1.226
2787    0.54700017
2788    0.1650002
2789    -0.6379998
2790    2.0540004
2791    -0.38699985
2792    -0.977
2793    1.7290001
2794    -0.40999985
2795    -0.2679999
2796    0.38100004
2797    -1.1889999
2798    -0.635
2799    -0.4269998
2800    -0.4269998
2801    1.8920002
2802    -0.61699986
2803    0.99800014
2804    -0.91299987
2805    -0.3269999
2806    0.18900013
2807    -0.6769998
2808    -0.45299983
2809    -0.921
2810    0.82900023
2811    -0.04099989
2812    2.3400002
2813    -0.1329999
2814    0.41800022
2815    -0.33799982
2816    -1.165
2817    3.9310002
2818    -0.918
2819    -1.359
2820    -0.027999878
2821    -0.48199987
2822    0.8870001
2823    -1.1559999
2824    -0.88899994
2825    -0.6129999
2826    -0.908
2827    -0.10899997
2828    -0.3959999
2829    1.296
2830    0.04700017
2831    0.10200024
2832    2.354
2833    -0.25099993
2834    -0.5
2835    0.022000074
2836    -0.89199996
2837    -0.671
2838    0.58700013
2839    -1.183
2840    -0.86399984
2841    2.9350004
2842    -0.028999805
2843    0.012000084
2844    1.5800004
2845    0.7900002
2846    1.0100002
2847    0.8180001
2848    -0.967
2849    -0.11899996
2850    -0.87699986
2851    -0.9039998
2852    -0.45699978
2853    -0.36299992
2854    -0.704
2855    0.038000107
2856    -0.895
2857    1.802
2858    -1.101
2859    -0.7459998
2860    0.96200013
2861    -0.53499985
2862    -0.10499978
2863    0.08100009
2864    1.8320003
2865    0.2770002
2866    -0.7479999
2867    0.38700008
2868    -0.33799982
2869    0.98000026
2870    -0.99199986
2871    -0.8369999
2872    4.2830005
2873    -1.0329999
2874    0.5380001
2875    -0.7479999
2876    -0.8729999
2877    0.4330001
2878    0.15100026
2879    0.78600025
2880    2.9470005
2881    0.6400001
2882    -0.13899994
2883    -0.54599977
2884    -1.0639999
2885    -1.1049999
2886    -0.53999996
2887    -0.6049998
2888    0.6200001
2889    -0.8629999
2890    0.02000022
2891    -0.82299995
2892    -0.576
2893    1.2640004
2894    -0.2249999
2895    0.32500005
2896    -0.34699988
2897    1.9790001
2898    0.18200016
2899    2.2080002
2900    -0.71799994
2901    -0.75699997
2902    -1.1639999
2903    -1.2369999
2904    -0.5769999
2905    0.09800005
2906    1.9960003
2907    -1.3909999
2908    0.90600014
2909    1.9110003
2910    -0.7329998
2911    -0.43299985
2912    -0.71099997
2913    0.016000032
2914    -0.9589999
2915    -1.1149999
2916    -0.30799985
2917    -0.035999775
2918    -0.671
2919    -0.842
2920    -0.8729999
2921    0.16200018
2922    -0.018999815
2923    0.017000198
2924    -0.793
2925    -0.56299996
2926    -1.142
2927    -0.6689999
2928    -0.20799994
2929    -0.385
2930    -0.6049998
2931    -0.81299996
2932    -0.6209998
2933    -0.76
2934    -0.33599997
2935    0.1730001
2936    0.21000004
2937    -0.4189999
2938    -0.21899986
2939    -0.49199986
2940    4.3150005
2941    -0.60399985
2942    -1.0789999
2943    -0.7709999
2944    -1.1249999
2945    -0.14499998
2946    1.1570001
2947    0.05400014
2948    -0.5389998
2949    -0.109999895
2950    -0.38599992
2951    1.2000003
2952    -1.012
2953    -0.46899986
2954    -0.12299991
2955    0.05400014
2956    0.8350003
2957    -0.7349999
2958    0.23200011
2959    -0.6199999
2960    0.44300008
2961    -0.9699998
2962    -0.5
2963    0.0400002
2964    -0.46799994
2965    -1.0719999
2966    -0.15999985
2967    1.0780001
2968    0.41400027
2969    0.2980001
2970    0.95500016
2971    1.0880003
2972    0.6780002
2973    -0.53699994
2974    -1.5519999
2975    1.098
2976    -0.29699993
2977    -0.8109999
2978    0.42200017
2979    1.5560002
2980    0.15600014
2981    -0.058999777
2982    -0.23599982
2983    -0.21399999
2984    1.9420004
2985    0.024000168
2986    -0.17599988
2987    -0.1769998
2988    0.27000022
2989    -0.57799983
2990    1.0240002
2991    -0.5439999
2992    0.7240002
2993    -0.10399985
2994    1.0730004
2995    0.43900013
2996    0.8950002
2997    -1.193
2998    2.2710004
2999    -0.5209999
3000    -0.7129998
3001    2.9630003
3002    -1.2399999
3003    -0.79999995
3004    0.50800014
3005    -1.2189999
3006    -0.944
3007    0.22900009
3008    0.2570002
3009    0.9970002
3010    2.9670005
3011    -0.05499983
3012    -0.50399995
3013    1.552
3014    -1.0019999
3015    -0.56999993
3016    -0.5179999
3017    -0.84399986
3018    -0.5549998
3019    0.0020000935
3020    0.46200013
3021    0.33900023
3022    -0.5589998
3023    0.96700025
3024    -0.15799975
3025    0.48000026
3026    0.7720001
3027    -1.1899999
3028    -0.27399993
3029    -0.53
3030    -0.07499981
3031    1.4960003
3032    -0.3729999
3033    -1.0609999
3034    0.50000024
3035    -0.7089999
3036    -1.0589999
3037    -0.8349998
3038    0.7720001
3039    -0.058999777
3040    -0.92299986
3041    -0.27199984
3042    0.9490001
3043    -0.875
3044    3.8040004
3045    -0.29299998
3046    2.091
3047    -0.694
3048    -0.21499991
3049    0.13000011
3050    -0.9489999
3051    0.5150001
3052    0.37300014
3053    -0.20099998
3054    20.330002
3055    2.0150003
3056    3.9240003
3057    -0.44899988
3058    -0.6659999
3059    2.631
3060    0.48800015
3061    -1.3019999
3062    1.4350004
3063    -0.48399997
3064    -0.0849998
3065    -1.1409999
3066    -1.3139999
3067    -0.085999966
3068    -0.921
3069    0.16700006
3070    0.11000013
3071    -0.49699998
3072    -0.6029999
3073    0.5620003
3074    0.5810001
3075    0.18200016
3076    0.15300012
3077    -0.61699986
3078    0.22500014
3079    0.13100004
3080    0.37400007
3081    1.164
3082    0.61100006
3083    2.1730003
3084    -0.5979998
3085    -0.49399996
3086    -0.5719998
3087    -0.8579998
3088    -1.3389999
3089    0.19100022
3090    0.33500028
3091    -0.52199984
3092    -0.47099996
3093    -0.91199994
3094    -0.6279998
3095    -0.6049998
3096    0.4560001
3097    1.0750003
3098    -0.53999996
3099    -0.49899983
3100    -0.88699985
3101    -1.1919999
3102    2.7730002
3103    -1.3199999
3104    0.78600025
3105    0.06000018
3106    -1.203
3107    3.9910002
3108    -0.9649999
3109    0.5600002
3110    -0.67299986
3111    1.0960002
3112    1.263
3113    -1.326
3114    0.49100018
3115    -0.58299994
3116    -0.33599997
3117    -0.87899995
3118    -0.21099997
3119    -0.9259999
3120    -0.22699976
3121    -0.8939998
3122    -0.95299983
3123    -0.45099998
3124    -1.0799999
3125    1.4490004
3126    -0.11099982
3127    -0.78499985
3128    -0.15299988
3129    -1.221
3130    0.011000156
3131    1.3100004
3132    -0.54699993
3133    -0.9359999
3134    -0.93799996
3135    0.5740001
3136    1.8360004
3137    -0.31099987
3138    -0.20899987
3139    -0.11099982
3140    0.6090002
3141    -0.052999973
3142    -0.16899991
3143    -0.6999998
3144    -0.45599985
3145    -0.39199996
3146    1.3910003
3147    -1.1299999
3148    0.78600025
3149    -0.71599984
3150    1.3590002
3151    2.21
3152    0.6870003
3153    1.7410002
3154    -0.681
3155    1.6660004
3156    -1.208
3157    -0.07499981
3158    0.11100006
3159    0.79600024
3160    -0.6129999
3161    -0.23399997
3162    -0.6439998
3163    -0.1789999
3164    -0.21099997
3165    -1.1679999
3166    -1.2989999
3167    -0.41799998
3168    -1.0479999
3169    -0.6489999
3170    0.6450002
3171    -1.1359999
3172    -0.16699982
3173    -0.8449998
3174    -0.30999994
3175    -0.4519999
3176    -0.23699975
3177    -0.5949998
3178    -0.76699996
3179    0.29500008
3180    -1.068
3181    8.52
3182    -1.06
3183    0.23500013
3184    -0.18999982
3185    2.2700005
3186    0.24000025
3187    -0.7889998
3188    -0.6899998
3189    -1.3319999
3190    -0.23399997
3191    -0.52
3192    -0.42799997
3193    -0.6919999
3194    -1.2379999
3195    3.2940001
3196    0.44100022
3197    0.08800006
3198    -1.0439999
3199    3.7820005
3200    0.6430001
3201    0.26600027
3202    -0.6639998
3203    0.44100022
3204    -1.221
3205    0.54600024
3206    -0.68299985
3207    -0.3479998
3208    0.2340002
3209    1.1880002
3210    -0.7779999
3211    -0.6739998
3212    -1.1449999
3213    6.436001
3214    1.0610003
3215    -0.6819999
3216    -1.06
3217    -0.74
3218    -1.0309999
3219    0.018000126
3220    -0.3219998
3221    -0.9629998
3222    -0.28599977
3223    -0.53499985
3224    -0.35499978
3225    -0.5849998
3226    0.8000002
3227    -1.305
3228    -0.8149998
3229    -0.021999836
3230    -0.8069999
3231    2.6360002
3232    0.15800023
3233    1.1610003
3234    -0.26299977
3235    0.18400025
3236    0.5250001
3237    -0.34299994
3238    -0.025999784
3239    0.3820002
3240    -0.41999984
3241    0.18400025
3242    -0.33199978
3243    0.1420002
3244    -0.08399987
3245    -0.74399996
3246    -0.109999895
3247    -1.0
3248    -0.95599985
3249    -0.52
3250    -0.6199999
3251    0.43500018
3252    -0.5539999
3253    -0.9399998
3254    -0.91499996
3255    -0.28999996
3256    -0.47099996
3257    0.67400026
3258    -0.7509999
3259    0.26300025
3260    -0.42099977
3261    0.8150003
3262    -0.865
3263    -1.295
3264    -0.40099978
3265    0.81700015
3266    -0.3449998
3267    -1.234
3268    1.4990001
3269    -0.0029997826
3270    -1.1659999
3271    0.6120002
3272    -0.24299979
3273    3.1650004
3274    -1.0899999
3275    -0.07899976
3276    -1.0439999
3277    0.1650002
3278    -1.0579998
3279    0.6160002
3280    -0.24299979
3281    1.1630001
3282    -0.14999986
3283    0.54700017
3284    -0.37799978
3285    0.120000124
3286    -0.6069999
3287    0.6650002
3288    -1.0099999
3289    -1.0939999
3290    1.039
3291    -0.71899986
3292    0.5740001
3293    1.145
3294    0.5170002
3295    0.24900007
3296    -0.4829998
3297    -0.56999993
3298    -0.31299996
3299    0.16200018
3300    1.0570002
3301    -0.8839998
3302    0.0010001659
3303    -0.454
3304    -0.51
3305    -0.7129998
3306    2.677
3307    -0.73099995
3308    0.29500008
3309    0.7790003
3310    1.204
3311    -0.5509999
3312    0.082000256
3313    -0.74899983
3314    0.031000137
3315    -1.2879999
3316    -1.356
3317    -1.0299999
3318    -0.5589998
3319    -0.829
3320    1.2530003
3321    0.39900017
3322    -0.53499985
3323    1.5170002
3324    1.3970003
3325    1.2450004
3326    -1.1959999
3327    -0.63999987
3328    0.27400017
3329    1.8010001
3330    0.12500024
3331    -0.09899998
3332    1.6080003
3333    -1.17
3334    -0.22099996
3335    -1.2639999
3336    1.9810004
3337    0.38400006
3338    -0.23699975
3339    -1.1729999
3340    -9.999275E-4
3341    -1.372
3342    -0.20299983
3343    0.53200006
3344    -1.0839999
3345    1.6400003
3346    3.3290005
3347    0.26300025
3348    -0.895
3349    -0.7679999
3350    -0.27399993
3351    -1.3669999
3352    0.96200013
3353    -0.035999775
3354    0.5100002
3355    -0.08699989
3356    1.1100001
3357    1.2970004
3358    -0.7659998
3359    -1.0
3360    -0.74
3361    -0.9039998
3362    -1.109
3363    0.7240002
3364    -1.2469999
3365    -0.4729998
3366    -0.5739999
3367    -0.6079998
3368    -0.59399986
3369    0.38800025
3370    -1.333
3371    0.8470001
3372    -0.42299986
3373    -1.1489999
3374    -0.17099977
3375    0.29300022
3376    0.22000027
3377    -0.60599995
3378    -0.5409999
3379    0.8000002
3380    -0.18599987
3381    1.1520004
3382    0.31700015
3383    -0.6589999
3384    -0.803
3385    0.1730001
3386    0.31200027
3387    -0.8839998
3388    -0.8149998
3389    0.9580002
3390    -0.704
3391    -0.8299999
3392    -0.5519998
3393    -0.23799992
3394    0.22400022
3395    -0.2789998
3396    -0.44799995
3397    1.552
3398    1.0340004
3399    -1.1579999
3400    -0.668
3401    0.8910003
3402    0.60500026
3403    -0.57299995
3404    0.3230002
3405    1.487
3406    -0.819
3407    -0.119999886
3408    -0.35499978
3409    1.2030001
3410    0.9350002
3411    0.9350002
3412    1.8560004
3413    -0.78
3414    -0.793
3415    1.1130004
3416    3.6680002
3417    2.4750004
3418    -0.934
3419    -0.0069999695
3420    -0.5669999
3421    -0.671
3422    -0.47999978
3423    -1.0559999
3424    0.50800014
3425    -0.66199994
3426    -0.9589999
3427    -1.0969999
3428    0.8590002
3429    -0.24399996
3430    -0.773
3431    4.0080004
3432    2.604
3433    -0.3219998
3434    0.092000246
3435    -1.1259999
3436    -0.57099986
3437    1.3230004
3438    -0.6799998
3439    1.329
3440    0.60300016
3441    -0.22099996
3442    -0.75199986
3443    1.3630004
3444    -0.11499977
3445    0.1960001
3446    -1.1919999
3447    0.9640002
3448    -0.26699996
3449    -0.67499995
3450    -1.0809999
3451    0.39700007
3452    0.3690002
3453    -0.589
3454    -0.668
3455    -0.7589998
3456    -0.74899983
3457    -0.12599993
3458    -1.162
3459    -1.3339999
3460    0.86000013
3461    -0.589
3462    0.7550001
3463    -0.56999993
3464    1.1030002
3465    0.9450002
3466    -1.267
3467    0.60300016
3468    0.22600007
3469    -0.5799999
3470    -1.0329999
3471    0.6860001
3472    -0.39199996
3473    0.27600026
3474    0.19400024
3475    -0.3119998
3476    -1.3169999
3477    -0.431
3478    -0.8249998
3479    -0.98
3480    1.2540002
3481    0.09000015
3482    -0.5049999
3483    -0.18799996
3484    0.11100006
3485    0.69200015
3486    -0.9729998
3487    -1.2609999
3488    1.0770001
3489    -0.8679998
3490    -1.1839999
3491    -1.1119999
