0    -33.819
1    -33.571
2    -34.691
3    -33.473
4    -33.515
5    -34.779
6    -33.459
7    -38.718
8    -34.309
9    -34.628
10    -38.463
11    -28.513
12    -27.567
13    -28.902
14    -28.903
15    -27.752
16    -27.409
17    -28.507
18    -28.317
19    -28.81
20    -28.819
21    -28.611
22    -27.751
23    -28.646
24    -28.494
25    -28.902
26    -28.579
27    -28.643
28    -28.447
29    -28.368
30    -28.764
31    -28.4
32    -27.769
33    -28.322
34    -28.589
35    -27.764
36    -28.549
37    -28.696
38    -28.506
39    -28.857
40    -27.037
41    -28.589
42    -28.791
43    -27.901
44    -28.711
45    -28.45
46    -27.736
47    -28.722
48    -9.042
49    -27.053
50    -11.757999
51    -28.672
52    -9.305
53    -12.578
54    -28.69
55    -11.717
56    -28.659
57    -11.109
58    -28.762
59    -11.759
60    -28.542
61    -10.415
62    -27.694
63    -11.544
64    -28.65
65    -9.948
66    -28.237
67    -6.447
68    -28.348
69    -8.785
70    -28.423
71    -8.919
72    -27.276
73    -11.819
74    -28.717
75    -8.311
76    -27.688
77    -13.032
78    -28.689
79    -11.201
80    -28.656
81    -11.158
82    -27.203
83    -11.518
84    -28.509
85    -6.265
86    -28.494999
87    -6.196
88    -28.459
89    -7.646
90    -27.65
91    -4.972
92    -28.814
93    -9.059999
94    -28.597
95    -6.009
96    -28.261
97    -7.15
98    -28.576
99    -7.529
100    -28.661
101    -6.897
102    -8.577
103    -27.749
104    -7.6019998
105    -28.584
106    -6.715
107    -28.813
108    -7.425
109    -28.548
110    -7.918
111    -28.794
112    -8.911
113    -27.753
114    -7.668
115    -28.994
116    -4.301
117    -27.732
118    -7.703
119    -28.542
120    -7.834
121    -28.542
122    -5.781
123    -28.754
124    -5.946
125    -7.645
126    -28.858
127    -28.598999
128    -7.427
129    -28.509
130    -28.509
131    -8.858
132    -28.361
133    -6.495
134    -28.64
135    -7.927
136    -27.787
137    -8.743
138    -28.096
139    -6.197
140    -28.697
141    -8.264
142    -27.374
143    -7.689
144    -28.759
145    -6.887
146    -28.443
147    -7.914
148    -28.019
149    -6.9449997
150    -28.416
151    -6.244
152    -28.385
153    -6.083
154    -27.277
155    -7.841
156    -27.059
157    -8.206
158    -28.642
159    -4.861
160    -28.208
161    -9.69
162    -28.729
163    -6.8599997
164    -28.903
165    -7.781
166    -28.605999
167    -6.552
168    -26.476
169    -6.65
170    -28.611
171    -8.228
172    -28.512
173    -7.821
174    -28.666
175    -8.005
176    -28.559
177    -7.613
178    -6.7019997
179    -28.117
180    -28.748
181    -6.865
182    -28.74
183    -2.651
184    -27.56
185    -5.788
186    -28.4
187    -6.46
188    -28.783
189    -5.1
190    -34.581
191    -8.176
192    -34.246
193    -7.065
194    -34.179
195    -34.452
196    -33.502
197    -34.342
198    -33.985
199    -34.26
200    -34.516
201    -34.468
202    -31.723999
203    -33.606
204    -33.606
205    -34.477
206    -33.768
207    -34.255
208    -34.625
209    -34.227
210    -34.567
211    -33.509
212    -33.646
213    -34.384
214    -34.158
215    -33.31
216    -34.292
217    -34.375
218    -34.435
219    -34.693
220    -33.483
221    -33.662
222    -34.751
223    -34.394
224    -34.259
225    -34.037
226    -34.336998
227    -33.559
228    -34.153
229    -34.534
230    -34.535
231    -34.389
232    -34.452
233    -33.355
234    -33.169
235    -34.429
236    -34.294
237    -34.535
238    -34.627
239    -34.39
240    -33.554
241    -34.687
242    -34.606
243    -34.065
244    -34.244
245    -34.408
246    -34.012
247    -33.354
248    -34.599
249    -33.296
250    -34.72
251    -34.203
252    -34.239
253    -34.708
254    -34.407
255    -31.066
256    -33.842
257    -34.494
258    -33.77
259    -34.68
260    -34.259
261    -34.493
262    -34.109
263    -33.831
264    -34.558
265    -34.159
266    -34.432
267    -33.672
268    -34.051
269    -34.34
270    -34.353
271    -34.123
272    -34.505
273    -33.632
274    -34.341
275    -34.137
276    -34.583
277    -34.442
278    -34.545
279    -34.505
280    -33.993
281    -33.402
282    -34.018
283    -34.391
284    -34.633
285    -33.621
286    -33.65
287    -33.968
288    -34.697998
289    -34.219
290    -34.683
291    -34.324
292    -34.631
293    -34.08
294    -33.185
295    -34.264
296    -34.42
297    -34.568
298    -34.069
299    -34.42
300    -34.682
301    -34.21
302    -33.924
303    -34.375
304    -33.96
305    -34.327
306    -33.338
307    -34.734
308    -34.487
309    -34.243
310    -34.235
311    -34.064
312    -34.423
313    -34.461998
314    -34.283
315    -34.188
316    -34.396
317    -34.623
318    -33.169
319    -37.545
320    -39.42
321    -37.375
322    -39.755
323    -37.203
324    -39.262
325    -38.847
326    -38.231
327    -39.054
328    -39.037
329    -39.243
330    -39.711
331    -38.371
332    -39.469
333    -39.494
334    -39.469
335    -39.238
336    -38.46
337    -38.705
338    -39.148
339    -38.257
340    -39.015
341    -39.19
342    -39.355
343    -39.425
344    -37.305
345    -38.702
346    -38.322998
347    -38.918
348    -38.49
349    -39.345
350    -39.131
351    -39.586998
352    -37.117
353    -39.224
354    -38.452
355    -39.253
356    -39.512
357    -39.34
358    -39.58
359    -39.496
360    -38.643
361    -39.588
362    -38.171
363    -39.36
364    -39.048
365    -38.451
366    -38.989
367    -39.167
368    -34.079
369    -33.86
370    -34.693
371    -34.03
372    -33.48
373    -34.729
374    -34.275
375    -34.464
376    -34.317
377    -34.306
378    -34.759
379    -34.256
380    -34.62
381    -34.654
382    -28.594
383    -28.893
384    -27.436
385    -33.507
386    -32.081
387    -32.615
388    -32.002
389    -32.333
390    -30.507
391    -32.354
392    -32.315
393    -32.65
394    -32.731
395    -32.044
396    -47.6
397    -54.874
398    -54.577
399    -54.162
400    -54.363
401    -55.589
402    -55.405
403    -54.687
404    -53.93
405    -54.674
406    -55.298
407    -55.186
408    -53.728
409    -54.955
410    -53.451
411    -54.786
412    -54.485
413    -55.199
414    -55.361
415    -54.733
416    -53.344
417    -52.524
418    -54.031
419    -53.88
420    -53.302
421    -54.88
422    -54.889
423    -56.177
424    -54.711
425    -56.153
426    -54.551
427    -56.339
428    -55.813
429    -55.525
430    -55.07
431    -54.646
432    -53.307
433    1.0
434    -56.0
435    -55.675
436    -56.032
437    -50.807
438    -54.814
439    -55.539
440    -43.152
441    -55.488
442    -56.088
443    -55.671
444    -55.947
445    -53.438
446    -55.237
447    -55.646
448    -55.92
449    -43.225
450    -54.533
451    -54.855
452    -56.0
453    -49.952
454    -55.919
455    -54.532
456    -56.047
457    -55.567
458    -56.29
459    -55.653
460    -55.059
461    -51.32
462    -55.529
463    -56.271
464    -54.79
465    -55.197998
466    -55.428
467    -56.129
468    -51.239
469    -55.336
470    -55.915
471    -55.575
472    -55.3
473    -51.376
474    -55.73
475    -56.126
476    -54.808
477    -56.472
478    -55.701
479    -54.664
480    -50.928
481    -55.842
482    -54.819
483    -55.731
484    -56.472
485    -55.416
486    -55.127
487    -51.003
488    -55.334
489    -55.456
490    -55.591
491    -54.74
492    -55.864
493    -56.34
494    -51.108
495    -54.643
496    -55.488
497    -54.657
498    -56.231
499    -49.955
500    -54.553
501    -43.232
502    -56.396
503    -54.756
504    -55.395
505    -56.261
506    -55.634
507    -55.67
508    -51.094
509    -54.455
510    -54.12
511    -42.543
512    -55.992
513    -55.787
514    -55.457
515    -55.441
516    -52.585
517    -43.64
518    -50.576
519    -56.338
520    -54.649
521    -54.979
522    -53.78
