0    -8.272
1    -9.382
2    -8.431
3    -20.38
4    -18.787
5    -19.713
6    -21.42
7    -24.773
8    -31.237
9    -30.854
10    -29.907
11    -31.009
12    -30.605999
13    -30.703
14    -29.639
15    -31.02
16    -31.642
17    -30.86
18    -32.144
19    -24.486
20    -18.129
21    -14.982
22    -18.183
23    -18.973
24    -17.931
25    -18.258
26    -19.1
27    -19.489
28    -18.264
29    -19.275
30    -18.223
31    -17.982
32    -18.0
33    -18.044
34    -12.393
35    -15.914
36    -15.698999
37    -12.275
38    -11.877
39    -11.916
40    -13.506
41    -13.691999
42    -13.498
43    -13.965
44    -13.7369995
45    -13.482
46    -13.909
47    -18.051
48    -11.283
49    -18.54
50    -19.386
51    -18.756
52    -18.864
53    -18.462
54    -18.844
55    -18.337
56    -18.644
57    -18.301
58    -17.719
59    -18.608
60    -19.862
61    -18.88
62    -18.752
63    -18.521
64    -18.569
65    -18.787
66    -18.784
67    -18.523
68    -11.711
69    -11.617
70    -18.707
71    -18.767
72    -18.854
73    -18.661
74    -18.878
75    -18.621
76    -18.619999
77    -18.593
78    -18.933
79    -18.682
80    -18.795
81    -19.975
82    -18.776
83    -18.756
84    -18.775
85    -11.43
86    -11.713
87    -11.318
88    -18.74
89    -18.315
90    -18.791
91    -18.868
92    -18.754
93    -18.967
94    -18.561
95    -18.612999
96    -18.211
97    -18.424
98    -18.41
99    -8.524
100    -22.527
101    -23.624
102    -18.902
103    -18.91
104    -17.751
105    -18.678
106    -18.808
107    -18.869
108    -17.126999
109    -18.388
110    -19.980999
111    -19.843
112    -19.487999
113    -20.583
114    -21.823
115    -20.442
116    -20.524
117    -21.666
118    -8.86
119    -10.509
120    -19.728
121    -20.657
122    -20.716
123    -19.365
124    -20.288
125    -20.89
126    -32.283
127    -31.359
128    -32.346
129    -31.767
130    -3.5489998
131    -32.014
132    -32.12
133    -32.42
134    -7.284
135    -32.195
136    -6.965
137    -32.074
138    -6.4849997
139    -6.927
140    -5.686
141    -7.901
142    -31.186
143    -32.454
144    -12.977
145    -32.041
146    -6.671
147    -32.386
148    -32.14
149    -32.693
150    -33.475
151    -32.178
152    -32.094
153    -32.304
154    -36.424
155    -31.508
156    -31.848
157    -27.3
158    -32.029
159    -32.375
160    -32.491
161    -32.839
162    -8.094999
163    -32.228
164    -9.334
165    -32.358
166    -32.552
167    -32.281
168    -32.534
169    -32.467
170    -33.115
171    -32.186
172    -31.554
173    -32.535
174    -32.595
175    -32.419
176    -32.258
177    -32.342
178    -32.322998
179    -32.188
180    -33.33
181    -13.143
182    -32.31
183    -31.211
184    -13.289
185    -33.296
186    -32.687
187    -32.625
188    -32.006
189    -32.399
190    -32.512
191    -32.325
192    -32.067
193    -32.278
194    -32.064
195    -31.463
196    -32.2
197    -32.353
198    -32.419
199    -32.197
200    -32.497
201    -32.296
202    -2.6209998
203    -32.129
204    -31.087
205    -1.109
206    -21.473
207    -32.544
208    -2.17
209    -13.304
210    -31.412
211    -20.846
212    -32.586998
213    -32.748
214    -22.002
215    -33.201
216    -32.238
217    -32.142
218    -32.046
219    -22.213
220    -32.338
221    -32.292
222    -32.139
223    -31.623
224    -32.37
225    -30.994999
226    -32.512
227    -32.272
228    -6.742
229    -32.296
230    -32.393
231    -32.345
232    -32.279
233    -32.53
234    -7.902
235    -32.435
236    -32.247
237    -32.591
238    -32.304
239    -31.967
240    -33.179
241    -32.648
242    -32.58
243    -32.342
244    -32.115
245    -32.197
246    -32.581
247    -32.017
248    -32.114
249    -32.107
250    -31.193
251    -33.42
252    -31.943
253    -32.627
254    -32.209
255    -34.517
256    -33.097
257    -32.611
258    -33.329
259    -33.377
260    -32.648
261    -32.336
262    -32.413
263    -31.998
264    -31.156
265    -11.608
266    -13.250999
267    -12.945
268    -13.38
269    -32.826
270    -32.431
271    -33.31
272    -32.856
273    -32.4
274    -32.711998
275    -16.567
276    -33.703
277    -16.249
278    -34.495
279    -31.626
280    -32.405
281    -31.248
282    -32.348
283    -31.801
284    -33.058
285    -32.389
286    -32.542
287    -32.599
288    -31.352
289    -31.497
290    -32.451
291    -32.848
292    -34.58
293    -31.612999
294    -24.957
295    -32.329
296    -32.366
297    -32.586
298    -32.831
299    -32.481
300    -32.224
301    -32.473
302    -33.415
303    -32.383
304    -32.595
305    -20.365
306    -33.535
307    -20.721
308    -32.372
309    -32.516
310    -31.735
311    -32.288
312    -32.01
313    -30.925
314    -13.85
315    -32.289
316    -32.518
317    -12.422
318    -32.366
319    -33.447998
320    -12.139999
321    -32.577
322    -34.242
323    -18.547
324    -32.216
325    -34.23
326    -14.978
327    -32.854
328    -33.49
329    -31.991
330    -33.319
331    -34.098
332    -32.517
333    -34.103
334    -32.869
335    -33.521
336    -32.312
337    -32.999
338    -20.576
339    -33.334
340    -32.592
341    -33.243
342    -33.559
343    -33.278
344    -32.405
345    -33.845
346    -33.248
347    -33.161
348    -33.418
349    -33.22
350    -33.416
351    -32.812
352    -33.289
353    -33.36
354    -32.394
355    -33.433
356    -33.788
357    -32.826
358    -33.177
359    -32.824
360    -33.06
361    -34.661
362    -33.283
363    -33.469
364    -33.639
365    -32.82
366    -32.288
367    -33.636
368    -33.642
369    -33.049
370    -33.816
371    -34.834
372    -33.832
373    -32.582
374    -33.949
375    -33.201
376    -31.626999
377    -33.638
378    -32.605
379    -33.229
380    -33.813
381    -33.403
382    -33.19
383    -33.602
384    -32.456
385    -33.485
386    -34.666
387    -33.753
388    -34.485
389    -33.516
390    -33.669
391    -33.846
392    -33.48
393    -33.095
394    -33.296
395    -33.444
396    -34.476
397    -31.14
398    -33.46
399    -32.241
400    -33.436
401    -33.811
402    -33.771
403    -33.843
404    -36.299
405    -33.232
406    -33.493
407    -33.035
408    -33.277
409    -33.199
410    -33.201
411    -33.326
412    -32.162
413    -33.171
414    -20.67
415    -32.503
416    -21.694
417    -34.207
418    -33.213
419    -20.743
420    -32.392
421    -32.692
422    -33.607
423    -32.9
424    -32.578
425    -33.385
426    -33.116
427    -33.589
428    -45.989
429    -45.116
430    -45.19
431    -44.335
432    -44.479
433    -44.16
434    -44.185
435    -44.641
436    -45.269
437    -44.086
438    -44.602
439    -45.44
440    -42.097
441    -43.958
442    -43.466
443    -46.018
444    -45.931
445    -45.22
446    -43.311
447    -43.727
448    -44.329
449    -44.419
450    -44.615
451    -45.259
452    -44.022
453    -43.752
454    -44.51
455    -43.04
456    -44.464
457    -37.16
458    -43.87
459    -43.284
460    -44.471
461    -44.197
462    -43.123
463    -42.276
464    -43.131
465    -46.02
466    -43.345
467    -45.953
468    -41.967
469    -44.124
470    -45.197998
471    -44.511
472    -44.617
473    -44.012
474    -44.291
475    -44.204
476    -42.859
477    -44.274
478    -20.72
479    -44.129
480    -44.077
481    -44.129
482    -43.929
483    -19.869
484    -43.399
485    -44.268
486    -42.739
487    -43.196
488    -21.297
489    -45.132
490    -42.269
491    -44.965
492    -44.988
493    -44.437
494    -22.398
495    -44.363
496    -44.244
497    -45.057
498    -43.543
499    -44.251
500    -43.769
501    -43.317
502    -45.237
503    -46.497
504    -43.007
505    -43.426
506    -44.029
507    -43.006
508    -43.245
509    -44.397
510    -43.059
511    -44.016
512    -45.383
513    -43.259
514    -44.084
515    -44.072
516    -44.865
517    -44.025
518    -43.217
519    -45.186
520    -43.248
521    -43.866
522    -43.963
523    -45.336998
524    -45.235
525    -45.282
526    -44.485
527    -43.989
528    -45.207
529    -43.229
530    -44.494
531    -44.558
532    -41.202
533    -45.418
534    -44.28
535    -45.039
536    -44.346
537    -43.457
538    -44.242
539    -44.586998
540    -44.108
541    -44.831
542    -43.077
543    -44.987
544    -43.314
545    -44.113
546    -44.257
547    -42.171
548    -45.188
549    -44.042
550    -44.118
551    -43.424
552    -43.182
553    -44.331
554    -44.327
555    -44.013
556    -45.118
557    -43.268
558    -45.237
559    -45.082
560    -45.543
561    -45.156
562    -45.574
563    -45.17
564    -43.32
565    -44.329
566    -42.978
567    -43.417
568    -45.052
569    -43.223
570    -16.865
571    -44.353
572    -42.782
573    -43.213
574    -20.177
575    -45.461998
576    -46.292
577    -43.677
578    -44.11
579    -44.251
580    -18.916
581    -42.643
582    -44.572
583    -44.295
584    -19.845
585    -42.68
586    -45.364
587    -44.394
588    -44.159
589    -18.284
590    -45.621
591    -44.249
592    -44.814
593    -44.355
594    -45.464
595    -43.584
596    -44.431
597    -44.431
598    -44.6
599    -20.662
600    -44.254
601    -44.535
602    -44.533
603    -44.267
604    -44.576
605    -45.071
606    -44.363
607    -44.237
608    -43.387
609    -46.566
610    -44.385
611    -44.493
612    -43.609
613    -44.234
614    -44.243
615    -44.646
616    -44.34
617    -44.806
618    -42.465
619    -44.357
620    -44.991
621    -44.223
622    -44.48
623    -43.391
624    -45.541
625    -43.523
626    -44.063
627    -44.427
628    -43.579
629    -44.341
630    -44.38
631    -44.207
632    -44.324
633    -42.94
634    -43.305
635    -43.943
636    -44.354
637    -45.22
638    -42.244
639    -44.307
640    -44.121
641    -44.237
642    -43.302
643    -43.276
644    -44.467
645    -43.56
646    -42.635
647    -45.271
648    -44.303
649    -44.215
650    -43.338
651    -45.297
652    -44.386
653    -44.436
654    -43.155
655    -44.677
656    -42.065
657    -43.424
658    -42.552
659    -43.04
660    -43.447
661    -45.139
662    -44.317
663    -44.190998
664    -44.413
665    -44.202
666    -44.276
667    -43.235
668    -44.572
669    -44.038
670    -44.41
671    -44.072998
672    -43.366
673    -44.21
674    -42.801
675    -43.05
676    -45.118
677    -43.07
678    -41.206
679    -44.077
680    -44.664
681    -41.98
682    -44.241
683    -44.192
684    -44.494
685    -44.287
686    -45.306
687    -42.947
688    -43.839
689    -44.194
690    -44.15
691    -45.029
692    -42.897
693    -45.376
694    -44.609
695    -44.156
696    -43.297
697    -43.95
698    -44.269
699    -43.104
700    -44.266
701    -43.48
702    -44.5
703    -44.122
704    -42.155
705    -43.895
706    -44.859
707    -44.576
708    -43.127
709    -43.12
710    -44.165
711    -44.411
712    -42.047
713    -41.985
714    -44.442
715    -43.195
716    -43.04
717    -43.35
718    -44.164
719    -43.48
720    -44.027
721    -44.133
722    -44.361
723    -44.126
724    -44.516
725    -49.135
726    -48.05
727    -48.201
728    -49.481
729    -49.251
730    -47.211998
731    -49.429
732    -49.254
733    -46.141
734    -49.199
735    -49.001
736    -53.253
737    -48.033
738    -46.92
739    -54.168
740    -47.512
741    -53.414
742    -57.347
743    -56.763
744    -55.985
745    -57.8
746    -30.477
747    -55.885
748    -51.264
749    -55.251
750    -28.798
751    -52.226
752    -56.931
753    -51.95
754    -54.989
755    -26.131
756    -54.078
757    -55.357
758    -57.987
759    -29.737999
760    -57.804
761    -56.156
762    -52.22
763    -28.279
764    -54.743
765    -54.332
766    -57.34
767    -52.222
768    -57.258
769    -55.932
770    -56.075
771    -52.767
772    -53.22
773    -52.758
774    -53.177
775    -53.249
776    -54.973
777    -43.279
778    -52.166
779    -54.142
780    -52.197
781    -50.651
782    -44.211998
783    -54.079
784    -53.28
785    -44.246
786    -53.007
787    -52.807
788    -53.37
789    -44.006
790    -53.399
791    -51.515
792    -55.37
793    -53.081
794    -52.986
795    -53.189
796    -45.158
797    -52.498
798    -53.092
799    -52.901
800    -43.994
801    -54.11
802    -53.303
803    -52.899
804    -53.194
805    -54.309
806    -43.223
807    -52.336
808    -54.464
809    -51.385
810    -51.827
811    -44.184
812    -50.029
813    -52.418
814    -53.55
815    -53.852
816    -53.158
817    -54.241
818    -53.205
819    -55.0
820    -44.368
821    -52.481
822    -53.737
823    -54.101
824    -52.215
825    -44.108
826    -54.088
827    -48.933
828    -44.147
829    -52.161
830    -52.161
831    -53.66
832    -38.272
833    -53.722
834    -55.873
835    -55.108
836    -54.178
837    -52.367
838    -55.041
839    -52.453
840    -54.096
841    -55.197
842    -53.983
843    -56.865
844    -55.375
845    -54.041
846    -55.203
847    -53.279
848    -55.118
849    -56.416
850    -51.231
851    -55.152
852    -53.41
853    -55.313
854    -56.274
855    -55.335
856    -52.88
857    -52.977
858    -56.215
859    -51.221
860    -54.144
861    -54.086
862    -51.919
863    -52.879
864    -53.101
865    -55.054
866    -55.065
867    -52.15
868    -53.114
869    -52.704
870    -54.013
871    -54.5
872    -53.064
873    -54.491
874    -54.48
875    -56.834
876    -53.165
877    -54.535
878    -54.971
879    -55.195
880    -54.28
881    -54.019
882    -53.093
883    -55.301
884    -55.868
885    -56.1
886    -54.164
887    -52.836998
888    -37.097
889    -54.217
890    -37.354
891    -55.83
892    -54.242
893    -53.112
894    -52.391
895    -52.293
896    -37.37
897    -54.398
898    -55.249
899    -53.179
900    -52.159
901    -53.928
902    -52.811
903    -53.289
904    -53.807
905    -54.447
906    -54.205
907    -57.207
908    -54.386
909    -54.048
910    -51.9
911    -53.017
912    -54.906
913    -53.049
914    -54.338
915    -54.095
916    -52.549
917    -53.304
918    26.513
919    -53.149
920    -52.15
921    -53.868
922    -48.356
923    -49.481
924    -49.101
925    -47.94
926    -46.05
927    -48.049
928    -49.947
929    -48.189
930    -48.164
931    -48.018
932    -46.281
933    -47.145
934    -49.269
935    -50.278
936    -49.144
937    -50.046
938    -49.21
939    -47.822
940    -49.421
941    -48.387
942    -49.239
943    -39.395
944    -39.475
945    -47.781
946    -48.012
947    -51.219
948    -40.402
949    -49.136
950    -46.043
951    -49.207
952    -49.282
953    -50.382
954    -39.079
955    -48.744
956    -48.207
957    -39.159
958    -50.147
959    -51.19
960    -40.271
961    -49.934
962    -48.223
963    -49.832
964    -48.939
965    -48.163
966    -48.252
967    -50.189
968    -49.446
969    -46.953
970    -48.34
971    -47.829
972    -50.461998
973    -39.942
974    -49.631
975    -39.569
976    -49.984
977    -49.091
978    -40.125
979    -48.414
980    -50.509
981    -48.868
982    -49.461998
983    -42.887
984    -44.322
985    -43.659
986    -44.317
987    -44.534
988    -84.64
989    -80.039
990    -81.01
991    -85.279
992    -80.633
993    -81.749
994    -80.934
995    -78.969
996    -77.63
997    -78.918
998    -79.332
999    -83.966
1000    -82.666
1001    -79.986
1002    -80.728
1003    -81.135
1004    -80.039
1005    -81.995
1006    -77.796
1007    -80.77
1008    -82.895
1009    -81.862
1010    -81.446
1011    -78.136
1012    -80.698
1013    -78.961
1014    -78.226
1015    -81.54
1016    -75.043
1017    -80.173
1018    -82.809
1019    -79.851
1020    -80.803
1021    -79.759
1022    -79.823
1023    -82.81
1024    -82.751
1025    -76.745
1026    -81.158
1027    -77.108
1028    -77.864
1029    -80.778
1030    -82.06
1031    -77.995
1032    -78.666
1033    -79.665
1034    -77.878
1035    -77.866
1036    -78.97
1037    -81.006
1038    -81.889
1039    -76.022
1040    -79.711
1041    -77.841
1042    -78.281
1043    -79.172
1044    -79.734
1045    -75.78
1046    -78.004
1047    -80.874
1048    -77.104
1049    -82.814
1050    -79.461
1051    -43.673
1052    -44.423
1053    -42.959
1054    -44.614
1055    -43.135
1056    -44.298
1057    -44.504
1058    -44.15
1059    -43.116
1060    -44.344
1061    -44.403
1062    -43.401
1063    -44.36
1064    -43.785
1065    -44.036
1066    -42.371
1067    -43.0
1068    -44.11
1069    -52.348
1070    -53.054
1071    -53.005
1072    -53.259
1073    -53.109
1074    -52.72
1075    -53.172
1076    -51.465
1077    -54.358
1078    -53.178
1079    -44.498
1080    -43.375
1081    -44.325
1082    -35.048
1083    -74.304
1084    -74.076
1085    -73.225
1086    -73.842
1087    -65.422
1088    -74.22
1089    -74.41
1090    -73.25
1091    -74.157
1092    -64.503
1093    -74.22
1094    -73.256
1095    -72.627
1096    -64.219
1097    -74.166
1098    -74.384
1099    -72.349
1100    -72.931
1101    -64.246
1102    -74.254
1103    -78.126
1104    -79.543
1105    -78.254
1106    -78.409
1107    -78.239
1108    -81.027
1109    -78.373
1110    -76.427
1111    -43.249
1112    -42.19
1113    -48.068
1114    -45.972
1115    -47.821
1116    -48.35
1117    -48.14
1118    -46.4
1119    -47.558
1120    -47.285
1121    -48.17
1122    -48.199
1123    -48.175
1124    -47.346
1125    -48.058
1126    -47.92
1127    -47.368
1128    -47.551
1129    -47.566
1130    -48.11
1131    -47.967
1132    -47.204
1133    -47.21
1134    -48.234
1135    -46.126
1136    -46.237
1137    -47.607
1138    -47.249
1139    -48.183
1140    -46.518
1141    -47.297
1142    -47.071
1143    -48.288
1144    -48.063
1145    -47.236
1146    -47.216
1147    -48.158
1148    -47.295
1149    -46.396
1150    -48.1
1151    -47.681
1152    -48.207
1153    -47.197998
1154    -47.321
1155    -45.304
1156    -48.443
1157    -47.26
1158    -46.942
1159    -47.205
1160    -48.067
1161    -47.548
1162    -47.225
1163    -47.883
1164    -47.165
1165    -47.004
1166    -47.003
1167    -46.332
1168    -48.258
1169    -48.086
1170    -48.097
1171    -48.475
1172    -47.023
1173    -48.417
1174    -46.95
1175    -47.28
1176    -47.35
1177    -47.08
1178    -48.492
1179    -48.461998
1180    -47.984
1181    -48.206
1182    -48.128
1183    -46.425
1184    -76.48
1185    -47.91
1186    -50.297
1187    -80.270996
1188    -49.898
1189    -51.417
1190    -47.881
1191    -50.812
1192    -50.181
1193    -80.58
1194    -47.025
1195    -51.145
1196    -48.178
1197    -51.203
1198    -80.065
1199    -48.171
1200    -47.184
1201    -74.931
1202    -47.23
1203    -46.79
1204    -48.218
1205    -48.361
1206    -78.21
1207    -45.938
1208    -46.144
1209    -48.166
1210    -47.921
1211    -76.441
1212    -46.166
1213    -47.582
1214    -47.622
1215    -77.524
1216    -47.489
1217    -48.078
1218    -48.286
1219    -46.02
1220    -76.621
1221    -47.8
1222    -47.345
1223    -47.236
1224    -77.553
1225    -48.29
1226    -48.173
1227    -47.385
1228    -48.23
1229    -77.297
1230    -47.108
1231    -48.392
1232    -48.046
1233    -47.194
1234    -77.225
1235    -48.239
1236    -47.824
1237    -47.531
1238    -48.201
1239    -76.292
1240    -47.084
1241    -48.183
1242    -77.408
1243    -48.275
1244    -47.215
1245    -47.794
1246    -48.134
1247    -75.5
1248    -44.616
1249    -45.981
1250    -48.09
1251    -48.242
1252    -78.264
1253    -47.593
1254    -47.567
1255    -47.108
1256    -47.334
1257    -78.461
1258    -48.165
1259    -48.167
1260    -47.28
1261    -47.516
1262    -77.351
1263    -48.156
1264    -47.342
1265    -47.235
1266    -77.162
1267    -45.97
1268    -47.385
1269    -48.149
1270    -47.055
1271    -75.831
1272    -48.312
1273    -47.992
1274    -47.14
1275    -72.411
1276    -43.156
1277    -43.05
1278    -43.247
1279    -72.53
1280    -43.092
1281    -42.814
1282    -43.254
1283    -72.247
1284    -43.513
1285    -43.072
1286    -43.297
1287    -72.598
1288    -43.207
1289    -43.067
1290    -43.063
1291    -42.157
1292    -42.124
1293    -43.292
1294    -72.342
1295    -43.229
1296    -43.175
1297    -43.379
1298    -73.345
1299    -43.32
1300    -43.238
1301    -43.491
1302    -75.121
1303    -42.054
1304    -42.009
1305    -33.956
1306    -34.449
1307    -62.967
1308    -34.347
1309    -34.325
1310    -34.477
1311    -63.563
1312    -34.218
1313    -34.399
1314    -34.189
1315    -63.324
1316    -34.745
1317    -33.465
1318    -63.533
1319    -34.812
1320    -34.679
1321    -63.237
1322    -34.512
1323    -34.519
1324    -34.541
1325    -34.231
1326    -63.591
1327    -39.28
1328    -34.474
1329    -34.576
1330    -34.285
1331    -62.488
1332    -34.22
1333    -34.366
1334    -34.456
1335    -63.437
1336    -39.26
1337    -34.511
1338    -33.47
1339    -39.72
1340    -62.063
1341    -34.32
1342    -34.465
1343    -64.447
1344    -39.368
1345    -34.639
1346    -63.57
1347    -39.166
1348    -34.229
1349    -34.666
1350    -34.081
1351    -34.578
1352    -38.437
1353    -34.732
1354    -34.062
1355    -34.48
1356    -39.706
1357    -34.257
1358    -33.204
1359    -34.513
1360    -38.14
1361    -33.484
1362    -32.947998
1363    -34.616
1364    -33.971
1365    -39.602
1366    -33.974
1367    -34.647
1368    -33.783
1369    -34.581
1370    -38.389
1371    -62.735
1372    -34.704
1373    -34.305
1374    -39.455
1375    -63.477
1376    -32.41
1377    -34.248
1378    -34.688
1379    -64.559
1380    -33.143
1381    -33.536
1382    -34.825
1383    -62.911
1384    -34.302
1385    -34.783
1386    -34.369
1387    -34.255
1388    -63.473
1389    -34.11
1390    -34.006
1391    -34.079
1392    -34.49
1393    -63.641
1394    -34.715
1395    -34.763
1396    -63.336
1397    -33.69
1398    -32.467
1399    -34.125
1400    -34.658
1401    -63.356
1402    -34.531
1403    -33.447
1404    -33.971
1405    -63.232
1406    -34.4
1407    -33.777
1408    -33.338
1409    -63.053
1410    -34.406
1411    -34.529
1412    -63.572
1413    -39.489
1414    -37.39
1415    -34.786
1416    -39.36
1417    -68.581
1418    -38.162
1419    -39.194
1420    -34.419
1421    -66.249
1422    -38.324
1423    -37.239
1424    -39.45
1425    -68.147
1426    -38.47
1427    -39.358
1428    -28.558
1429    -58.769
1430    -28.513
1431    -28.657
1432    -28.636
1433    -58.763
1434    -27.647
1435    -28.47
1436    -28.472
1437    -56.259
1438    -28.407
1439    -27.117
1440    -27.335
1441    -58.243
1442    -28.455
1443    -28.632
1444    -27.791
1445    -28.811
1446    -58.523
1447    -28.693
1448    -28.377
1449    -57.764
1450    -28.480999
1451    -27.782
1452    -28.741
1453    -28.441
1454    -58.46
1455    -28.294
1456    -28.619999
1457    -28.192
1458    -57.483
1459    -28.463
1460    -28.394
1461    -27.821
1462    -58.22
1463    -28.609
1464    -28.475
1465    -28.65
1466    -27.525
1467    -58.684
1468    -28.632
1469    -28.887
1470    -27.411
1471    -58.953
1472    -28.132
1473    -27.213
1474    -28.595
1475    -58.79
1476    -28.568
1477    -27.739
1478    -27.835
1479    -58.39
1480    -28.453
1481    -28.384
1482    -27.953
1483    -58.246
1484    -28.763
1485    -28.983
1486    -26.405
1487    -28.796
1488    -58.608
1489    -28.748
1490    -27.171
1491    -28.47
1492    -57.64
1493    -28.497
1494    -28.397
1495    -28.487999
1496    -28.743
1497    -28.138
1498    -58.286
1499    -27.16
1500    -28.723999
1501    -28.706
1502    -58.752
1503    -27.809
1504    -28.77
1505    -58.525
1506    -27.831
1507    -27.756
1508    -28.281
1509    -28.443
1510    -59.59
1511    -26.225
1512    -28.515
1513    -27.911
1514    -60.649
1515    -28.416
1516    -27.931
1517    -28.757
1518    -29.34
1519    -28.462
1520    -57.853
1521    -28.369
1522    -28.615
1523    -58.346
1524    -28.294
1525    -28.978
1526    -28.446
1527    -58.963
1528    -28.64
1529    -28.906
1530    -58.809
1531    -28.855
1532    -28.602
1533    -28.478
1534    -58.572
1535    -27.462
1536    -28.475
1537    -58.719
1538    -27.656
1539    -58.524
1540    -28.578
1541    -59.696
1542    -28.401
1543    -58.673
1544    -28.587
1545    -58.16
1546    -28.452
1547    -28.562
1548    -28.57
1549    -28.438
1550    -58.75
1551    -27.502
1552    -28.662
1553    -58.877
1554    -28.455
1555    -27.598999
1556    -58.829
1557    -28.956
1558    -28.686
1559    -28.549
1560    -58.551
1561    -27.771
1562    -27.862999
1563    -28.74
1564    -58.667
1565    -28.888
1566    -27.449
1567    -58.652
1568    -28.362
1569    -27.827
1570    -28.834
1571    -58.298
1572    -58.557
1573    -28.31
1574    -28.232
1575    -28.68
1576    -28.71
1577    -28.26
1578    -28.134
1579    -57.644
1580    -28.657
1581    -28.237999
1582    -27.929
1583    -28.419
1584    -28.879
1585    -58.558
1586    -28.431
1587    -28.707
1588    -28.699
1589    -26.91
1590    -58.731
1591    -28.499
1592    -27.61
1593    -28.586
1594    -27.517
1595    -28.629
1596    -58.757
1597    -28.237
1598    -28.497
1599    -28.56
1600    -58.594
1601    -28.742
1602    -28.449
1603    -58.668
1604    -28.575
1605    -28.671
1606    -28.48
1607    -58.571
1608    -28.578
1609    -28.432
1610    -26.583
1611    -58.194
1612    -28.685
1613    -27.78
1614    -57.6
1615    -28.77
1616    -28.381
1617    -28.841
1618    -27.626
1619    -28.597
1620    -28.824
1621    -5.8719997
1622    -6.811
1623    -5.705
1624    -9.642
1625    -5.927
1626    -7.906
1627    -7.774
1628    -7.304
1629    -7.052
1630    -7.933
1631    -7.371
1632    -5.3059998
1633    -7.319
1634    -8.66
1635    -4.442
1636    -7.14
1637    -7.67
1638    -8.693
1639    -7.06
1640    -8.638
1641    -6.6359997
1642    -27.915
1643    -28.536
1644    -28.2
1645    -27.55
1646    -28.642
1647    -28.696
1648    -28.429
1649    -28.77
1650    -28.956
1651    -28.242
1652    -28.403
1653    -27.961
1654    -27.707
1655    -27.907
1656    -27.426
1657    -28.546
1658    -27.196
1659    -28.203
1660    -28.516
1661    -8.546
1662    -6.035
1663    -7.585
1664    -7.742
1665    -6.961
1666    -58.738
1667    -6.228
1668    -57.58
1669    -6.819
1670    -58.706
1671    -7.117
1672    -58.366
1673    -4.857
1674    -58.644
1675    -8.141
1676    -4.121
1677    -9.689
1678    -8.02
1679    -6.027
1680    -58.292
1681    -4.213
1682    -58.272
1683    -7.333
1684    -58.699
1685    -7.052
1686    -57.533
1687    -7.145
1688    -58.538
1689    -7.512
1690    -58.822
1691    -7.653
1692    -56.959
1693    -7.593
1694    -58.342
1695    -5.679
1696    -58.64
1697    -6.11
1698    -56.63
1699    -7.34
1700    -58.387
1701    -4.762
1702    -58.801
1703    -58.801
1704    -9.021
1705    -57.597
1706    -5.677
1707    -57.517
1708    -8.581
1709    -58.259
1710    -3.059
1711    -57.414
1712    -4.902
1713    -58.572998
1714    -6.724
1715    -58.877
1716    -5.131
1717    -58.552
1718    -7.106
1719    -64.427
1720    -8.149
1721    -62.417
1722    -7.715
1723    -34.395
1724    -63.284
1725    -34.458
1726    -64.227
1727    -34.238
1728    -64.316
1729    -34.475
1730    -64.522
1731    -34.115
1732    -34.639
1733    -64.43
1734    -34.357
1735    -66.291
1736    -33.999
1737    -64.08
1738    -34.652
1739    -63.398
1740    -34.39
1741    -64.486
1742    -34.633
1743    -63.359
1744    -34.473
1745    -63.263
1746    -34.393
1747    -64.446
1748    -34.331
1749    -65.275
1750    -34.21
1751    -64.212
1752    -34.293
1753    -64.508
1754    -33.246
1755    -64.596
1756    -33.419
1757    -64.639
1758    -33.955
1759    -65.563
1760    -34.78
1761    -34.213
1762    -64.812
1763    -32.838
1764    -64.520996
1765    -33.607
1766    -63.85
1767    -34.384
1768    -64.451
1769    -33.295
1770    -63.492
1771    -34.372
1772    -64.804
1773    -34.196
1774    -64.668
1775    -33.407
1776    -64.364
1777    -34.689
1778    -64.761
1779    -33.213
1780    -64.573
1781    -34.173
1782    -64.209
1783    -34.819
1784    -64.159
1785    -33.612
1786    -64.354
1787    -33.119
1788    -63.321
1789    -34.101
1790    -64.18
1791    -34.425
1792    -65.615
1793    -34.14
1794    -64.096
1795    -34.626
1796    -63.729
1797    -34.799
1798    -64.222
1799    -34.492
1800    -64.605
1801    -33.947
1802    -64.454
1803    -34.327
1804    -63.303
1805    -34.482
1806    -63.882
1807    -33.657
1808    -34.309
1809    -64.718
1810    -34.289
1811    -63.398
1812    -34.818
1813    -63.798
1814    -34.563
1815    -64.409
1816    -33.57
1817    -64.993
1818    -32.819
1819    -63.527
1820    -32.745
1821    -64.651
1822    -34.359
1823    -64.64
1824    -34.77
1825    -63.517
1826    -34.679
1827    -64.191
1828    -34.654
1829    -64.993
1830    -34.453
1831    -64.498
1832    -34.612
1833    -64.153
1834    -34.289
1835    -64.401
1836    -33.333
1837    -63.779
1838    -34.243
1839    -64.544
1840    -33.076
1841    -64.108
1842    -34.423
1843    -64.298
1844    -34.687
1845    -34.669
1846    -68.264
1847    -38.297
1848    -69.127
1849    -38.772
1850    -69.127
1851    -39.416
1852    -69.572
1853    -38.421
1854    -69.308
1855    -39.501
1856    -69.278
1857    -39.532
1858    -69.253
1859    -38.215
1860    -70.708
1861    -39.343
1862    -68.635
1863    -38.502
1864    -69.251
1865    -39.322
1866    -68.611
1867    -38.925
1868    -69.423
1869    -38.288
1870    -68.433
1871    -39.721
1872    -38.059
1873    -68.697
1874    -39.457
1875    -68.453
1876    -38.697998
1877    -67.996
1878    -39.42
1879    -69.133
1880    -39.162
1881    -69.639
1882    -34.111
1883    -63.381
1884    -34.104
1885    -62.981
1886    -34.597
1887    -65.091
1888    -34.321
1889    -63.36
1890    -34.431
1891    -64.632
1892    -34.447
1893    -64.428
1894    -34.372
1895    -64.288
1896    -34.603
1897    -64.881
1898    -28.362999
1899    -28.287
1900    -27.82
1901    -31.454
1902    -32.556
1903    -32.197998
1904    -32.574
1905    -32.741
1906    -32.411
1907    -32.719
1908    -30.991
1909    -32.342
1910    -32.189
1911    -32.633
1912    -32.302
1913    -55.053
1914    -54.205
1915    -53.964
1916    -53.566
1917    -53.816
1918    -54.15
1919    -54.777
1920    -55.4
1921    -54.653
1922    -55.183
1923    -54.369
1924    -55.026
1925    -54.301
1926    -54.471
1927    -54.894
1928    -54.7
1929    -53.505
1930    -55.39
1931    -54.23
1932    -53.661
1933    -53.119
1934    -55.303
1935    -55.319
1936    -56.302
1937    -55.995
1938    -56.065998
1939    -55.09
1940    -54.518
1941    -56.274
1942    -54.575
1943    -55.412
1944    -55.285
1945    -56.372
1946    -55.01
1947    -43.419
1948    -55.499
1949    -43.428
1950    -55.85
1951    -43.064
1952    -55.551
1953    -43.627
1954    -55.46
1955    -42.111
1956    -43.464
1957    -53.861
1958    -43.154
1959    -55.566
1960    -43.142
1961    -55.528
1962    -43.427
1963    -55.366
1964    -43.397
1965    -54.879
1966    -43.332
1967    -55.729
1968    -43.46
1969    -55.673
1970    -51.324
1971    -43.199
1972    -54.674
1973    -54.728
1974    -51.221
1975    -43.313
1976    -54.871
1977    -43.104
1978    -55.616
1979    -43.196
1980    -54.600998
1981    -43.173
1982    -51.243
1983    -55.475
1984    -43.234
1985    -55.483
1986    -42.711998
1987    -51.131
1988    -55.531
1989    -43.179
1990    -55.705
1991    -43.442
1992    -54.606
1993    -43.33
1994    -55.701
1995    -51.307
1996    -43.488
1997    -55.843
1998    -43.424
1999    -51.072998
2000    -54.738
2001    -43.676
2002    -54.529
2003    -43.576
2004    -53.525
2005    -43.128
2006    -55.36
2007    -43.543
2008    -51.17
2009    -55.478
2010    -43.308
2011    -54.908
2012    -51.315998
2013    -43.532
2014    -55.74
2015    -55.494
2016    -43.63
2017    -56.021
2018    -43.153
2019    -53.964
2020    -42.488
2021    -50.998
2022    -55.221
2023    -42.475
2024    -54.583
2025    -43.334
2026    -54.671
