0    -4.226
1    -7.067
2    -32.475998
3    -1.5239999
4    -27.71
5    -27.268
6    -27.797
7    -8.19
8    -29.143
9    -4.666
10    24.116001
11    -28.952
12    -29.111
13    -67.3
14    -4.324
15    -4.578
16    -3.794
17    -28.018
18    -29.229
19    -28.104
20    -4.649
21    -27.162
22    -27.963
23    -29.118
24    -7.368
25    -29.376999
26    18.315
27    -29.17
28    -5.465
29    -28.371
30    -14.413
31    -14.4279995
32    -14.342
33    -14.433
34    -14.031
35    -14.052
36    -14.309999
37    -14.308
38    -14.521
39    -15.134
40    -13.889
41    -12.693
42    -14.057
43    -14.056
44    -14.188
45    -14.311
46    -14.254
47    -14.34
48    -14.402
49    -14.305
50    -14.469
51    -14.141
52    -14.498
53    -14.173
54    -14.077
55    -13.941
56    -14.503
57    -14.000999
58    -14.504
59    -14.188
60    -14.032
61    -13.5529995
62    -14.292
63    -13.589
64    -14.625999
65    -14.578
66    -14.346
67    -14.36
68    -14.4939995
69    -14.495
70    -28.294
71    -3.7529998
72    -29.276
73    -28.429
74    -29.115
75    -4.669
76    -28.492
77    -29.077
78    -0.30799997
79    -1.216
80    -28.582
81    0.011000037
82    -28.531
83    -29.187
84    -0.22699994
85    -27.959
86    -4.017
87    6.337
88    -29.096
89    -5.698
90    -66.363
91    -27.898
92    -0.22399998
93    -3.8509998
94    -27.344
95    -28.357
96    1.348
97    -29.141
98    -8.09
99    -10.396
100    -28.569
101    -29.01
102    -8.075
103    -29.362999
104    -29.215
105    -29.371
106    -28.137
107    -4.644
108    -27.413
109    -29.107
110    -29.063
111    -28.499
112    -1.292
113    18.726002
114    -5.363
115    -28.402
116    -21.148
117    -29.18
118    -4.661
119    -4.748
120    -28.355
121    -27.506
122    -4.417
123    -29.035
124    -29.085
125    -28.329
126    -27.679
127    -29.13
128    -28.143
129    -29.373
130    -29.126
131    -29.098
132    -4.358
133    -29.177
134    -29.13
135    -22.629
136    -22.895
137    -22.901
138    -23.119999
139    -22.881
140    -23.22
141    -23.184
142    -62.071
143    -23.361
144    -23.063
145    -22.667
146    0.874
147    -23.09
148    -7.085
149    -22.73
150    -23.227
151    -22.969
152    -22.655
153    -23.198
154    -8.124
155    -5.446
156    -28.876999
157    -28.129
158    -29.198
159    -23.33
160    -23.08
161    -5.568
162    -28.541
163    -23.068
164    -23.899
165    1.006
166    -23.201
167    -23.384
168    -23.25
169    -23.304
170    -22.059
171    -22.589
172    -24.248
173    -23.024
174    -22.703
175    -23.059
176    -23.244999
177    -22.991
178    -23.153
179    -23.029
180    0.62600005
181    -23.192
182    -23.136
183    -23.227
184    -22.79
185    -28.619999
186    -27.094
187    -4.68
188    -28.519
189    -30.144
190    -4.4049997
191    -29.492
192    -29.252
193    -27.959
194    -29.131
195    -29.007
196    -28.618
197    -29.053
198    -72.202
199    -2.9729998
200    -29.265
201    -5.1899996
202    -28.519
203    -1.2609999
204    -8.143
205    -28.216
206    -29.241
207    -7.9449997
208    -32.1
209    -4.493
210    -28.047
211    -29.014
212    -29.148
213    -29.434
214    -29.336
215    -5.2959995
216    -28.015
217    -27.276
218    -29.229
219    -28.236
220    -5.9199996
221    -28.226
222    -4.459
223    -28.092
224    -8.052
225    -29.138
226    -4.54
227    -8.988
228    -4.684
229    -3.668
230    -28.17
231    -4.161
232    -28.014
233    0.59800005
234    -78.03
235    -28.230999
236    -0.51
237    -29.092
238    -4.72
239    -28.834
240    -29.133
241    -28.605
242    -28.059
243    -29.05
244    -9.423
245    -29.122
246    -30.19
247    -5.2
248    -29.03
249    -5.3459997
250    -4.704
251    -29.213
252    -28.042
253    -4.418
254    -29.046
255    -23.222
256    -23.151
257    -22.984
258    -23.274
259    -22.698
260    -23.256
261    -23.114
262    -23.259
263    -22.965
264    0.62200004
265    -22.998
266    -23.32
267    -22.987
268    -24.103
269    -23.264
270    -23.404
271    2.0630002
272    -23.791
273    -23.132
274    -22.807
275    -23.376
276    -22.638
277    -23.076
278    -23.118
279    -23.018
280    -23.167
281    -23.178
282    -22.632
283    -23.28
284    -22.683
285    -23.102
286    -22.536
287    -23.035
288    -23.116
289    -23.006
290    -22.697
291    -23.253
292    0.768
293    -23.124
294    -22.895
295    -22.636
296    -22.826
297    -22.72
298    -21.562
299    -22.48
300    -23.068
301    -22.862
302    -22.987
303    -23.209
304    -22.525
305    -23.257
306    -22.772
307    -22.635
308    -22.903
309    -22.955
310    -22.358
311    -23.323
312    -21.533
313    -23.244999
314    -23.023
315    -22.75
316    -22.941
317    -23.305
318    -23.072
319    -23.331
320    -23.206
321    -12.901
322    -12.926
323    -12.4869995
324    -12.9
325    -12.9869995
326    -12.69
327    -12.967
328    -12.949
329    -12.916
330    -12.708
331    -11.965
332    -12.653
333    -14.795
334    -12.958
335    -14.809
336    -12.921
337    -13.772
338    -13.761
339    -12.584
340    -13.659
341    -12.684
342    -15.049
343    -12.94
344    -11.972
345    -11.78
346    -13.712
347    -13.753
348    -13.691999
349    -13.709
350    -13.738
351    -12.977
352    -13.788
353    -13.591
354    -13.783
355    -13.698999
356    -12.642
357    -13.995
358    -13.954
359    -12.953
360    -13.707
361    -11.887
362    -12.022
363    -15.037
364    -13.593
365    -12.009
366    -13.77
367    -23.211
368    -22.927
369    -23.126
370    -22.635
371    -23.168
372    -23.256
373    -23.317
374    1.077
375    1.8700001
376    -23.378
377    -23.025
378    -22.687
379    -23.112
380    -23.371
381    1.588
382    -22.985
383    -22.445
384    -22.968
385    -23.088
386    -23.219
387    -23.018
388    -21.901
389    -23.05
390    -23.059
391    -23.261
392    -22.81
393    -22.935
394    -22.813
395    -21.831
396    -21.769
397    -23.104
398    -22.681
399    1.855
400    -22.876999
401    -22.978
402    -23.219
403    -22.706
404    -23.403
405    0.63600004
406    -22.883
407    -22.941
408    -23.075
409    -23.301
410    -23.171
411    -22.986
412    -17.935
413    -18.386
414    -17.927
415    -17.95
416    -17.534
417    -18.255
418    -18.064
419    -17.857
420    -19.098999
421    -18.079
422    -18.322
423    -18.186
424    -17.983
425    -17.774
426    -16.461
427    -18.026
428    -18.117
429    -17.954
430    -18.23
431    -17.784
432    -18.069
433    -17.86
434    -17.94
435    -18.228
436    -15.488
437    -18.268
438    -18.269
439    -18.347
440    -18.194
441    -19.071
442    -18.251
443    -18.146
444    -17.573
445    -17.887
446    -16.168
447    -18.835
448    -18.117
449    -17.848999
450    -9.123
451    -7.991
452    -9.167
453    -9.252
454    -8.427
455    -8.881
456    -6.383
457    -9.015
458    -8.808
459    -7.182
460    -9.000999
461    -8.128
462    -9.211
463    -9.359
464    -8.819
465    -5.139
466    -9.276
467    -6.936
468    -8.445
469    -7.0889997
470    -8.971
471    -6.4259996
472    -8.559999
473    -8.898
474    -9.092
475    -8.000999
476    -8.762
477    -9.235
478    -7.139
479    -9.313
480    -8.821
481    -9.3029995
482    -8.219
483    -9.205
484    -9.097
485    -9.168
486    -8.259
487    -7.9919996
488    -8.562
489    -9.189
490    -8.534
491    -2.8619995
492    -8.753
493    -8.889
494    -9.133
495    -9.276
496    -8.397
497    -8.4
498    -9.281
499    -9.416
500    -7.795
501    -8.479
502    -8.066
503    -9.059
504    -9.357
505    -8.739
506    -7.773
507    -6.772
508    -8.083
509    -8.805
510    -7.4989996
511    -7.739
512    -8.557
513    -8.613
514    -8.833
515    -9.207
516    -9.351
517    -9.063
518    -9.338
519    -8.536
520    -8.855
521    -8.943
522    -8.404
523    -8.788
524    -7.0389996
525    -8.667
526    -6.779
527    -8.231
528    -8.408
529    -8.906
530    -8.865
531    -9.32
532    -8.44
533    -8.945
534    -8.226
535    -9.155
536    -8.95
537    -9.241
538    -9.187
539    -8.712
540    -9.452
541    -3.995
542    -7.595
543    -9.113
544    -5.929
545    -8.746
546    -9.283
547    -8.03
548    -9.11
549    -8.59
550    -9.466
551    -9.065
552    -8.519
553    -9.191
554    -9.081
555    -9.264
556    -8.902
557    -9.133
558    -9.429
559    -9.027
560    -8.336
561    -5.1899996
562    -9.348
563    -9.357
564    -7.699
565    -9.128
566    -8.993
567    -9.134
568    -7.201
569    -6.788
570    -5.31
571    -8.569
572    -8.877
573    -8.573999
574    -9.087
575    -7.385
576    -7.913
577    -8.414
578    -9.039
579    -9.356
580    -9.445
581    -7.658
582    -9.103
583    -9.187
584    -8.629
585    -9.169
586    -8.64
587    -8.443
588    -8.041
589    -8.873
590    -9.04
591    -8.691
592    -9.018
593    -7.3269997
594    -9.116
595    -9.058
596    -8.73
597    -9.488
598    -7.323
599    -9.359
600    -9.408
601    -9.39
602    -7.9189997
603    -8.085
604    -8.859
605    -8.279
606    -8.892
607    -8.401
608    -8.413
609    -6.095
610    -8.241
611    -8.848
612    -9.302
613    -9.104
614    -8.687
615    -9.395
616    -9.056
617    -8.854
618    -8.705
619    -9.175
620    -9.247
621    -8.364
622    -8.3619995
623    -9.323
624    -7.576
625    -8.355
626    -4.838
627    -8.608
628    -7.76
629    -8.848
630    -9.355
631    -9.461
632    -9.437
633    -9.408
634    -4.7209997
635    -9.338
636    -8.561
637    -7.972
638    -8.954
639    -8.338
640    -8.946
641    -9.379
642    -7.5369997
643    -8.118
644    -7.533
645    -7.494
646    -9.215
647    -9.049
648    -9.414
649    -8.171
650    -9.34
651    -8.818
652    -7.916
653    -7.5109997
654    -8.586
655    -8.089
656    -9.328
657    -7.812
658    -9.327
659    -9.184
660    -9.459
661    -8.785
662    -9.419
663    -9.224
664    -8.205
665    -9.221
666    -8.91
667    -9.367
668    -8.926
669    -9.365
670    -9.227
671    -8.326
672    -9.133
673    -9.309
674    -9.025
675    -9.408
676    -8.83
677    -8.789
678    -9.008
679    -8.727
680    -8.934999
681    -8.1189995
682    -8.839
683    -8.208
684    -8.847
685    -8.516
686    -8.243
687    -8.791
688    -4.4779997
689    -9.686
690    -9.242
691    -8.469
692    -9.374
693    -9.6779995
694    -7.857
695    -8.152
696    -9.412
697    -9.727
698    -6.3389997
699    -5.3849998
700    -8.605
701    -8.951
702    -9.331
703    -9.256
704    -8.039
705    -9.311
706    -6.519
707    -9.5789995
708    -9.517
709    -6.686
710    -9.359
711    -9.314
712    -8.414
713    -9.268
714    -5.028
715    -9.414
716    -7.88
717    -9.139
718    -8.209
719    -9.649
720    -9.527
721    -9.086
722    -6.423
723    -8.974
724    -8.992
725    -9.124
726    -9.186
727    -9.295
728    -9.259
729    -9.576
730    -9.675
731    -9.581
732    -9.15
733    -9.619
734    -9.429
735    -9.159
736    -9.046
737    -8.555
738    -9.53
739    -7.689
740    -8.857
741    -9.526
742    -6.63
743    -9.171
744    -9.656
745    -9.059999
746    -8.887
747    -9.266
748    -9.145
749    -9.446
750    -8.312
751    -9.486
752    -9.536
753    -8.566999
754    -9.644
755    -9.35
756    -9.203
757    -9.444
758    -9.293
759    -8.82
760    -9.15
761    -13.215
762    -13.52
763    -13.355
764    -13.257999
765    -13.171
766    -13.354
767    -13.039
768    -13.221
769    -13.208
770    -12.997
771    -13.569
772    -12.903999
773    -13.187
774    -13.216
775    -13.587
776    -12.077
777    -13.566
778    -14.53
779    -13.285
780    -13.456
781    -13.656
782    -12.9869995
783    -13.039
784    -12.968
785    -13.321
786    -13.269
787    -13.52
788    -13.349
789    -14.46
790    -13.507
791    -13.448999
792    -13.625
793    -13.443
794    -13.191
795    -12.677
796    -12.535
797    -14.345
798    -13.183
799    -13.411
800    -12.201
801    -12.447
802    -13.402
803    -13.588
804    -13.399
805    -13.389999
806    -12.679
807    -13.198999
808    -13.425
809    -13.57
810    -13.448999
811    -12.241
812    -13.502
813    -13.197
814    -13.757
815    -12.955999
816    -12.11
817    -13.762
818    -18.253
819    -13.281
820    -15.122
821    -12.964
822    -12.623
823    -12.68
824    -13.485
825    -13.061
826    -14.337
827    -13.175
828    -13.287
829    -13.121
830    -13.478
831    -12.784
832    -13.453
833    -13.387
834    -13.443
835    -13.26
836    -13.037
837    -13.389
838    -13.452
839    -13.375
840    -12.441999
841    -13.212
842    -13.53
843    -12.866
844    -13.175
845    -13.375999
846    -13.157
847    -13.1449995
848    -12.686
849    -12.992
850    -13.707
851    -13.534
852    -13.458
853    -13.295
854    -14.308
855    -14.656
856    -13.311
857    -13.837999
858    -13.378
859    -13.073999
860    -13.388
861    -13.003
862    -13.1449995
863    -13.18
864    -13.286
865    -13.23
866    -12.655
867    -12.937
868    -13.363
869    -11.978
870    -13.186
871    -13.445
872    -13.555
873    -13.315
874    -13.462
875    -13.399
876    -13.08
877    -13.282
878    -12.906
879    -12.977
880    -13.436
881    -13.559
882    -13.658
883    -13.649
884    -13.375999
885    -13.434
886    -13.34
887    -13.382999
888    -13.1779995
889    -13.305
890    -13.382
891    -13.563
892    -13.2369995
893    -14.128
894    -13.353
895    -13.327
896    -13.356
897    -13.433
898    -13.216
899    -13.468
900    -13.257999
901    -13.616
902    -13.439
903    -13.53
904    -13.529
905    -13.102
906    -13.46
907    -13.293
908    -13.099
909    -13.458
910    -13.389999
911    -13.452
912    -13.38
913    -13.368
914    -13.392
915    -13.458
916    -13.137
917    -13.203
918    -13.297
919    -13.468
920    -14.599
921    -13.414
922    -13.294
923    -13.602
924    -13.533
925    -13.191999
926    -13.557
927    -13.4869995
928    -13.354
929    -13.965
930    -13.347
931    -13.342
932    -13.248
933    -14.328
934    -13.518
935    -13.225
936    -13.381
937    -13.332
938    -13.461
939    -13.253
940    -13.403
941    -13.47
942    -13.434999
943    -13.215
944    -13.448
945    -13.488
946    -13.297
947    -13.011
948    -12.757
949    -13.366
950    -13.043
951    -13.286
952    -13.424
953    -12.871
954    -13.125999
955    -13.417
956    -12.788
957    -14.36
958    -13.462
959    -13.264999
960    -13.403
961    -13.01
962    -13.18
963    -12.443
964    -12.823
965    -13.309999
966    -13.512
967    -12.753
968    -13.127
969    -13.187
970    -14.106
971    -12.966
972    -13.724
973    -13.479
974    -12.657
975    -13.202
976    -13.34
977    -13.45
978    -13.892
979    -12.601
980    -13.328
981    -12.943
982    -12.954
983    -13.174
984    -12.846
985    -12.804
986    -13.18
987    -12.973
988    -13.357
989    -13.361
990    -13.319
991    -12.916
992    -13.161
993    -13.389999
994    -13.451
995    -13.257999
996    -13.629
997    -13.3
998    -13.316999
999    -13.069
1000    -13.306
1001    -12.943
1002    -13.134
1003    -14.134
1004    -12.983
1005    -13.433
1006    -13.541
1007    -13.059
1008    -14.198
1009    -13.439
1010    -13.347
1011    -13.41
1012    -13.482
1013    -13.316999
1014    -13.416
1015    -12.889
1016    -13.229
1017    -13.418
1018    -13.158
1019    -13.253
1020    -13.186
1021    -13.208
1022    -13.013
1023    -13.421
1024    -13.356
1025    -13.014
1026    -13.216
1027    -13.423
1028    -13.177
1029    -12.978
1030    -13.04
1031    -13.295
1032    -13.080999
1033    -13.316999
1034    -13.47
1035    -13.3619995
1036    -13.446
1037    -13.096
1038    -13.007999
1039    -13.325
1040    -12.811
1041    -13.518
1042    -13.327
1043    -13.109
1044    -13.485
1045    -13.305
1046    -13.201
1047    -13.301
1048    -13.139
1049    -13.212
1050    -13.495
1051    -25.461
1052    -23.605
1053    -24.454
1054    -24.553
1055    -22.527
