0    1.917
1    1.806
2    1.6
3    1.671
4    1.664
5    1.679
6    1.835
7    1.2360001
8    3.092
9    1.5150001
10    1.302
11    2.126
12    1.804
13    1.511
14    1.227
15    1.246
16    1.552
17    -1.4089999
18    1.6300001
19    1.189
20    1.386
21    4.223
22    1.33
23    3.022
24    1.215
25    1.151
26    3.0830002
27    1.353
28    1.326
29    1.346
30    1.399
31    1.396
32    1.109
33    1.296
34    1.329
35    1.326
36    1.333
37    1.333
38    2.52
39    2.631
40    1.212
41    2.514
42    2.733
43    2.733
44    1.3
45    1.344
46    2.6330001
47    1.751
48    1.751
49    1.415
50    1.086
51    2.521
52    2.6200001
53    2.6200001
54    1.131
55    1.131
56    1.131
57    1.307
58    1.332
59    3.02
60    1.334
61    -0.566
62    1.207
63    3.0180001
64    0.08100009
65    0.08100009
66    0.078999996
67    0.07700014
68    0.078999996
69    1.399
70    1.336
71    1.906
72    1.332
73    1.304
74    1.396
75    1.339
76    1.337
77    1.116
78    2.5170002
79    1.298
80    1.24
81    1.326
82    1.326
83    2.631
84    2.631
85    1.317
86    1.367
87    3.02
88    1.221
89    0.078999996
90    0.07700014
91    0.08300018
92    3.078
93    0.019000053
94    0.018000126
95    0.017000198
96    3.1780002
97    1.324
98    1.347
99    0.18000007
100    1.3310001
101    1.348
102    0.17900014
103    0.019000053
104    0.019000053
105    0.017000198
106    1.3050001
107    0.18000007
108    0.01999998
109    1.317
110    1.317
111    0.181
112    0.181
113    3.18
114    1.317
115    0.18200016
116    1.4760001
117    3.1820002
118    0.18000007
119    0.17900014
120    0.18200016
121    3.18
122    0.18400002
123    3.181
124    3.18
125    0.078999996
126    3.0770001
127    1.234
128    0.07800007
129    3.0180001
130    3.0180001
131    3.0770001
132    1.6340001
133    0.078999996
134    0.08100009
135    0.018000126
136    0.17900014
137    1.541
138    1.997
139    1.944
140    0.67700005
141    1.2830001
142    1.103
143    0.671
144    1.1040001
145    2.1290002
146    0.883
147    1.0890001
148    0.9710001
149    1.0580001
150    0.93000007
151    1.404
152    0.88100004
153    1.199
154    0.76600003
155    0.586
156    1.516
157    0.88600004
158    0.813
159    0.93500006
160    0.63500005
161    1.8590001
162    -1.2549999
163    0.99200004
164    0.535
165    -2.25
166    0.91
167    0.50200003
168    1.5380001
169    0.67800003
170    1.0960001
171    -0.23599994
172    0.75500005
173    0.767
174    -2.452
175    -2.657
176    1.006
177    0.81900007
178    1.0840001
179    1.3610001
180    1.108
181    0.99700004
182    2.073
183    1.095
184    0.84300005
185    -0.6249999
186    1.2370001
187    0.79300004
188    0.95100003
189    0.46400002
190    0.99500006
191    -2.504
192    0.95500004
193    1.003
194    1.133
195    0.87900007
196    -1.885
197    -1.853
198    -1.4629999
199    -4.561
200    -1.693
201    -1.8219999
202    -1.28
203    -1.6759999
204    -6.9469995
205    -1.933
206    -4.948
207    -1.6639999
208    -1.875
209    -1.555
210    -1.788
211    -1.928
212    -3.264
213    -1.749
214    -1.875
215    -3.965
216    -1.3159999
217    -1.869
218    -1.869
219    -1.926
220    -3.063
221    -2.0939999
222    -2.19
223    -2.246
224    -2.894
225    -2.159
226    -2.993
227    -2.031
228    -2.164
229    -2.29
230    -1.902
231    -2.7289999
232    -2.224
233    -1.655
234    -2.197
235    -1.882
236    -2.115
237    -2.007
238    -2.3379998
239    -1.8889999
240    -1.863
241    -1.831
242    -1.878
243    -1.8659999
244    -2.2319999
245    -1.894
246    -1.976
247    -1.966
248    -1.867
249    -1.894
250    -2.92
251    -1.943
252    -2.0809999
253    -1.967
254    -2.1339998
255    -2.132
256    -1.635
257    -1.0919999
258    -1.948
259    -1.8779999
260    -1.9369999
261    -1.5979999
262    -1.4
263    -1.8989999
264    -1.1759999
265    -1.8169999
266    -1.2249999
267    -1.765
268    -4.048
269    -1.8199999
270    0.5920001
271    -1.2019999
272    -1.8649999
273    -2.317
274    -1.879
275    -2.814
276    -4.269
277    -1.869
278    -1.888
279    -1.894
280    -1.865
281    -1.888
282    -1.902
283    -2.0879998
284    -4.954
285    -1.856
286    -2.0149999
287    -2.3009999
288    -3.4029999
289    -1.898
290    -2.071
291    -2.182
292    -2.231
293    -1.3519999
294    -2.117
295    -1.868
296    -1.8879999
297    -5.0889997
298    2.2240002
299    -2.151
300    -2.202
301    -5.166
302    -2.283
303    -1.964
304    -2.242
305    -1.8429999
306    -1.9449999
307    -1.898
308    -2.15
309    -1.913
310    -1.9389999
311    -2.0939999
312    -1.856
313    -2.03
314    -1.87
315    -2.104
316    -2.205
317    -1.923
318    -1.0259999
319    -1.3139999
320    -4.896
321    -1.859
322    -2.181
323    -1.3989999
324    -1.886
325    -4.182
326    -1.873
327    -2.119
328    -2.138
329    -1.7959999
330    0.27300024
331    -1.3109999
332    -2.136
333    -1.881
334    -1.921
335    -1.4799999
336    -1.79
337    -1.856
338    -1.834
339    -1.928
340    -4.021
341    -1.824
342    -2.062
343    -1.3239999
344    -1.954
345    -1.9619999
346    -1.882
347    -2.257
348    -1.744
349    -1.987
350    -1.0279999
351    -2.0419998
352    -1.834
353    -2.052
354    -2.117
355    1.643
