0    -10.841
1    -11.909
2    -10.173
3    -9.867
4    -3.879
5    -9.446
6    -47.855
7    -9.234
8    -7.68
9    -6.588
10    -9.738
11    -10.733
12    -55.394
13    -9.169
14    -56.477
15    -56.484
16    -59.257
17    -13.445
18    -11.688
19    -35.384
20    1.661
21    -59.932
22    -60.65
23    -10.778
24    -8.15
25    -11.145
26    -10.129
27    -61.346
28    -10.978
29    -56.106
30    -53.293
31    -33.33
32    -8.126
33    -14.246
34    -10.482
35    1.228
36    -14.257
37    -3.847
38    -60.534
39    -3.874
40    -3.882
41    -3.892
42    3.2010002
43    -11.499
44    -49.703
45    -11.238
46    -47.794
47    -43.283
48    -11.115
49    -3.873
50    1.085
51    -3.901
52    -11.149
53    -54.564
54    -10.963
55    -44.684
56    -3.852
57    -1.897
58    -3.89
59    -13.159
60    -11.458
61    -55.441
62    -55.106
63    -52.443
64    -3.871
65    -3.871
66    -0.654
67    -57.102
68    -58.375
69    -12.792
70    -3.875
71    1.073
72    -55.935
73    -10.264
74    -10.735
75    -12.537
76    -11.169
77    -3.864
78    -3.852
79    -3.852
80    -14.208
81    -3.838
82    -12.97
83    -15.542
84    -14.91
85    -14.017
86    -8.209
87    -8.241
88    -8.287
89    -6.062
90    -7.814
91    -7.082
92    -4.9309998
93    -7.858
94    -7.216
95    -8.041
96    -7.92
97    -10.155
98    -8.989
99    -8.953
100    -8.889
101    -7.657
102    -9.089
103    -8.064
104    -9.073
105    -2.6269999
106    -10.031
107    -8.94
108    -9.233
109    -7.3389997
110    -6.186
111    -8.024
112    -7.182
113    -7.152
114    -9.088
115    -9.205
116    -10.092
117    -10.086
118    -7.042
119    -10.228
120    -10.206
121    -10.082
122    -4.587
123    -8.82
124    -7.052
125    -9.141
126    -8.1119995
127    -8.182
128    -9.099
129    -7.934
130    -6.108
131    -9.048
132    -3.426
133    -24.826
134    -24.409
135    -25.486
136    -23.669
137    -40.612
138    -21.634
139    -20.916
140    -20.54
141    -20.723999
142    -20.747
143    -40.558
144    -41.003
145    -40.784
146    -20.773
147    -40.864
148    -40.886
149    -40.681
150    -40.15
151    -5.109
152    -40.836998
153    -5.36
154    -38.368
155    -38.408
156    -38.369
157    -38.362
158    -38.384
159    -38.349
160    -39.558
161    -39.522
162    -38.406
163    -39.552
164    -38.381
165    -38.351
166    -20.801
167    -38.416
168    -38.352
169    -38.393
170    -39.546
171    -38.394
172    -38.416
173    -38.42
174    -38.416
175    -38.42
176    -38.406
177    -38.408
178    -38.407
179    -4.336
180    -4.295
181    -6.3129997
182    -4.378
183    -4.392
184    -6.288
185    -6.401
186    -6.355
187    -6.356
188    -6.392
189    -6.341
190    -6.336
191    -4.34
192    -6.375
193    -4.32
194    -6.343
195    -6.273
196    -6.325
197    -6.288
198    -6.337
199    -38.411
200    -38.423
201    -6.388
202    -39.687
203    -8.317
204    -8.341
205    -8.22
206    -8.406
207    -8.318
208    -8.347
209    -8.351
210    -8.367
211    -8.324
212    -8.166
213    -8.231
214    -8.199
215    -8.423
216    -8.283
217    -8.242
218    -8.117
219    -8.148
220    -8.2439995
221    -21.845
222    -8.313
223    -21.889
224    -10.4
225    -17.469
226    -8.366
227    -8.228
228    -8.407
229    -8.404
230    -8.1779995
231    -8.2369995
232    -8.19
233    -4.4379997
234    -10.378
235    -10.292
236    -4.397
237    -8.22
238    -4.4049997
239    -8.252
240    -8.212
241    -4.409
242    -3.815
243    -8.275
244    -3.754
245    -6.2269998
246    -8.235
247    -10.336
248    -8.395
249    -10.282
250    -10.28
251    -8.246
252    -5.896
253    -8.359
254    -39.568
255    -39.559
256    -39.534
257    -39.489
258    -39.514
259    -39.599
260    -39.558
261    -6.444
262    -6.343
263    -6.447
264    -6.321
265    -4.506
266    -6.356
267    -6.267
268    -12.212
269    -12.102
270    -6.275
271    -4.538
272    -12.1
273    -6.288
274    -11.038
275    -4.46
276    -11.067
277    -6.4049997
278    -11.046
279    -6.328
280    -6.421
281    -6.286
282    -12.106
283    -11.091
284    -12.09
285    -14.518
286    -14.504
287    -14.514
288    -16.43
289    -14.518
290    -11.505
291    -13.5
292    -15.461
293    -17.371
294    -14.489
295    -13.044
296    -11.059999
297    -12.045
298    -13.529
299    -9.331
300    -8.355
301    -8.34
302    -9.321
303    -8.342
304    -14.504
305    -14.532
306    -13.569
307    -8.345
308    -13.521
309    -14.47
310    -14.533
311    -13.499
312    -15.568
313    -15.586
314    -16.314
315    -17.339
316    -17.458
317    -14.449
318    -17.327
319    -13.418
320    -13.372
321    -13.426
322    -15.445
323    -14.364
324    -15.399
325    -7.324
326    -12.373
327    -8.342
328    -9.329
329    -15.43
330    -13.414
331    -15.398
332    -16.381
333    -15.421
334    -12.521
335    -13.635
336    -13.466
337    -13.481
338    -9.302
339    -9.373
340    -16.443
341    -14.43
342    -14.447
343    -14.402
344    -12.338
345    -12.516
346    -15.441
347    -14.459
348    -3.948
349    -15.444
350    -14.441
351    -3.304
352    -14.38
353    -15.455
354    -14.419
355    -14.429
356    -14.409
357    -3.188
358    -12.496
359    -15.652
360    -13.466
361    -14.423
362    -9.656
363    -12.3689995
364    -9.0789995
365    -9.073
366    -8.393
367    -9.058
368    -8.404
369    -9.161
370    -8.149
371    -3.203
372    -8.359
373    -9.375
374    -41.397
375    -3.398
376    -8.9869995
377    -5.25
378    -9.035
379    -7.935
380    -7.574
381    -9.078
382    -9.054
383    -6.168
384    -9.996
385    -9.135
386    -11.306
387    -8.105
388    -9.062
389    -7.115
390    -14.471
391    -15.48
392    -7.804
393    -9.16
394    -15.48
395    -8.036
396    -9.024
397    -7.262
398    -8.367
399    -9.415
400    -11.234
401    -10.115
402    -15.52
403    -10.065
404    -14.55
405    -15.517
406    -15.537
407    -15.497
408    -15.506
409    -14.483
410    -16.463
411    -15.554
412    -15.498
413    -14.519
414    -9.188
415    -8.104
416    -16.663
417    -6.059
418    -14.519
419    -8.8689995
420    -15.447
421    -10.163
422    -16.482
423    -15.511
424    -8.21
425    -9.029
426    -9.028
427    -9.155
428    -9.146
429    -7.143
430    -9.179
431    -15.535
432    -15.493
433    -10.3029995
434    -9.922
435    -15.485
436    -14.52
437    -8.97
438    -9.039
439    -8.961
440    -15.647
441    -8.072
442    -10.175
443    -9.88
444    -10.357
445    -7.251
446    -9.384
447    -9.12
448    -15.651
449    -15.536
450    -15.497
451    -14.519
452    -13.504
453    -13.531
454    -14.534
455    -10.325
456    -14.535
457    -14.513
458    -10.53
459    -14.53
460    -11.619
461    -17.383
462    -17.4
463    -18.442
464    -16.477
465    -8.578
466    -18.458
467    -18.46
468    -14.544
469    -12.37
470    -12.478
471    -16.398
472    -18.401
473    -14.499
474    -17.403
475    -8.561
476    -15.513
477    -12.421
478    -13.374
479    -14.515
480    -12.472
481    -14.559
482    -14.378
483    -17.44
484    -18.473
485    -6.54
486    -17.426
487    -16.377
488    -8.68
489    -16.459
490    -7.65
491    -16.402
492    -14.583
493    -15.566
494    -16.486
495    -14.426
496    -8.594
497    -12.437
498    -12.484
499    -11.515
500    -13.585
501    -16.551
502    -12.562
503    -14.466
504    -11.453
505    -9.634
506    -13.395
507    -12.417
508    -14.398
509    -15.565
510    -8.636
511    -8.629
512    -14.598
513    -14.455
514    -16.555
515    -15.406
516    -14.443
517    -5.0959997
518    -12.414
519    -16.462
520    -11.376
521    -12.488
522    -12.426
523    -12.3029995
524    -13.381
525    -14.445
526    -8.567
527    -16.493
528    -16.457
529    -17.444
530    -14.518
531    -14.619
532    -16.462
533    -15.529
534    -16.446
535    -15.527
536    -18.455
537    -16.43
538    -17.434
539    -18.495
540    -9.4279995
541    -6.79
542    -13.457
543    -18.433
544    -15.502
545    -15.501
546    -12.399
547    -11.399
548    -12.384
549    -6.566
550    -15.449
551    -7.574
552    -16.495
553    -14.534
554    -11.462
555    -14.488
556    -15.523
557    -13.335
558    -12.405
559    -14.52
560    -9.53
561    -12.346
562    -7.533
563    -11.492
564    -8.55
565    -11.46
566    -16.479
567    -8.546
568    -9.587
569    -14.437
570    -15.441
571    -10.64
572    -12.475
573    -10.497
574    -9.359
575    -11.492
576    -15.527
577    -8.57
578    -12.475
579    -13.477
580    -10.544
581    -13.488
582    -15.446
583    -12.637
584    -15.51
585    -16.454
586    -9.558
587    -10.436
588    -14.475
589    -14.37
590    -10.478
591    -13.46
592    -7.619
593    -7.564
594    -6.612
595    -10.594
596    -19.5
597    -7.653
598    -13.458
599    -12.565
600    -19.533
601    -13.49
602    -13.479
603    -12.444
604    -7.614
605    -12.4869995
606    -12.452
607    -12.463
608    -12.378
609    -20.482
610    -6.774
611    -7.035
612    -10.361
613    -20.431
614    -10.108
615    -5.343
616    -7.507
617    -8.131
618    -6.64
619    -13.377
620    -7.459
621    -14.423
622    -13.398
623    -10.483
624    -16.521
625    -15.582
626    -15.501
627    -13.613
628    -7.61
629    -16.428
630    -16.416
631    -11.437
632    -9.657
633    -10.791
634    -13.472
635    -18.461
636    -9.641
637    -7.847
638    -18.427
639    -17.411
640    -11.523
641    -14.492
642    -7.397
643    -7.003
644    -17.391
645    -11.436
646    -18.442
647    -8.655
648    -7.641
649    -18.409
650    -12.458
651    -10.925
652    -7.469
653    -12.192
654    -11.074
655    -11.265
656    -13.641
657    -12.467
658    -9.586
659    -11.009
660    -11.65
661    -11.067
662    -15.413
663    -11.498
664    -14.319
665    -13.253
666    -13.284
667    -10.812
668    -13.052
669    -13.023
670    -12.125
671    -13.127
672    -10.933
673    -17.396
674    -8.794
675    -11.269
676    -10.115
677    -7.109
678    -16.18
679    -10.795
680    -17.483
681    -13.024
682    -12.193
683    -13.215
684    -13.276
685    -11.245
686    -12.769
687    -10.963
688    -12.498
689    -13.347
690    -13.439
691    -13.367
692    -12.982
693    -17.412
694    -17.469
695    -15.165
696    -12.464
697    -11.124
698    -15.183
699    -10.373
700    -19.128
701    -16.17
702    -14.159
703    -12.342
704    -13.457
705    -15.149
706    -11.462
707    -12.504
708    -10.066
709    -11.247
710    -10.831
711    -10.89
712    -15.137
713    -14.166
714    -20.153
715    -15.106
716    -19.117
717    -16.484
718    -33.074
719    -15.134
720    -8.294
721    -15.129
722    -13.249
723    -13.048
724    -12.006
725    -8.243
726    -7.223
727    -11.307
728    -1.927
729    -15.182
730    -1.924
731    -19.33
732    -11.348
733    -18.34
734    -19.339
735    -18.379
736    -18.319
737    -19.369
738    -19.374
739    -19.341
740    -24.389
741    -19.25
742    -19.332
743    -19.269
744    -17.315
745    -19.308
746    -19.311
747    -11.513
748    -11.498
749    -12.472
750    -12.42
751    -12.453
752    -11.47
753    -19.309
754    -13.329
755    -18.296
756    -23.379
757    -23.334
758    -12.461
759    -10.524
760    -19.222
761    -19.27
762    -19.348999
763    -19.3
764    -19.388
765    -12.43
766    -23.345
767    -19.322
768    -18.292
769    -19.333
770    -19.337
771    -19.376
772    -19.308
773    -8.274
774    -18.239
775    -19.29
776    -23.311
777    -9.269
778    -7.263
779    -19.333
780    -22.367
781    -18.298
782    -19.294
783    -18.329
784    -18.363
785    -19.287
786    -19.395
787    -19.337
788    -19.333
789    -21.346
790    -19.353
791    -19.308
792    -19.333
793    -20.336
794    -23.332
795    -19.379
796    -17.304
797    -19.263
798    -21.366
799    -20.346
800    -18.352
801    -19.348
802    -18.389
803    -17.341
804    -17.317
805    -17.277
806    -17.328
807    -19.361
808    -22.351
809    -18.389
810    -17.312
811    -19.339
812    -23.351
813    -18.268
814    -18.352
815    -19.336
816    -22.33
817    -16.314
818    -18.352
819    -18.343
820    -18.322
821    -17.337
822    -17.38
823    -17.34
824    -17.341
825    -20.31
826    -17.348999
827    -17.371
828    -18.302
829    -17.325
830    -20.332
831    -19.399
832    -18.374
833    -18.351
834    -18.326
835    -17.386
836    -17.364
837    -17.347
838    -18.363
839    -18.343
840    -16.311
841    -17.331
842    -18.248
843    -17.319
844    -18.230999
845    -18.375
846    -23.35
847    -17.375
848    -19.374
849    -19.33
850    -17.37
851    -18.372
852    -21.343
853    -18.287
854    -18.403
855    -16.389
856    -22.327
857    -21.443
858    -17.398
859    -17.32
860    -16.311
861    -16.376
862    -18.335
863    -17.308
864    -19.391
865    -17.31
866    -18.379
867    -17.348
868    -17.389
869    -18.318
870    -17.361
871    -19.357
872    -17.266
873    -22.36
874    -17.376
875    -21.402
876    -17.316
877    -16.308
878    -17.325
879    -18.296
880    -1.931
881    -11.408
882    -17.282
883    -17.343
884    -17.322
885    -17.344
886    -21.318
887    -17.262
888    -16.332
889    -19.248
890    -18.288
891    -16.236
892    -18.314
893    -22.391
894    -17.307
895    -19.347
896    -17.307
897    -16.302
898    -20.354
899    -18.341
900    -19.297
901    -17.307
902    -23.255
903    -15.315
904    -18.402
905    -19.397
906    -18.361
907    -15.292
908    -18.375
909    -17.307
910    -20.332
911    -18.371
912    -17.348999
913    -19.36
914    -17.296
915    -16.348
916    -18.323
917    -18.269
918    -17.296
919    -17.355
920    -17.375
921    -21.3
922    -18.341
923    -17.456
924    -17.461
925    -19.475
926    -15.411
927    -17.38
928    -17.432
929    -16.419
930    -16.428
931    -17.347
932    -20.325
933    -18.309
934    -18.367
935    -20.429
936    -16.43
937    -16.375
938    -16.435
939    -17.468
940    -16.346
941    -16.374
942    -16.491
943    -16.446
944    -20.404
945    -20.412
946    -17.504
947    -16.412
948    -16.398
949    -15.316
950    -18.377
951    -14.388
952    -17.392
953    -17.480999
954    -17.435
955    -16.432
956    -10.488
957    -10.429
958    -10.4869995
959    -8.513
960    -12.57
961    -10.67
962    -7.597
963    -8.619
964    -7.601
965    -7.599
966    -7.611
967    -6.5299997
968    -11.407
969    -10.478
970    -13.461
971    -11.489
972    -14.557
973    -10.472
974    -11.489
975    -9.543
976    -13.451
977    -10.404
978    -11.427
979    -12.5
980    -12.455
981    -10.507
982    -7.538
983    -10.57
984    -8.618
985    -8.525
986    -11.562
987    -9.576
988    -10.548
989    -10.511
990    -9.461
991    -10.5
992    -10.495
993    -10.493
994    -10.521
995    -9.582
996    -9.588
997    -10.546
998    -12.558
999    -10.501
1000    -8.402
1001    -12.501
1002    -11.5
1003    -10.438
1004    -11.458
1005    -11.459
1006    -10.459
1007    -11.476
1008    -8.474
1009    -7.544
1010    -12.583
1011    -10.478
1012    -7.547
1013    -11.5789995
1014    -8.55
1015    -9.517
1016    -17.384
1017    -12.014
1018    -11.504
1019    -11.378
1020    -10.551
1021    -13.457
1022    -12.049
1023    -21.135
1024    -8.575
1025    -20.126
1026    -12.478
1027    -7.56
1028    -11.343
1029    -11.353
1030    -8.535
1031    -11.934
1032    -8.542
1033    -10.598
1034    -11.524
1035    -12.056
1036    -13.018
1037    -11.381
1038    -12.972
1039    -18.088
1040    -14.948
1041    -10.882
1042    -20.152
1043    -11.433
1044    -12.026
1045    -13.317
1046    -14.337
1047    -13.007
1048    -13.028
1049    -13.021
1050    -10.956
1051    -11.986
1052    -9.95
1053    -11.566
1054    -13.011
1055    -12.415
1056    -13.027
1057    -13.013
1058    -12.853
1059    -9.556
1060    -11.996
1061    -12.957
1062    -13.027
1063    -8.563
1064    -14.409
1065    -10.961
1066    -13.027
1067    -13.024
1068    -8.497
1069    -12.941
1070    -12.968
1071    -11.955
1072    -21.116
1073    -12.858
1074    -13.044
1075    -13.381
1076    -8.57
1077    -16.891
1078    -13.012
1079    -17.004
1080    -12.947
1081    -13.379
1082    -7.49
1083    -11.55
1084    -8.541
1085    -7.597
1086    -12.956
1087    -7.58
1088    -16.892
1089    -16.975
1090    -10.56
1091    -8.572
1092    -16.386
1093    -13.084
1094    -11.595
1095    -14.965
1096    -12.924
1097    -12.985
1098    -12.376
1099    -11.063
1100    -14.93
1101    -17.018
1102    -11.054
1103    -16.937
1104    -10.542
1105    -12.95
1106    -11.0529995
1107    -12.92
1108    -13.035
1109    -14.33
1110    -12.969
1111    -12.096
1112    -10.951
1113    -12.947
1114    -17.052
1115    -13.997
1116    -11.921
1117    -11.5789995
1118    -14.382
1119    -11.976
1120    -12.022
1121    -12.066
1122    -12.846
1123    -10.547
1124    -10.547
1125    -12.549
1126    -9.498
1127    -10.554
1128    -13.565
1129    -12.53
1130    -14.027
1131    -12.893
1132    -14.439
1133    -10.577
1134    -12.059
1135    -9.564
1136    -11.005
1137    -12.015
1138    -12.015
1139    -11.075
1140    -10.544
1141    -12.95
1142    -11.002
1143    -11.946
1144    -13.02
1145    -17.021
1146    -13.099
1147    -12.564
1148    -16.093
1149    -12.2439995
1150    -10.535
1151    -13.141
1152    -14.525
1153    -10.977
1154    -10.551
1155    -13.1
1156    -11.78
1157    -13.472
1158    -12.585
1159    -14.533
1160    -10.535
1161    -13.184999
1162    -12.176
1163    -12.923
1164    -13.093
1165    -12.881
1166    -12.917
1167    -10.514
1168    -14.531
1169    -12.898
1170    -13.205
1171    -10.542
1172    -17.345
1173    -10.563
1174    -11.022
1175    -10.611
1176    -13.214
1177    -12.522
1178    -11.593
1179    -10.521
1180    -12.549
1181    -14.524
1182    -13.105
1183    -11.566
1184    -14.542
1185    -13.284
1186    -12.982
1187    -9.545
1188    -14.571
1189    -9.601
1190    -10.543
1191    -10.416
1192    -9.549
1193    -10.525
1194    -10.538
1195    -10.557
1196    -14.589
1197    -10.589
1198    -9.572
1199    -10.455
1200    -10.559
1201    -12.507
1202    -10.576
1203    -10.558
1204    -8.604
1205    -8.604
1206    -8.513
1207    -8.552
1208    -9.588
1209    -9.537
1210    -9.49
1211    -12.568
1212    -12.586
1213    -7.562
1214    -12.565
1215    -9.57
1216    -9.517
1217    -8.597
1218    -7.6019998
1219    -8.58
1220    -8.529
1221    -12.576
1222    -9.993
1223    -12.617
1224    -8.558
1225    -12.527
1226    -8.564
1227    -7.588
1228    -8.551
1229    -8.499
1230    -11.562
1231    -7.549
1232    -8.586
1233    -12.526
1234    -11.527
1235    -12.557
1236    -8.559
1237    -8.576
1238    -9.477
1239    -11.442
1240    -10.559
1241    -11.576
1242    -7.561
1243    -8.58
1244    -9.528
1245    -8.537
1246    -8.589
1247    -12.531
1248    -9.499
1249    -8.554
1250    -9.462
1251    -9.526
1252    -8.625
1253    -9.458
1254    -9.422
1255    -12.62
1256    -8.61
1257    -8.563
1258    -11.447
1259    -12.298
1260    -12.3619995
1261    -9.485
1262    -16.444
1263    -12.198
1264    -11.189
1265    -11.415
1266    -8.153
1267    22.331001
1268    -8.216
1269    -8.328
1270    -8.125
1271    -15.394
1272    -12.335
1273    -15.384
1274    -8.424
1275    -8.141
1276    -15.371
1277    -11.459
1278    -14.346
1279    -12.422
1280    -11.397
1281    -12.42
1282    -8.982
1283    -11.327
1284    -8.214
1285    -6.202
1286    -6.229
1287    -9.264
1288    -6.228
1289    -6.324
1290    -12.698
1291    -8.394
1292    -8.179
1293    -9.374
1294    -8.798
1295    -9.282
1296    -9.561
1297    -8.279
1298    -10.095
1299    -9.408
1300    -10.796
1301    -9.389
1302    -9.103
1303    -8.885
1304    -10.357
1305    -11.283
1306    -11.233
1307    -15.947
1308    -17.001
1309    -17.01
1310    -9.349
1311    -16.912
1312    -16.989
1313    -9.333
1314    -11.036
1315    -11.358
1316    -10.343
1317    -11.109
1318    -10.906
1319    -10.566999
1320    -10.028
1321    -17.057
1322    -8.335
1323    -17.13
1324    -12.909
1325    -9.348
1326    -16.121
1327    -11.325
1328    -11.093
1329    -10.996
1330    -12.264
1331    -16.926
1332    -12.261
1333    -11.985
1334    -9.317
1335    -11.022
1336    -16.982
1337    -1.906
1338    -12.221
1339    -12.383
1340    -15.456
1341    -11.857
1342    -10.176
1343    -12.334
1344    -11.177
1345    -10.29
1346    -10.458
1347    -12.323
1348    -12.441
1349    -12.394
1350    -12.281
1351    -11.184999
1352    -12.41
1353    -9.952
1354    -11.377
1355    -11.166
1356    -11.000999
1357    -11.026
1358    -11.202
1359    -12.411
1360    -11.405
1361    -9.493
1362    -10.343
1363    -12.447
1364    -11.271
1365    -16.443
1366    -8.959
1367    -9.465
1368    -8.348
1369    -9.424
1370    -11.505
1371    -9.4
1372    -12.322
1373    -8.273
1374    -13.468
1375    -8.39
1376    -9.479
1377    -9.335
1378    -8.245
1379    -10.431
1380    -8.334
1381    -8.143
1382    -8.383
1383    -12.484
1384    -13.153
1385    -11.129
1386    -11.212
1387    -11.338
1388    -11.32
1389    -11.297
1390    -11.393
1391    -9.499
1392    -11.059999
1393    -11.256
1394    -7.543
1395    -11.216
1396    -11.087
1397    -11.192
1398    -9.501
1399    -11.091
1400    -7.534
1401    -11.162
1402    -11.385
1403    -11.4
1404    -11.338
1405    -11.242
1406    -11.198
1407    -7.482
1408    -9.171
1409    -7.5299997
1410    -11.431
1411    -8.464
1412    -7.525
1413    -12.022
1414    -11.614
1415    -8.554
1416    -8.4279995
1417    -7.535
1418    -7.51
1419    -11.427
1420    -7.509
1421    -9.413
1422    -7.513
1423    -7.508
1424    -7.514
1425    -7.502
1426    -12.383
1427    -9.466
1428    -9.496
1429    -11.38
1430    -6.49
1431    -7.472
1432    -7.492
1433    -11.411
1434    -11.238
1435    -11.456
1436    -7.514
1437    -8.417
1438    -9.38
1439    -9.445
1440    -11.219
1441    -11.468
1442    -11.207
1443    -8.251
1444    -10.257
1445    -10.937
1446    -11.44
1447    -9.805
1448    -10.383
1449    -10.326
1450    -11.412
1451    -10.989
1452    -11.397
1453    -11.431
1454    -11.431
1455    -8.284
1456    -10.092
1457    -11.401
1458    -10.24
1459    -11.403
1460    -10.067
1461    -10.181
1462    -12.223
1463    -10.288
1464    -10.242
1465    -9.452
1466    -11.338
1467    -11.131
1468    -11.278
1469    -11.373
1470    -11.311
1471    -11.3029995
1472    -12.107
1473    -8.651
1474    -10.245
1475    -10.239
1476    -11.197
1477    -11.034
1478    -10.302
1479    -11.063
1480    -8.235
1481    -10.506
1482    -15.317
1483    -10.462
1484    -10.445
1485    -12.36
1486    -8.381
1487    -10.364
1488    -11.283
1489    -11.274
1490    -13.312
1491    -10.443
1492    -10.471
1493    -9.357
1494    -10.47
1495    -10.435
1496    -12.291
1497    -9.114
1498    -10.475
1499    -9.405
1500    -10.485
1501    -10.338
1502    -10.389
1503    -8.86
1504    -11.091
1505    -11.099
1506    -11.278
1507    -9.293
1508    -9.144
1509    -10.226
1510    -11.711
1511    -10.356
1512    -10.2439995
1513    -11.253
1514    -12.038
1515    -11.941999
1516    -8.832
1517    -11.229
1518    -11.215
1519    -11.166
1520    -10.056
1521    -9.924
1522    -12.151
1523    -11.0789995
1524    -12.097
1525    -1.913
1526    -10.302
1527    -10.193
1528    -10.115
1529    -11.163
1530    -10.34
1531    -14.151
1532    -10.379
1533    -11.757999
1534    -1.922
1535    -11.191
1536    -10.346
1537    -12.266
1538    -12.042
1539    -9.666
1540    -12.231
1541    -10.5529995
1542    -10.235
1543    -10.924
1544    -10.513
1545    -11.957
1546    -13.155
1547    -13.288
1548    -15.318
1549    -12.328
1550    -12.441
1551    -12.539
1552    -13.631
1553    -14.135
1554    -14.256
1555    -13.006
1556    -11.451
1557    -2.716
1558    -11.528
1559    -12.561
1560    -7.5889997
1561    -7.522
1562    -7.259
1563    -7.103
1564    -16.151
1565    -15.243
1566    -8.614
1567    -14.808
1568    -7.382
1569    -17.203
1570    -13.19
1571    -13.248
1572    -13.012
1573    -15.197
1574    -7.321
1575    -6.907
1576    -13.934999
1577    -12.162
1578    -6.432
1579    -7.23
1580    -7.319
1581    -10.967
1582    -11.044
1583    -11.591
1584    -10.202
1585    -14.91
1586    -10.164
1587    -5.088
1588    -13.239
1589    -10.055
1590    -11.03
1591    -17.826
1592    -13.206
1593    -15.239
1594    -13.317
1595    -15.02
1596    -12.251
1597    -12.093
1598    -11.959
1599    -12.03
1600    -15.017
1601    -12.165
1602    -14.917
1603    -12.251
1604    -13.908
1605    -11.995
1606    -12.278
1607    -13.305
1608    -1.846
1609    -12.767
1610    -5.998
1611    -7.228
1612    -1.885
1613    -10.9
1614    -14.234
1615    -18.513
1616    -17.494
1617    -10.323
1618    -11.306
1619    -13.0
1620    -18.157
1621    -1.908
1622    -13.76
1623    -15.785
1624    -14.938
1625    -14.864
1626    -18.186
1627    -17.576
1628    -14.083
1629    -18.052
1630    -15.639
1631    -16.821
1632    -14.982
1633    -13.846
1634    -13.957
1635    -1.845
1636    -1.892
1637    -20.608
1638    -1.899
1639    -16.230999
1640    -12.8619995
1641    -13.668
1642    -12.203
1643    -10.23
1644    -14.948
1645    -14.471
1646    -15.762
1647    -14.125
1648    -11.317
1649    -14.509
1650    -12.286
1651    -19.971
1652    -21.05
1653    -20.0
1654    -13.332
1655    -14.772
1656    -13.796
1657    -14.865
1658    -14.837
1659    -13.76
1660    -14.843
1661    -4.709
1662    -6.719
1663    -17.788
1664    -4.885
1665    -16.505
1666    -16.786
1667    -17.011
1668    -59.444
1669    -6.504
1670    -5.954
1671    -16.1
1672    -16.932
1673    -7.856
1674    -6.0
1675    -16.946
1676    -20.22
1677    -15.759
1678    -17.631
1679    -21.025
1680    -17.921
1681    -73.753
1682    -20.259
1683    -15.766
1684    -22.0
1685    -16.623
1686    -2.864
1687    -16.952
1688    -22.983
1689    -19.566
1690    -16.004
1691    -16.998
1692    -58.355
1693    -1.891
1694    -20.054
1695    -14.76
1696    -13.84
1697    -15.116
1698    -9.628
1699    -15.721
1700    -11.451
1701    -13.971
1702    -11.196
1703    -57.565
1704    -12.077
1705    -14.992
1706    -17.609
1707    -4.632
1708    -20.086
1709    -7.262
1710    -4.584
1711    -16.866
1712    -11.954
1713    -10.609
1714    -11.059999
1715    -12.894
1716    -14.9869995
1717    -10.875999
1718    -12.293
1719    -3.509
1720    -2.6729999
1721    -13.881
1722    -10.741
1723    -13.133
1724    -11.858
1725    -59.427
1726    -14.916
1727    -13.873
1728    -14.599
1729    -14.729
1730    -15.262
1731    -7.091
1732    -12.149
1733    -12.199
1734    -6.344
1735    -12.208
1736    -6.6429996
1737    -12.1
1738    -13.624
1739    -12.294
1740    -1.841
1741    -1.868
1742    -3.164
1743    -14.486
1744    -15.754
1745    -18.487
1746    -17.594
1747    -17.654
1748    -16.601
1749    -13.637
1750    -14.032
1751    -1.494
1752    -9.873
1753    -1.428
1754    -0.7859999
1755    -9.959
1756    -10.033
1757    -12.901
1758    -9.141
1759    -10.243
1760    -20.07
1761    -19.084
1762    -4.65
1763    -18.25
1764    -3.9689999
1765    -17.527
1766    -3.961
1767    -4.542
1768    -4.45
1769    -4.575
1770    -9.318
1771    -17.769
1772    -18.433
1773    -12.77
1774    -18.682
1775    -16.766
1776    -19.901
1777    -10.203
1778    -19.814
1779    -17.979
1780    -19.901
1781    -18.821
1782    -4.293
1783    -17.148
1784    -9.262
1785    -17.332
1786    -11.278
1787    -12.38
1788    -11.343
1789    -21.155
1790    -11.29
1791    -4.407
1792    -10.142
1793    -4.621
1794    -11.311
1795    -15.509
1796    -6.449
1797    -11.09
1798    -6.722
1799    -7.393
1800    -9.012
1801    -14.992
1802    -15.496
1803    -14.632999
1804    -14.246
1805    -15.841
1806    -18.128
1807    -17.047
1808    -10.134
1809    -11.279
1810    -18.838
1811    -15.735
1812    -18.011
1813    -16.595
1814    -21.296
1815    -17.944
1816    -15.897
1817    -21.733
1818    -18.922
1819    -19.076
1820    -6.9969997
1821    -18.924
1822    -19.577
1823    -19.976
1824    -18.877
1825    -18.671
1826    -18.96
1827    -18.784
1828    -4.625
1829    -22.034
1830    -15.363
1831    -6.243
1832    -18.847
1833    -21.128
1834    -18.281
1835    -4.184
1836    -21.675
1837    -10.041
1838    -10.858
1839    -10.169
1840    -20.226
1841    -17.821
1842    -18.451
1843    -17.431
1844    -17.802
1845    -21.983
1846    -5.236
1847    -5.665
1848    -21.53
1849    -6.843
1850    -4.58
1851    -5.954
1852    -5.3389997
1853    -5.939
1854    -4.12
1855    -5.764
1856    -18.105
1857    -17.979
1858    -19.016
1859    -21.288
1860    -21.325
1861    -8.248
1862    -20.581
1863    -18.939
1864    -6.2
1865    -6.167
1866    -20.434
1867    -5.562
1868    -6.4
1869    -24.991
1870    -21.705
1871    -9.186
1872    -6.007
1873    -17.636
1874    -6.043
1875    -6.001
1876    -12.212
1877    -18.258
1878    -12.205
1879    -12.05
1880    -10.195
1881    -17.241
1882    -19.21
1883    -12.256
1884    -5.783
1885    -12.306
1886    -21.699
1887    -22.487
1888    -16.854
1889    -24.824
1890    -11.376
1891    -12.3
1892    -20.947
1893    -13.184999
1894    -11.106
1895    -10.732
1896    -16.746
1897    -15.257
1898    -6.269
1899    -10.651
1900    -11.114
1901    -11.288
1902    -12.302
1903    -3.139
1904    -11.538
1905    -18.282999
1906    -6.277
1907    -6.38
1908    -21.736
1909    -24.984
1910    -6.0369997
1911    -13.1
1912    -5.433
1913    -6.33
1914    -16.848999
1915    -12.396
1916    -15.551
1917    -5.763
1918    -17.888
1919    -12.189
1920    -6.175
1921    -21.209
1922    -11.314
1923    -12.328
1924    -17.645
1925    -16.966
1926    -11.36
1927    -11.028
1928    -12.282
1929    -24.419
1930    -12.253
1931    -22.672
1932    -21.535
1933    -12.116
1934    -11.287
1935    -11.191
1936    -11.252
1937    -10.979
1938    -22.464
1939    -11.919
1940    -12.304
1941    -12.279
1942    -10.561
1943    -14.276
1944    -11.375
1945    -12.165
1946    -7.084
1947    -11.239
1948    -6.638
1949    -6.882
1950    -10.752
1951    -15.978
1952    -11.438
1953    -14.911
1954    -7.323
1955    -7.417
1956    -15.703
1957    -13.868
1958    -17.987
1959    -7.238
1960    -14.027
1961    -13.292
1962    -13.711
1963    -15.296
1964    -7.206
1965    -12.871
1966    -17.625
1967    -17.647
1968    -13.993
1969    -13.89
1970    -13.934999
1971    -13.212
1972    -18.262
1973    -13.937
1974    -17.757
1975    -13.962
1976    -13.037
1977    -14.009
1978    -18.351
1979    -6.2269998
1980    -13.973
1981    -13.357
1982    -14.026
1983    -18.573
1984    -15.057
1985    -16.002
1986    -13.571
1987    -11.653
1988    -10.638
1989    -17.242
1990    -15.917
1991    -13.937
1992    -19.388
1993    -14.847
1994    -12.126
1995    -11.657
1996    -14.196
1997    -21.985
1998    -12.916
1999    -13.691999
2000    -13.979
2001    -12.233
2002    -12.138
2003    -12.245
2004    -13.353
2005    -12.203
2006    -18.035
2007    -9.57
2008    -14.827
2009    -13.346
2010    -14.062
2011    -10.5
2012    -0.91699994
2013    -6.116
2014    -11.043
2015    -10.02
2016    -11.392
2017    -0.9549999
2018    -11.002
2019    -0.9749999
2020    -7.38
2021    -11.01
2022    -13.433
2023    -11.267
2024    -1.482
2025    -5.423
2026    -11.386
2027    -9.992
2028    -1.617
2029    -5.411
2030    -10.981
2031    -13.8689995
2032    -17.512
2033    -16.316
2034    -18.239
2035    -9.999
2036    -16.802
2037    -11.13
2038    -14.109
2039    -13.591
2040    -13.964
2041    -18.069
2042    -14.026
2043    -13.785
2044    -16.727
2045    -14.0
2046    -15.662
2047    -10.766
2048    -19.939
2049    -16.256
2050    -16.579
2051    -10.159
2052    -12.75
2053    -10.68
2054    -12.335
2055    -17.271
2056    -11.014
2057    -7.209
2058    -10.875
2059    -16.578
2060    -17.914
2061    -17.973999
2062    -19.06
2063    -8.844
2064    -6.991
2065    -7.081
2066    -18.866
2067    -6.9440002
2068    -6.741
2069    -12.238
2070    -19.944
2071    -6.08
2072    -12.209
2073    -16.094
2074    -11.391
2075    -6.856
2076    -12.302
2077    -6.862
2078    -6.238
2079    -12.128
2080    -19.095
2081    -19.777
2082    -6.92
2083    -6.8129997
2084    -17.995
2085    -10.566
2086    -21.329
2087    -21.984
2088    -7.193
2089    -18.958
2090    -20.719
2091    -11.94
2092    -7.065
2093    -7.6
2094    -7.706
2095    -1.151
2096    -0.06999993
2097    -7.766
2098    -0.35599995
2099    -0.39699996
2100    -17.307
2101    -0.12199998
2102    -0.29899997
2103    -15.341
2104    -5.518
2105    -0.099999964
2106    -5.403
2107    -14.144
2108    -1.032
2109    -15.711
2110    -11.962999
2111    -15.639
2112    -14.59
2113    -5.425
2114    -7.718
2115    -8.025
2116    -5.484
2117    -5.507
2118    -21.535
2119    -21.501
2120    -21.105
2121    -19.791
2122    -21.376
2123    -10.399
2124    -20.213
2125    -20.565
2126    -15.122
2127    -21.57
2128    -11.961
2129    -13.003
2130    -11.285
2131    -11.347
2132    -12.955
2133    -12.346
2134    -7.968
2135    -13.115
2136    -11.249
2137    -6.838
2138    -11.381
2139    -12.298
2140    -8.756
2141    -11.293
2142    -7.164
2143    -12.006
2144    -21.7
2145    -5.585
2146    -10.95
2147    -12.226
2148    -5.843
2149    -12.011
2150    -10.984
2151    -13.515
2152    -14.157
2153    -14.099
2154    -12.211
2155    -14.01
2156    -5.147
2157    -12.028
2158    -10.153
2159    -12.022
2160    -12.838
2161    -12.984
2162    -7.271
2163    -10.8689995
2164    -11.926
2165    -13.26
2166    -7.96
2167    -10.1779995
2168    -14.013
2169    -12.833
2170    -6.282
2171    -13.136
2172    -13.879
2173    -12.116
2174    -12.964
2175    -11.959
2176    -18.973999
2177    -18.029
2178    -25.703
2179    -21.175
2180    -21.674
2181    -7.1619997
2182    -6.2269998
2183    -6.834
2184    -21.796
2185    -9.351
2186    -5.748
2187    -7.236
2188    -13.218
2189    -5.83
2190    -17.733
2191    -7.105
2192    -7.251
2193    -7.057
2194    17.131
2195    -19.012
2196    -18.411
2197    -18.268
2198    -7.81
2199    -18.74
2200    -15.904
2201    -13.12
2202    -12.261
2203    -6.973
2204    -10.281
2205    -8.332
2206    -12.12
2207    -5.916
2208    -18.321
2209    -19.043
2210    -17.24
2211    -18.275
2212    -18.526
2213    -18.217
2214    -17.321
2215    -15.924999
2216    -17.472
2217    -17.468
2218    -17.375
2219    -16.569
2220    -12.048
2221    -18.399
2222    -18.382
2223    -17.228
2224    -17.471
2225    -17.016
2226    -12.296
2227    -12.317
2228    -26.931
2229    -27.566
2230    -13.186
2231    -24.866
2232    -12.323
2233    -27.959
2234    -13.15
2235    -12.229
2236    -17.045
2237    -17.922
2238    -14.004
2239    -14.126
2240    -13.962
2241    -14.173
2242    -13.238
2243    -12.263
2244    -14.287
2245    -11.246
2246    -12.218
2247    -27.752
2248    -18.435
2249    -12.26
2250    -27.222
2251    -13.864
2252    -18.266
2253    -15.014
2254    -19.477
2255    -15.446
2256    -11.51
2257    -9.955999
2258    -12.615
2259    -14.8619995
2260    -12.984
2261    -14.167
2262    -16.547
2263    -12.308
2264    -13.212
2265    -17.503
2266    -14.08
2267    -11.873
2268    -15.575
2269    -8.344
2270    -17.135
2271    -11.665
2272    -19.207
2273    -12.798
2274    -12.801
2275    -12.719
2276    -13.142
2277    -9.894
2278    -11.954
2279    -18.082
2280    -12.552
2281    -12.104
2282    -18.051
2283    -12.665
2284    -19.518
2285    -12.833
2286    -18.562
2287    -16.065
2288    -13.732
2289    -13.1119995
2290    -22.326
2291    -17.383
2292    -17.21
2293    -18.268
2294    -17.899
2295    -18.405
2296    -12.526
2297    -11.861
2298    -14.278
2299    -20.733
2300    -17.439
2301    -17.889
2302    -11.392
2303    -18.345
2304    -18.266
2305    -18.088
2306    -19.788
2307    -14.125
2308    -12.798
2309    -12.864
2310    -13.277
2311    -15.703
2312    -13.784
2313    -11.768
2314    -14.288
2315    -11.868
2316    -12.759
2317    -12.248
2318    -12.038
2319    -12.762
2320    -13.14
2321    -11.975
2322    -12.767
2323    -27.267
2324    -13.12
2325    -12.918
2326    -12.757
2327    -11.71
2328    -15.984
2329    -12.476
2330    -17.754
2331    -12.371
2332    -17.971
2333    -17.032999
2334    -17.258
2335    -12.5789995
2336    -14.202
2337    -13.202
2338    -12.899
2339    -18.381
2340    -17.064
2341    -18.434
2342    -18.125
2343    -19.076
2344    -12.703
2345    -12.715
2346    -12.636
2347    -7.909
2348    -11.808
2349    -9.47
2350    -12.4
2351    -11.733
2352    -10.963
2353    -12.236
2354    -12.326
2355    -6.131
2356    -10.202
2357    -8.173
2358    -7.288
2359    -6.289
2360    -10.312
2361    -10.159
2362    -10.2
2363    -13.106
2364    -12.715
2365    -14.256
2366    -6.198
2367    -12.1189995
2368    -11.438
2369    -6.989
2370    -10.333
2371    -7.2269998
2372    -9.353
2373    -5.987
2374    -10.614
2375    -7.274
2376    -7.2469997
2377    -9.258
2378    -6.309
2379    -10.324
2380    -11.265
2381    -17.015999
2382    -18.282999
2383    -18.242
2384    -12.982
2385    -13.851
2386    -5.526
2387    -12.957
2388    -17.983
2389    -12.482
2390    -12.536
2391    -16.558
2392    -12.682
2393    -17.962
2394    -14.976
2395    -16.598999
2396    -11.981
2397    -17.587
2398    -12.415
2399    -12.654
2400    -12.634
2401    -19.438
2402    -11.189
2403    -17.248
2404    -12.877
2405    -18.28
2406    -15.932
2407    -16.395
2408    -17.532
2409    -12.51
2410    -10.246
2411    -22.271
2412    -12.226
2413    -13.482
2414    -12.911
2415    -18.069
2416    -12.805
2417    -13.255
2418    -12.962
2419    -18.214
2420    -11.74
2421    -17.557
2422    -6.351
2423    -17.987999
2424    -16.859
2425    -14.226
2426    -12.074
2427    -11.3619995
2428    -10.239
2429    -9.276
2430    -9.33
2431    -12.146
2432    -11.173
2433    -11.250999
2434    -12.614
2435    -10.257
2436    -11.209
2437    -10.315
2438    -9.11
2439    -11.236
2440    -11.203
2441    -17.379
2442    -10.783
2443    -12.735
2444    -12.796
2445    -11.67
2446    -18.143
2447    -18.213
2448    -12.215
2449    -9.293
2450    -12.631
2451    -15.975
2452    -12.902
2453    -12.585
2454    -12.158
2455    -14.116
2456    -13.287
2457    -11.208
2458    -12.636
2459    -11.21
2460    -12.779
2461    -12.875
2462    -11.629
2463    -22.957
2464    -15.945
2465    -17.165
2466    -5.983
2467    -5.739
2468    -6.084
2469    -5.0109997
2470    -17.239
2471    -11.062
2472    -12.764
2473    -13.309999
2474    -12.082
2475    -12.571
2476    -11.294
2477    -5.9639997
2478    -12.908
2479    -13.792
2480    -12.565
2481    -13.07
2482    -16.32
2483    -12.507
2484    -13.123
2485    -15.8619995
2486    -16.255
2487    -13.255
2488    -15.253
2489    -9.922
2490    -14.278
2491    -15.62
2492    -12.241
2493    -13.344
2494    -12.109
2495    -14.257
2496    -14.905
2497    -15.246
2498    -12.69
2499    -13.917
2500    -16.299
2501    -13.955
2502    -10.846
2503    -14.379
2504    -11.541
2505    -8.22
2506    -14.823
2507    -9.911
2508    -10.806
2509    -12.524
2510    -11.329
2511    -11.29
2512    -11.765
2513    -10.801
2514    -11.718
2515    -13.043
2516    -8.55
2517    -11.982
2518    -9.174
2519    -11.293
2520    -14.724
2521    -9.046
2522    -12.057
2523    -12.52
2524    -13.996
2525    -11.63
2526    -12.211
2527    -10.538
2528    -28.473
2529    -13.8689995
2530    -11.839
2531    -10.684999
2532    -10.250999
2533    -9.698
2534    -11.272
2535    -12.052
2536    -14.234
2537    -53.07
2538    -25.4
2539    -10.949
2540    -24.096
2541    -11.981
2542    -23.761
2543    -9.83
2544    -26.02
2545    -13.69
2546    -10.671
2547    -10.905
2548    -10.42
2549    -14.878
2550    -10.453
2551    -10.769
2552    -4.775
2553    -5.218
2554    -30.114
2555    -29.658
2556    -4.04
2557    -16.425
2558    -13.005
2559    -15.128
2560    -12.234
2561    -11.299
2562    -8.625999
2563    -13.248
2564    -11.949
2565    -14.561
2566    -16.449
2567    -11.893
2568    -15.134
2569    -12.002
2570    -13.284
2571    -12.797
2572    -21.055
2573    -15.934
2574    -20.555
2575    -20.887
2576    -16.741
2577    -11.912
2578    -12.8689995
2579    -11.976
2580    -11.638
2581    -11.922
2582    -13.249
2583    -15.762
2584    -14.047
2585    -11.698
2586    -11.0789995
2587    -11.941
2588    -11.443
2589    -12.058
2590    -14.076
2591    -10.51
2592    -9.743
2593    -11.368
2594    -11.368
2595    -11.218
2596    -10.844999
2597    -13.332
2598    -11.937
2599    -10.668
2600    -10.911
2601    -11.572
2602    -13.038
2603    -11.8619995
2604    -10.836
2605    -10.05
2606    -11.91
2607    -9.972
2608    -10.851
2609    -12.932
2610    -11.0529995
2611    -9.1779995
2612    -10.707
2613    -9.374
2614    -11.926
2615    -9.762
2616    -10.327
2617    -10.647
2618    -10.681
2619    -10.332
2620    -10.367
2621    -9.916
2622    -16.432
2623    -10.246
2624    -18.261
2625    -14.175
2626    -5.934
2627    -18.713
2628    -18.704
2629    -18.758
2630    -18.61
2631    -18.338
2632    -16.967
2633    -19.361
2634    -13.181
2635    -53.787
2636    -18.825
2637    -6.168
2638    -18.237999
2639    -18.567
2640    -18.869
2641    -4.787
2642    -18.466
2643    -22.085
2644    -13.9279995
2645    -6.071
2646    -18.862999
2647    -20.631
2648    -19.722
2649    -20.523
2650    -20.686
2651    -21.119
2652    -19.87
2653    -19.241
2654    -17.593
2655    -20.677
2656    -21.104
2657    -14.298
2658    -9.838
2659    -29.88
2660    -11.288
2661    -29.901
2662    -13.194
2663    -12.866
2664    -27.799
2665    -11.934
2666    -27.809
2667    -12.057
2668    -13.707
2669    -12.452
2670    -14.275
2671    -11.035
2672    -6.216
2673    -4.15
2674    -21.108
2675    -22.145
2676    -6.197
2677    -25.084
2678    -5.469
2679    -9.03
2680    -4.703
2681    -6.153
2682    -9.135
2683    -7.268
2684    -11.924
2685    -25.732
2686    -6.1879997
2687    -6.26
2688    -18.455
2689    -6.222
2690    -6.101
2691    -6.302
2692    -12.069
2693    -12.101
2694    -11.4
2695    -10.224
2696    -10.721
2697    -9.457
2698    -11.67
2699    -14.198
2700    -12.523
2701    -12.938
2702    -12.796
2703    -12.142
2704    -12.686
2705    -12.961
2706    -11.268
2707    -10.844
2708    -14.031
2709    -11.669
2710    -11.288
2711    -11.483
2712    -6.1349998
2713    -4.185
2714    -4.696
2715    -4.562
2716    -8.126
2717    -5.914
2718    -5.389
2719    -4.516
2720    -5.144
2721    -6.42
2722    -6.83
2723    -5.632
2724    -9.806
2725    -3.984
2726    -4.9849997
2727    -5.606
2728    -7.559
2729    -4.494
2730    -4.9309998
2731    -4.434
2732    -5.6619997
2733    -4.883
2734    -6.166
2735    -7.142
2736    -4.875
2737    -6.932
2738    -8.784
2739    -6.165
2740    -6.097
2741    -10.398
2742    -7.0369997
2743    -5.885
2744    -5.731
2745    -7.1879997
2746    -6.772
2747    -6.607
2748    -9.666
2749    -5.109
2750    -4.836
2751    -6.9449997
2752    -7.248
2753    -7.132
2754    -4.2
2755    -6.9449997
2756    -5.882
2757    -6.7799997
2758    -6.982
2759    -7.642
2760    -6.891
2761    -6.64
2762    -6.814
2763    -9.608
2764    -6.569
2765    -6.83
2766    -5.992
2767    -30.834
2768    -3.9499998
2769    -4.686
2770    -6.4049997
2771    -5.483
2772    -6.8199997
2773    -6.484
2774    -6.613
2775    -6.495
2776    -6.599
2777    -6.6809998
2778    -7.773
2779    -6.898
2780    -5.663
2781    -5.488
2782    -5.9849997
2783    -6.8529997
2784    -6.838
2785    -5.84
2786    -5.822
2787    -6.5889997
2788    -4.716
2789    -6.668
2790    -7.821
2791    -5.292
2792    -5.92
2793    -5.545
2794    -5.043
2795    -5.194
2796    -5.927
2797    -9.038
2798    -5.275
2799    -6.05
2800    -4.993
2801    -6.126
2802    -24.466
2803    -5.923
2804    -4.4139996
2805    -5.319
2806    -7.646
2807    -5.14
2808    -6.457
2809    -8.782
2810    -6.645
2811    -6.06
2812    -6.087
2813    -6.391
2814    -6.3929996
2815    -5.475
2816    -21.711
2817    -5.706
2818    -6.5509996
2819    -5.025
2820    -5.566
2821    -5.814
2822    -7.127
2823    -6.684
2824    -7.0629997
2825    -5.777
2826    -5.987
2827    -6.502
2828    -5.5099998
2829    -5.163
2830    -5.7869997
2831    -29.649
2832    -6.569
2833    -4.911
2834    -12.127
2835    -6.823
2836    -24.187
2837    -7.367
2838    -9.915
2839    -28.735
2840    -6.8859997
2841    -10.647
2842    -10.368
2843    -8.618
2844    -29.711
2845    -6.873
2846    -6.621
2847    -27.933
2848    2.429
2849    -10.93
2850    -11.087
2851    -11.614
2852    -6.685
2853    -5.705
2854    -10.836
2855    -5.33
2856    -6.757
2857    -19.091
2858    -6.85
2859    -19.096
2860    -8.7369995
2861    -11.808
2862    -6.759
2863    -11.604
2864    -11.925
2865    -6.383
2866    -5.825
2867    -6.692
2868    -5.3339996
2869    -55.154
2870    -4.59
2871    -6.63
2872    -5.447
2873    -11.761
2874    -8.684999
2875    -12.097
2876    -24.390999
2877    -5.052
2878    -5.447
2879    -11.709
2880    -6.21
2881    -6.23
2882    -5.389
2883    -5.2159996
2884    -11.83
2885    -6.782
2886    -6.167
2887    -6.917
2888    -6.496
2889    -9.127
2890    -6.882
2891    -6.767
2892    -6.856
2893    -4.736
2894    -6.381
2895    -5.865
2896    -6.365
2897    -6.553
2898    -5.716
2899    -6.626
2900    -5.7469997
2901    -6.409
2902    -5.692
2903    -6.683
2904    -5.777
2905    -5.943
2906    -6.769
2907    -6.383
2908    -7.368
2909    -30.588
2910    -5.713
2911    -6.623
2912    -6.7209997
2913    -6.434
2914    -10.524
2915    -11.023
2916    -9.845
2917    -9.461
2918    -6.894
2919    -2.599
2920    -7.897
2921    -9.061
2922    -7.482
2923    -7.689
2924    -1.6409999
2925    -10.905
2926    -10.909
2927    -7.895
2928    -10.7439995
2929    -12.003
2930    -5.2269998
2931    -3.678
2932    -7.151
2933    -5.333
2934    -8.037
2935    -7.624
2936    -9.884
2937    -8.105
2938    -9.532
2939    -7.991
2940    -7.9969997
2941    -7.94
2942    -3.485
2943    -5.743
2944    -5.646
2945    -8.857
2946    -7.666
2947    -8.084
2948    -7.159
2949    -6.888
2950    -7.486
2951    -6.529
2952    -6.4779997
2953    -5.678
2954    -7.757
2955    -7.429
2956    -7.281
2957    -7.401
2958    -8.118
2959    -7.983
2960    -7.394
2961    -7.712
2962    -6.744
2963    -7.722
2964    -5.715
2965    -8.728
2966    -7.716
2967    -6.751
2968    -5.726
2969    -8.726
2970    -6.706
2971    -8.714
2972    -7.715
2973    -6.748
2974    -9.203
2975    -7.4659996
2976    -9.912
2977    -5.729
2978    -8.713
2979    -6.758
2980    -5.72
2981    -15.057
2982    -10.426
2983    -11.831
2984    -11.914
2985    -11.643
2986    -11.697
2987    -13.753
2988    -12.913
2989    -10.500999
2990    -10.027
2991    -10.779
2992    -11.368
2993    -12.66
2994    -13.373
2995    -6.663
2996    -12.021
2997    -9.068
2998    -10.922
2999    -14.299
3000    -12.757999
3001    -8.886
3002    -12.566999
3003    -11.495
3004    -8.552
3005    -5.718
3006    -6.728
3007    -7.729
3008    -8.741
3009    -6.752
3010    -7.516
3011    -7.061
3012    -6.585
3013    -5.965
3014    -7.027
3015    -6.897
3016    -10.642
3017    -5.738
3018    -6.738
3019    -7.16
3020    -6.788
3021    -11.696
3022    -4.875
3023    -6.501
3024    -11.069
3025    -10.784
3026    -8.906
3027    -10.64
3028    -7.4709997
3029    -10.433
3030    -8.151
3031    -4.962
3032    -5.071
3033    -13.761
3034    -7.02
3035    -11.674
3036    -6.6879997
3037    -10.772
3038    -10.601
3039    -6.72
3040    -7.052
3041    -6.257
3042    -11.719
3043    -5.667
3044    -6.779
3045    -10.556
3046    -4.751
3047    -4.746
3048    -4.75
3049    -5.699
3050    -6.782
3051    -12.693
3052    -10.914
3053    -11.716
3054    -10.76
3055    -11.279
3056    -10.897
3057    -10.845
3058    -12.01
3059    -11.7
3060    -9.955
3061    -9.531
3062    -9.73
3063    -8.79
3064    -7.391
3065    -4.5039997
3066    -6.564
3067    -7.939
3068    -5.726
3069    -8.964
3070    -8.051
3071    -9.773
3072    -12.811
3073    -8.606
3074    -8.073
3075    -6.4379997
3076    -6.358
3077    -11.367
3078    -11.081
3079    -8.535
3080    -7.974
3081    -10.445
3082    -10.789
3083    -11.694
3084    -10.79
3085    -10.657
3086    -10.323999
3087    -7.983
3088    -8.757
3089    -10.606
3090    -5.824
3091    -9.929
3092    -6.836
3093    -6.678
3094    -9.348
3095    -6.901
3096    -11.91
3097    -7.2869997
3098    -7.962
3099    -3.7199998
3100    -9.816999
3101    -5.514
3102    -6.5369997
3103    -6.631
3104    -6.743
3105    -6.926
3106    -6.281
3107    -10.092
3108    -10.021
3109    -10.294
3110    -10.065
3111    -10.247
3112    -8.05
3113    -6.807
3114    -7.991
3115    -6.845
3116    -7.142
3117    -6.615
3118    -9.172
3119    -11.996
3120    -8.131
3121    -7.451
3122    -7.871
3123    -7.13
3124    -8.067
3125    -7.924
3126    -5.767
3127    -5.775
3128    -3.791
3129    -4.759
3130    -10.021
3131    -7.9779997
3132    -8.785
3133    -7.751
3134    -2.709
3135    -8.715
3136    -8.904
3137    -8.031
3138    -7.9309998
3139    -8.792
3140    -7.663
3141    -7.455
3142    -5.906
3143    -10.171
3144    -7.93
3145    -7.766
3146    -2.461
3147    -6.884
3148    -9.795
3149    -8.463
3150    -4.463
3151    -7.46
3152    -8.698
3153    -6.5439997
3154    -9.712
3155    -8.913
3156    -9.285
3157    -7.717
3158    -8.632999
3159    -7.941
3160    -10.007
3161    -9.063
3162    -7.197
3163    -6.7679996
3164    -6.762
3165    -7.531
3166    -5.859
3167    -6.108
3168    -6.769
3169    -5.304
3170    -5.953
3171    -7.113
3172    -6.7279997
3173    -6.858
3174    -7.249
3175    -10.63
3176    -7.804
3177    -8.77
3178    -9.355
3179    -7.067
3180    -6.105
3181    -7.305
3182    -6.566
3183    -7.429
3184    -7.266
3185    -8.152
3186    -7.495
3187    -7.075
3188    -7.2869997
3189    -7.535
3190    -7.317
3191    -7.957
3192    -7.388
3193    -7.3129997
3194    -7.146
3195    -5.614
3196    -7.801
3197    -7.966
3198    -5.295
3199    -7.468
3200    -7.466
3201    -5.996
3202    -5.959
3203    -6.356
3204    -7.9639997
3205    -7.5629997
3206    -7.834
3207    -7.6289997
3208    -8.131
3209    -7.984
3210    -8.021
3211    -6.972
3212    -5.05
3213    -5.153
3214    -5.844
3215    -7.103
3216    -7.378
3217    -4.465
3218    -6.128
3219    -6.328
3220    -0.13599998
3221    -5.272
3222    -7.22
3223    -5.442
3224    -7.315
3225    -5.823
3226    -6.163
3227    -5.05
3228    -7.351
3229    -6.426
3230    -5.638
3231    -6.282
3232    -5.805
3233    -6.283
3234    -5.76
3235    -5.69
3236    -6.342
3237    -7.348
3238    -7.516
3239    -7.961
3240    -6.2799997
3241    -4.201
3242    -6.382
3243    -6.275
3244    -6.274
3245    -9.698999
3246    -7.283
3247    -9.586
3248    -5.935
3249    -6.789
3250    -6.791
3251    -6.834
3252    -6.677
3253    -4.4189997
3254    -6.324
3255    -6.588
3256    -7.258
3257    -5.6
3258    -7.866
3259    -6.349
3260    -6.184
3261    -6.988
3262    -5.797
3263    -6.788
3264    -6.0839996
3265    -6.173
3266    -5.965
3267    -5.822
3268    -6.257
3269    -5.403
3270    -5.252
3271    -7.505
3272    -9.111
3273    -5.987
3274    -6.156
3275    -7.232
3276    -5.1219997
3277    -7.075
3278    -4.986
3279    -5.444
3280    -5.093
3281    -6.994
3282    -5.831
3283    -5.848
3284    -7.019
3285    -7.512
3286    -5.9379997
3287    -6.37
3288    -6.342
3289    -6.154
3290    -4.4399996
3291    -7.467
3292    -7.539
3293    -7.415
3294    -6.92
3295    -9.1119995
3296    -7.498
3297    -6.439
3298    -7.483
3299    -6.271
3300    -6.348
3301    -7.463
3302    -7.593
3303    -6.228
3304    -5.456
3305    -6.194
3306    -5.89
3307    -6.169
3308    -4.212
3309    -6.035
3310    -7.56
3311    -7.549
3312    -6.13
3313    -3.9789999
3314    -6.407
3315    -11.108
3316    -6.179
3317    -11.144
3318    -5.2939997
3319    -12.515
3320    -7.454
3321    -7.404
3322    -11.232
3323    -12.3619995
3324    -11.308
3325    -11.048
3326    -4.624
3327    -10.63
3328    -10.786
3329    -4.196
3330    -6.178
3331    -11.535
3332    -7.494
3333    -10.095
3334    -10.962999
3335    -11.495
3336    -10.954
3337    -11.222
3338    -11.434
3339    -6.357
3340    -11.502
3341    -7.46
3342    -5.828
3343    -12.191
3344    -12.448999
3345    -11.327
3346    -6.208
3347    -11.4279995
3348    -11.554
3349    -6.238
3350    -10.929
3351    -10.855
3352    -7.397
3353    -11.009
3354    -10.962
3355    -11.781
3356    -11.419
3357    -10.825
3358    -3.1269999
3359    -11.32
3360    -7.082
3361    -6.71
3362    -6.088
3363    -11.85
3364    -6.903
3365    -7.504
3366    -6.951
3367    -6.889
3368    -7.167
3369    -7.535
3370    -7.421
3371    -5.413
3372    -7.197
3373    -6.805
3374    -7.362
3375    -7.571
3376    -7.483
3377    -6.909
3378    -7.098
3379    -11.497
3380    -6.552
3381    -6.796
3382    -9.917999
3383    -15.174
3384    -6.549
3385    -3.4689999
3386    -5.972
3387    -5.7679996
3388    -6.397
3389    -8.068
3390    -7.324
3391    -7.377
3392    -10.102
3393    -10.282
3394    -6.817
3395    -7.585
3396    -7.528
3397    -7.803
3398    -6.864
3399    -7.451
3400    -8.174
3401    -7.837
3402    -6.994
3403    -6.672
3404    -7.061
3405    -7.9969997
3406    -7.9189997
3407    -7.628
3408    -7.582
3409    -7.483
3410    -6.824
3411    -7.457
3412    -7.836
3413    -8.002
3414    -8.123
3415    -7.903
3416    -7.534
3417    -10.764
3418    -8.323
3419    -7.874
3420    -8.136
3421    -7.138
3422    -8.005
3423    -7.83
3424    -7.5299997
3425    -6.779
3426    -6.192
3427    -7.054
3428    -12.25
3429    -11.418
3430    -7.535
3431    -6.717
3432    -8.139
3433    -10.544
3434    -7.145
3435    -6.922
3436    -7.466
3437    -6.3599997
3438    -7.908
3439    -13.298
3440    -7.525
3441    -7.322
3442    -7.4639997
3443    -6.9189997
3444    -8.414
3445    -11.334
3446    -9.761
3447    -9.732
3448    -11.543
3449    -8.702
3450    -8.157
3451    -12.416
3452    -9.562
3453    -9.397
3454    -9.266
3455    -8.95
3456    -8.727
3457    -10.816
3458    -8.750999
3459    -11.282
3460    -9.141
3461    -12.652
3462    -8.735
3463    -11.683
3464    -5.942
3465    -7.751
3466    -8.932
3467    -12.539
3468    -10.719999
3469    -11.17
3470    -10.235
3471    -7.94
3472    -10.879
3473    -11.143
3474    -13.294
3475    -8.582
3476    -6.342
3477    -11.576
3478    -10.335
3479    -8.903
3480    -11.419
3481    -12.421
3482    -12.352
3483    -11.654
3484    -9.873
3485    -10.916
3486    -11.071
3487    -10.335
3488    -8.151
3489    -8.903
3490    -10.221
3491    -11.387
3492    -10.194
3493    -11.455
3494    -4.934
3495    -5.618
3496    -8.046
3497    -2.529
3498    -5.215
3499    -5.325
3500    -5.429
3501    -5.039
3502    -9.055
3503    -8.95
3504    -2.346
3505    -5.539
3506    -5.367
3507    -5.698
3508    -12.335
3509    -9.525
3510    -8.8
3511    -4.41
3512    -5.05
3513    -5.503
3514    -7.318
3515    -8.273
3516    -7.992
3517    -7.2539997
3518    -6.881
3519    -9.827
3520    -8.059
3521    -7.175
3522    -5.249
3523    -5.428
3524    -8.86
3525    -8.078
3526    -9.864
3527    -10.171
3528    -6.95
3529    -8.28
3530    -9.743
3531    -11.378
3532    -8.794
3533    -11.554
3534    -10.993
3535    -7.144
3536    -7.138
3537    -6.842
3538    -6.842
3539    -7.338
3540    -6.4519997
3541    -6.858
3542    -6.822
3543    -8.327
3544    -7.17
3545    -9.083
3546    -7.176
3547    -5.289
3548    -10.057
3549    -6.098
3550    -6.925
3551    -10.695
3552    -10.348
3553    -5.236
3554    -10.126
3555    -7.05
3556    -7.1619997
3557    -8.989
3558    -7.038
3559    -7.242
3560    -6.665
3561    -6.9779997
3562    -6.989
3563    -7.371
3564    -7.301
3565    -4.371
3566    -6.593
3567    -7.324
3568    -6.831
3569    -7.177
3570    -5.325
3571    -7.201
3572    -7.315
3573    -5.478
3574    -5.525
3575    -7.142
3576    -5.608
3577    -5.277
3578    -6.245
3579    -5.658
3580    -6.407
3581    -5.532
3582    -5.75
3583    -8.97
3584    -7.101
3585    -5.423
3586    -1.954
3587    -6.054
3588    -5.418
3589    -4.416
3590    -5.544
3591    -5.419
3592    -5.283
3593    -6.359
3594    -8.108
3595    -6.561
3596    -5.461
3597    -5.897
3598    -2.546
3599    -7.009
3600    -8.953
3601    -7.916
3602    -5.435
3603    -7.946
3604    -7.946
3605    -8.047
3606    -6.7869997
3607    -8.014
3608    -4.812
3609    -7.962
3610    -7.955
3611    -7.966
3612    -5.29
3613    -7.83
3614    -7.963
3615    -5.028
3616    -5.401
3617    -7.147
3618    -5.475
3619    -7.291
3620    -8.065
3621    -7.831
3622    -7.674
3623    -6.833
3624    -7.833
3625    -7.7609997
3626    -6.527
3627    -7.7209997
3628    -7.585
3629    -6.52
3630    -7.894
3631    -5.401
3632    -5.434
3633    -7.834
3634    -6.133
3635    -7.1019998
3636    -7.231
3637    -8.46
3638    -7.223
3639    -8.512
3640    -9.355
3641    -8.506
3642    -5.0629997
3643    -8.452
3644    -9.415
3645    -8.275
3646    -8.264
3647    -3.773
3648    -7.509
3649    -7.651
3650    -8.096
3651    -7.503
3652    -9.482
3653    -8.093
3654    -3.926
3655    -9.873
3656    -8.508
3657    -7.292
3658    -7.864
3659    -8.488
3660    -9.23
3661    -6.869
3662    -7.903
3663    -8.946
3664    -8.544
3665    -7.858
3666    -8.058
3667    -7.901
3668    -5.553
3669    -5.731
3670    -3.995
3671    -8.059999
3672    -7.134
3673    -4.991
3674    -7.574
3675    -10.104
3676    -9.35
3677    -8.586
3678    -17.581
3679    -17.159
3680    -7.534
3681    -18.267
3682    -18.593
3683    -8.896
3684    -5.613
3685    -8.152
3686    -8.133
3687    -8.519
3688    -15.925
3689    -8.632999
3690    -8.4869995
3691    -8.88
3692    -19.548
3693    -9.187
3694    -5.298
3695    -9.335
3696    -11.349
3697    -17.496
3698    -7.027
3699    -18.188
3700    -10.259
3701    -18.648
3702    -9.298
3703    -7.557
3704    -8.388
3705    -10.541
3706    -17.961
3707    -18.68
3708    -17.629
3709    -21.918
3710    -8.5529995
3711    -8.526
3712    -17.407999
3713    -7.3
3714    -9.045
3715    -8.44
3716    -18.744999
3717    -10.813
3718    -11.893
3719    -17.191
3720    -17.43
3721    -8.183
3722    -7.908
3723    -10.874
3724    -10.743
3725    -11.873
3726    -5.631
3727    -11.882999
3728    -11.739
3729    -10.622
3730    -12.004
3731    -8.517
3732    -12.8619995
3733    -12.8619995
3734    -8.873
3735    -9.309
3736    -18.711
3737    -10.941
3738    -19.446
3739    -8.429
3740    -16.989
3741    -18.74
3742    -9.73
3743    -11.528
3744    -8.023
3745    -5.707
3746    -17.516
3747    -11.543
3748    -18.385
3749    -18.498
3750    -5.691
3751    -18.732
3752    -11.69
3753    -18.739
3754    -19.365
3755    -18.526
3756    -10.949
3757    -18.048
3758    -17.052
3759    -10.713
3760    -11.543
3761    -8.971
3762    -6.796
3763    -17.361
3764    -8.547
3765    -8.547
3766    -5.987
3767    -19.48
3768    -11.951
3769    -9.783
3770    -10.644
3771    -7.5099998
3772    -8.975
3773    -4.651
3774    -7.6429996
3775    -16.773
3776    -8.783
3777    -19.505
3778    -9.865
3779    -7.127
3780    -8.558
3781    -1.903
3782    -17.557
3783    -19.27
3784    -9.734
3785    -8.906
3786    -6.95
3787    -8.122
3788    -6.642
3789    -5.398
3790    -9.164
3791    -17.38
3792    -8.144
3793    -7.579
3794    -7.638
3795    -17.581
3796    -8.42
3797    -7.993
3798    -5.17
3799    -7.291
3800    -7.995
3801    -7.9379997
3802    -18.456
3803    -7.737
3804    -6.732
3805    -6.579
3806    -7.274
3807    -8.488
3808    -8.041
3809    -7.1219997
3810    -8.018
3811    -7.973
3812    -9.491
3813    -8.11
3814    -5.62
3815    -8.056
3816    -7.3129997
3817    -6.9069996
3818    -9.314
3819    -6.898
3820    -17.275
3821    -7.898
3822    -7.962
3823    -16.675
3824    -5.7349997
3825    -6.679
3826    -7.0369997
3827    -18.321
3828    -8.124
3829    -8.922
3830    -8.206
3831    -3.87
3832    -6.148
3833    -42.018
3834    -7.1499996
3835    -17.65
3836    -7.898
3837    -8.578
3838    -18.374
3839    -9.111
3840    -8.33
3841    -8.562
3842    -7.841
3843    -7.437
3844    -6.6359997
3845    -8.634
3846    -7.914
3847    -8.825
3848    -6.898
3849    -8.293
3850    -7.928
3851    -8.893
3852    -7.213
3853    -6.2609997
3854    -7.942
3855    -7.398
3856    -10.611
3857    -6.866
3858    -7.8789997
3859    -7.389
3860    -5.5459995
3861    -6.9309998
3862    -7.951
3863    -7.619
3864    -7.889
3865    -7.698
3866    -7.928
3867    -7.9049997
3868    -7.96
3869    -5.1749997
3870    -6.642
3871    -8.991
3872    -7.041
3873    -8.9
3874    -7.819
3875    -7.2089996
3876    -2.6299999
3877    -6.153
3878    -5.286
3879    -5.095
3880    -7.954
3881    -8.782
3882    -7.661
3883    -5.6359997
3884    -6.671
3885    -5.657
3886    -7.828
3887    -6.4989996
3888    -7.1949997
3889    -7.7539997
3890    -5.6689997
3891    -8.767
3892    -5.458
3893    -5.083
3894    -5.793
3895    -7.604
3896    -5.85
3897    -5.724
3898    -7.009
3899    -5.8529997
3900    -5.401
3901    -4.696
3902    -8.694
3903    -5.975
3904    -8.966
3905    -7.949
3906    -5.769
3907    -4.415
3908    -5.947
3909    -7.854
3910    -7.312
3911    -6.982
3912    6.24
3913    -11.887
3914    -10.629
3915    -9.779
3916    -11.888
3917    -7.475
3918    -30.289
3919    -8.934
3920    -6.694
3921    -9.6779995
3922    -7.119
3923    -7.568
3924    -6.972
3925    -5.0889997
3926    -9.88
3927    -7.198
3928    -6.878
3929    -7.614
3930    -10.7369995
3931    -6.14
3932    -11.95
3933    -7.588
3934    -7.967
3935    -10.996
3936    -6.298
3937    -7.403
3938    -9.117
3939    -11.721
3940    -6.8719997
3941    -9.819
3942    -6.9
3943    -6.928
3944    -7.646
3945    -8.22
3946    -7.874
3947    -8.635
3948    -6.724
3949    -5.3059998
3950    -6.774
3951    -6.698
3952    -7.6879997
3953    -10.653
3954    -7.336
3955    -10.792
3956    -8.478
3957    -7.821
3958    -7.664
3959    -8.871
3960    -7.764
3961    -7.579
3962    -8.662
3963    -7.975
3964    -9.509
3965    -6.706
3966    -7.3529997
3967    -6.66
3968    -7.481
3969    -5.432
3970    -7.9449997
3971    -7.983
3972    -5.665
3973    -7.882
3974    -5.6289997
3975    -6.14
3976    -6.142
3977    -6.731
3978    -5.993
3979    -6.816
3980    -8.914
3981    -1.4329996
3982    -4.83
3983    -4.824
3984    -4.307
3985    -4.799
3986    -6.156
3987    -7.845
3988    -7.308
3989    -7.963
3990    -8.061
3991    -7.898
3992    -7.8599997
3993    -6.075
3994    -7.94
3995    -6.514
3996    -7.812
3997    -6.1619997
3998    -7.805
3999    -7.88
4000    -2.8839998
4001    -6.8599997
