0    2.321
1    1.31
2    1.57
3    1.9200001
4    2.5100002
5    3.019
6    4.774
7    5.854
8    0.767
9    0.55200005
10    0.41300002
11    0.99300003
12    1.4870001
13    1.0630001
14    -2.371
15    0.67700005
16    0.726
17    1.0220001
18    0.57000005
19    0.74300003
20    0.68700004
21    0.42900002
22    0.5
23    0.671
24    0.568
25    0.536
26    0.467
27    0.55600005
28    0.63100004
29    0.578
30    0.84200007
31    0.591
32    0.77400005
33    1.092
34    1.092
35    0.70100003
36    -37.202
37    0.62700003
38    0.546
39    0.46300003
40    0.43100002
41    0.499
42    1.251
43    0.572
44    0.62
45    0.522
46    0.66
47    0.563
48    0.522
49    0.53000003
50    0.58900005
51    0.572
52    0.57500005
53    0.64400005
54    0.58500004
55    0.647
56    0.61200005
57    0.99000007
58    1.6430001
59    0.652
60    2.63
61    0.717
62    1.057
63    0.65800005
64    0.69100004
65    1.9230001
66    0.86
67    0.864
68    0.569
69    1.7550001
70    0.83400005
71    2.016
72    0.623
73    1.654
74    0.919
75    0.64500004
76    0.514
77    0.54200006
78    2.214
79    0.63900006
80    1.491
81    1.9350001
82    0.633
83    0.637
84    0.88000005
85    0.874
86    1.069
87    2.7220001
88    0.88100004
89    1.414
90    3.4340003
91    0.772
92    0.804
93    0.95900005
94    1.5070001
95    0.864
96    1.3900001
97    0.606
98    1.164
99    0.85700005
100    -0.17099988
101    0.75600004
102    1.457
103    0.57500005
104    0.90200007
105    1.079
106    0.91200006
107    0.646
108    -1.345
109    1.682
110    0.527
111    -0.23499995
112    1.4720001
113    0.96500003
114    0.577
115    1.113
116    0.574
117    1.044
118    0.79300004
119    1.136
120    1.3100001
121    0.864
122    1.016
123    0.634
124    0.81200004
125    0.896
126    0.75500005
127    0.625
128    0.518
129    0.619
130    0.684
131    1.2420001
132    0.76000005
133    1.146
134    0.365
135    1.01
136    0.934
137    0.772
138    0.55200005
139    0.82500005
140    0.67300004
141    0.73600006
142    0.708
143    1.13
144    0.785
145    0.832
146    0.61800003
147    0.85200006
148    1.218
149    0.95600003
150    -0.30099994
151    2.178
152    0.75000006
153    0.88400006
154    0.90500003
155    1.8030001
156    1.8030001
157    1.0150001
158    0.99700004
159    0.628
160    0.892
161    0.91800004
162    0.91800004
163    1.1040001
164    1.0680001
165    1.09
166    1.12
167    0.61600006
168    1.016
169    1.13
170    3.7340002
171    1.051
172    1.051
173    1.4180001
174    2.335
175    0.97
176    0.86300004
177    1.4440001
178    0.91200006
179    1.878
180    1.355
181    1.153
182    0.91700006
183    0.56200004
184    2.055
185    1.217
186    1.1060001
187    0.9760001
188    0.79300004
189    0.731
190    0.938
191    1.4740001
192    0.882
193    1.8560001
194    1.9740001
195    0.88500005
196    1.0400001
197    1.12
198    0.9710001
199    0.83900005
200    1.905
201    1.616
202    1.2040001
203    1.2570001
204    0.683
205    1.161
206    1.1290001
207    2.1350002
208    0.95900005
209    1.3670001
210    0.96400005
211    1.8360001
212    0.4000001
213    -35.44
214    1.1500001
215    2.467
216    1.107
217    1.547
218    1.3030001
219    0.84400004
220    0.68600005
221    2.093
222    1.2
223    1.0270001
224    0.79600006
225    0.91700006
226    0.81100005
227    0.814
228    1.475
229    1.024
230    0.82000005
231    1.0380001
232    1.1450001
233    1.371
234    1.0250001
235    1.302
236    2.086
237    0.91400003
238    1.218
239    0.9480001
240    1.108
241    1.189
242    0.65400004
243    1.151
244    1.3950001
245    0.919
246    0.957
247    0.88000005
248    0.27100003
249    1.059
250    1.1370001
251    0.95800006
252    1.033
253    0.882
254    1.8470001
255    0.9620001
256    1.3330001
257    2.1320002
258    1.6830001
259    1.1850001
260    0.938
261    1.153
262    1.799
263    1.013
264    0.74
265    1.4490001
266    1.088
267    1.3590001
268    1.0120001
269    0.597
270    0.85
271    1.2310001
272    1.3130001
273    1.059
274    1.3130001
275    0.96900004
276    1.4330001
277    0.9620001
278    1.0730001
279    1.1350001
280    1.24
281    2.24
282    0.96900004
283    1.297
284    -35.349
285    0.994
286    0.95300007
287    1.0660001
288    3.242
289    2.435
290    0.89500004
291    1.0630001
292    1.317
293    1.2040001
294    1.7680001
295    1.1170001
296    0.78400004
297    2.154
298    0.79700005
299    0.68100005
300    1.0860001
301    -2.072
302    -1.01
303    -0.95599985
304    -37.627
305    -1.581
306    -2.016
307    -1.2479999
308    -1.0379999
309    -2.2
310    -2.7649999
311    -2.171
312    -2.043
313    -1.3659999
314    -1.898
315    -1.87
316    -2.076
317    -1.8219999
318    -1.869
319    -2.144
320    -1.782
321    -2.131
322    -1.8149999
323    -1.858
324    -2.236
325    -2.027
326    -1.9269999
327    -1.918
328    -1.8599999
329    -2.336
330    -1.863
331    -2.011
332    -2.354
333    -0.5589998
334    -1.928
335    -0.941
336    -1.89
337    -1.855
338    -1.865
339    -1.894
340    -1.884
341    -4.041
342    -2.235
343    3.7660003
344    -1.864
345    -1.855
346    -2.012
347    -1.886
348    -2.039
349    -1.244
350    -1.855
351    0.38800025
352    -1.862
353    -1.878
354    -2.299
355    -0.31899977
356    -1.876
357    -1.879
358    -1.5139999
359    -2.208
360    -1.865
361    -0.69499993
362    -0.88899994
363    -1.9189999
364    4.4470005
365    -2.224
366    -1.999
367    0.887
368    -2.017
369    -2.308
370    -1.91
371    -0.849
372    -1.909
373    -0.24999976
374    -4.172
375    -2.202
376    -2.097
377    -1.6969999
378    -1.876
379    -1.8889999
380    -0.9299998
381    -1.921
382    -2.006
383    -2.052
384    1.047
385    -1.596
386    -2.087
387    -2.2189999
388    -2.197
389    -1.448
390    -1.6609999
391    -1.89
392    -2.154
393    -1.888
394    -1.203
395    -2.078
396    -5.011
397    -2.277
398    -1.8779999
399    -2.087
400    -1.6949999
401    -2.041
402    -1.987
403    -1.7809999
404    -1.894
405    -0.9879999
406    -1.877
407    -2.2519999
408    -1.8419999
409    -1.6149999
410    -2.872
411    -2.4689999
412    -1.7839999
413    -1.879
414    -1.443
415    -1.851
416    -1.834
417    -1.87
418    -1.872
419    -1.4749999
420    -1.6789999
421    -5.9779997
422    -2.524
423    -4.864
424    -1.754
425    -0.3809998
426    -2.074
427    -2.2
428    -1.836
429    -1.883
430    -1.874
431    -1.8579999
432    -2.31
433    -1.0819999
434    -3.843
435    -2.233
436    -2.014
437    -4.232
438    -2.291
439    -4.8059998
440    -1.341
441    -2.0809999
442    -2.103
443    -2.129
444    -1.884
445    -5.244
446    -2.007
447    -1.953
448    8.433001
449    -2.172
450    -2.348
451    -1.76
452    -1.492
453    -1.68
454    -1.239
455    -1.2019999
456    -1.772
457    -1.499
458    -0.9069998
459    -1.6199999
460    -1.742
461    -1.67
462    -1.931
463    -1.875
464    -1.9
465    -1.4619999
466    -1.594
467    -1.6759999
468    -0.31299996
469    -1.851
470    -1.1659999
471    -1.1819999
472    -1.9
473    -0.53499985
474    -1.8989999
475    -1.6669999
476    -1.558
477    -1.6999999
478    -1.0339999
479    -1.6309999
480    -1.655
481    -0.9239998
482    -1.134
483    -1.0329999
484    3.026
485    -0.32599998
486    -2.345
487    -2.115
488    1.859
489    1.454
490    1.557
491    -2.284
492    1.533
493    1.385
