0    -27.633
1    -28.582
2    -27.977
3    -27.348999
4    -27.713
5    -27.617
6    -28.401
7    -28.607
8    -28.388
9    -7.65
10    -5.671
11    -5.885
12    -4.546
13    -6.572
14    -8.389999
15    -6.132
16    -7.833
17    -7.779
18    -7.753
19    -8.794
20    -7.63
21    -7.895
22    -10.738
23    -7.032
24    -9.925
25    -8.664
26    -9.22
27    -8.006
28    -9.973
29    -28.3
30    -27.415
31    -27.819
32    -27.251
33    -28.529
34    -28.355
35    -28.763
36    -28.903
37    -28.286
38    -28.215
39    -27.911
40    -28.516
41    -28.51
42    -28.803
43    -28.313
44    -28.373
45    -28.689
46    -28.672
47    -28.591
48    -28.348999
49    -26.953
50    -26.306
51    -28.644
52    -28.567
53    -27.323
54    -58.305
55    -28.824
56    -58.689
57    -28.42
58    -58.577
59    -27.954
60    -57.751
61    -58.379
62    -28.497
63    -28.884
64    -28.668
65    -28.376
66    -59.361
67    -28.824
68    -58.802
69    -28.802
70    -58.614
71    -26.822
72    -58.503
73    -28.47
74    -57.648
75    -27.928
76    -58.967
77    -28.803
78    -57.479
79    -27.527
80    -58.593
81    -28.319
82    -27.515999
83    -58.374
84    -27.61
85    -58.549
86    -28.835
87    -58.446
88    -28.569
89    -57.83
90    -28.437
91    -57.533
92    -28.324
93    -58.633
94    -28.916
95    -59.769
96    -27.723
97    -57.527
98    -27.167
99    -58.034
100    -27.637
101    -58.5
102    -28.541
103    -58.225
104    -28.372
105    -64.418
106    -34.488
107    -64.443
108    -33.296
109    -63.653
110    -34.116
111    -64.712
112    -34.054
113    -64.423
114    -34.041
115    -64.336
116    -33.74
117    -63.272
118    -34.731
119    -66.929
120    -34.188
121    -62.882
122    -34.691
123    -65.423
124    -34.114
125    -64.361
126    -34.808
127    -64.405
128    -34.682
129    -64.786
130    -34.093
131    -64.056
132    -34.396
133    -64.104
134    -34.358
135    -63.718
136    -34.563
137    -63.984
138    -34.635
139    -64.194
140    -33.806
141    -64.275
142    -34.313
143    -64.382
144    -34.433
145    -34.001
146    -64.365
147    -34.429
148    -64.744
149    -34.171
150    -34.118
151    -64.735
152    -34.631
153    -64.283
154    -34.761
155    -64.429
156    -34.124
157    -64.452
158    -34.351
159    -63.249
160    -34.577
161    -64.414
162    -34.566
163    -64.649
164    -34.086998
165    -63.264
166    -33.371
167    -64.13
168    -34.516
169    -64.598
170    -32.316
171    -64.511
172    -34.2
173    -64.406
174    -34.26
175    -66.195
176    -34.399
177    -64.128
178    -34.491
179    -64.628
180    -34.344
181    -64.171
182    -33.274
183    -63.176
184    -34.427
185    -64.21
186    -34.251
187    -64.323
188    -33.769
189    -64.392
190    -34.371
191    -63.08
192    -34.657
193    -64.461
194    -33.497
195    -63.256
196    -34.54
197    -34.309
198    -64.607
199    -34.817
200    -64.845
201    -34.399
202    -63.061
203    -34.375
204    -63.975
205    -34.232
206    -64.611
207    -34.745
208    -64.226
209    -34.183
210    -64.63
211    -34.692
212    -65.528
213    -33.444
214    -65.242
215    -33.302
216    -63.947998
217    -34.367
218    -64.679
219    -34.252
220    -64.51
221    -34.654
222    -64.71
223    -64.391
224    -34.514
225    -34.269
226    -64.799
227    -34.471
228    -64.183
229    -33.082
230    -63.404
231    -33.745
232    -64.247
233    -34.644
234    -34.294
235    -68.333
236    -39.268
237    -68.986
238    -38.338
239    -69.37
240    -39.45
241    -69.577
242    -37.605
243    -67.714
244    -39.541
245    -69.257
246    -39.491
247    -69.35
248    -38.451
249    -71.971
250    -38.456
251    -68.224
252    -39.494
253    -37.544
254    -69.432
255    -38.248
256    -68.17
257    -37.686
258    -69.518
259    -38.092
260    -68.334
261    -39.511
262    -68.482
263    -34.285
264    -68.234
265    -34.545
266    -69.715
267    -34.189
268    -69.404
269    -69.323
270    -34.6
271    -69.386
272    -34.572
273    -63.461998
274    -34.656
275    -64.128
276    -34.348
277    -63.048
278    -34.397
279    -64.488
280    -64.488
281    -33.956
282    -64.54
283    -34.293
284    -64.426
285    -64.803
286    -33.377
287    -64.294
288    -34.559
289    -64.464
290    -28.345
291    -28.443
292    -28.164
293    -31.654
294    -31.428
295    -32.501
296    -31.326
297    -32.732
298    -32.108
299    -32.287
300    -32.102
301    -32.278
302    -32.427
303    -32.604
304    -31.073
305    -46.08
306    -55.401
307    -54.272
308    -54.328
309    -53.268
310    -53.313
311    -55.02
312    -55.326
313    -54.057
314    -55.352
315    -55.046
316    -54.197998
317    -55.331
318    -55.082
319    -55.169
320    -55.22
321    -53.917
322    -54.388
323    -55.016
324    -54.267
325    -54.928
326    -54.678
327    -55.247
328    -54.783
329    -54.309
330    -55.972
331    -56.03
332    -56.152
333    -56.172
334    -54.812
335    -55.01
336    -55.231
337    -55.17
338    -56.478
339    -56.223
340    -55.081
341    -55.049
342    -53.328
343    -43.714
344    -55.315
345    -42.15
346    -51.093
347    -54.929
348    -43.103
349    -56.124
350    -42.531
351    -43.565
352    -56.496
353    -43.099
354    -43.054
355    -55.125
356    -42.039
357    -55.339
358    -42.205
359    -56.241
360    -43.594
361    -55.977
362    -43.442
363    -56.396
364    -43.452
365    -56.043
366    -51.376
367    -43.336
368    -55.21
369    -42.164
370    -55.147
371    -42.143
372    -51.551
373    -56.332
374    -43.296
375    -56.205
376    -43.205
377    -55.18
378    -43.175
379    -55.979
380    -43.237
381    -54.025
382    -41.341
383    -56.125
384    -43.692
385    -51.423
386    -56.296
387    -43.381
388    -51.372
389    -43.094
390    -56.178
391    -56.148
392    -43.293
393    -50.978
394    -56.314
395    -43.184
396    -55.211998
397    -43.194
398    -51.261
399    -56.015
400    -42.413
401    -56.352
402    -43.461
403    -55.946
404    -43.286
405    -51.001
406    -43.535
407    -42.211
408    -51.062
409    -43.175
410    -43.482
411    -43.522
412    -54.819
413    -42.506
414    -56.008
415    -43.345
416    -55.429
417    -51.019
418    -55.133
419    -43.31
420    -43.336
421    -43.03
422    -56.099
423    -43.303
424    -55.582
