0    4.195
1    2.138
2    3.1360002
3    2.059
4    -0.371
5    1.505
6    1.35
7    1.82
8    2.16
9    2.535
10    2.148
11    6.927
12    2.6880002
13    0.27600002
14    -4.927
15    -1.2679999
16    2.4640002
17    -5.6969995
18    2.63
19    -2.946
20    3.831
21    -5.205
22    1.6220001
23    -2.5229998
24    2.322
25    -3.585
26    0.8930001
27    -1.3759999
28    1.8620001
29    -0.82299995
30    1.7320001
31    2.2940001
32    2.5970001
33    -4.443
34    -0.26699996
35    1.0660001
36    2.454
37    2.503
38    1.4250001
39    2.585
40    2.179
41    1.873
42    -1.6739999
43    0.708
44    0.93600005
45    2.7470002
46    -0.10699993
47    1.9990001
48    1.4770001
49    -0.011999965
50    1.437
51    1.567
52    1.0430001
53    1.2360001
54    1.383
55    1.0990001
56    2.255
57    0.9990001
58    16.9
59    -2.6399999
60    1.4330001
61    2.5170002
62    1.3280001
63    0.73200005
64    2.1360002
65    3.177
66    0.44200003
67    1.8240001
68    9.069
69    1.0680001
70    1.139
71    0.365
72    -6.2019997
73    -1.951
74    3.0040002
75    1.942
76    2.584
77    -5.901
78    1.891
79    3.867
80    2.521
81    0.07800007
82    1.092
83    2.12
84    2.2210002
85    5.7250004
86    2.423
87    3.417
88    2.244
89    1.918
90    1.516
91    3.0770001
92    2.9620001
93    2.023
94    1.192
95    0.90800005
96    0.90000004
97    2.46
98    2.595
99    1.524
100    1.679
101    3.262
102    1.743
103    0.45800006
104    2.237
105    0.17800009
106    1.233
107    1.266
108    6.61
109    3.164
110    3.3470001
111    3.4580002
112    2.2150002
113    6.433
114    2.5860002
115    4.235
116    7.24
117    7.392
118    3.704
119    5.6730003
120    2.072
121    6.109
122    7.9160004
123    3.845
124    2.3920002
125    2.3960001
126    -1.5489998
127    3.008
128    8.047
129    4.525
130    4.754
131    2.604
132    4.025
133    0.8930001
134    9.924
135    7.0690002
136    5.406
137    1.891
138    8.093
139    8.059
140    4.3
141    7.866
142    4.549
143    -1.063
144    5.835
145    7.412
146    8.497
147    6.142
148    10.037001
149    12.253
150    12.308001
151    0.7290001
152    4.5030003
153    7.453
154    12.062
155    -1.073
156    6.499
157    10.646
158    6.0010004
159    12.155001
160    6.816
161    11.531
162    6.478
163    14.323
164    3.8850002
165    13.9210005
166    12.753
167    4.868
168    14.693
169    16.912
170    7.849
171    13.101
172    16.522
173    9.766
174    14.035
175    10.776
176    15.495
177    10.824
178    3.582
179    6.774
180    4.092
181    12.941
182    5.546
183    9.661
184    4.1940002
185    16.907
186    10.658
187    2.733
188    14.533
189    8.531
190    11.541
191    11.574
192    13.191
193    6.527
194    8.43
195    3.746
196    8.549
197    9.046
198    8.794
199    6.327
200    14.011
201    12.456
202    3.273
203    8.229
204    6.336
205    6.48
206    6.854
207    10.547
208    15.39
209    10.06
210    11.646
211    8.606
212    12.934
213    -1.0109999
214    9.664
215    5.882
216    6.049
217    14.556
218    13.902
219    4.867
220    10.537
221    12.703
222    2.2080002
223    6.578
224    14.218
225    11.509
226    14.677
227    1.3760002
228    3.4710002
229    8.941
230    9.101
231    19.266
232    4.413
233    3.778
234    13.085
235    7.568
236    8.215
237    11.684
238    14.588
239    13.719
240    16.41
241    11.867001
242    11.903
243    6.477
244    11.493
245    2.5610003
246    17.365
247    11.553
248    10.894
249    11.732
250    2.147
251    12.668
252    11.824
253    7.683
254    18.293
255    10.746
256    11.139
257    13.057
258    5.626
259    15.242001
260    -11.74
261    7.1540003
262    10.212
263    13.667
264    8.45
265    6.6070004
266    6.0740004
267    12.339
268    10.614
269    6.2060003
270    2.4970002
271    10.8
272    15.548
273    -8.132
274    7.859
275    5.3120003
276    8.153
277    6.135
278    8.485
279    5.951
280    8.601
281    10.017
282    4.891
283    9.646
284    3.641
285    10.093
286    2.8240001
287    9.293
288    6.2200003
289    9.968
290    10.12
291    5.447
292    13.78
293    7.793
294    -1.1889999
295    9.595
296    12.943
297    4.374
298    10.589
299    5.565
300    8.563
301    10.225
302    6.2139997
303    9.648
304    8.619
305    2.2840002
306    6.485
307    10.467
308    9.134
309    11.025
310    -0.9599998
311    8.576
312    6.421
313    6.837
314    8.184
315    -4.192
316    5.413
317    -10.235
318    6.499
319    6.339
320    -0.16699994
321    5.884
322    9.758
323    1.733
324    3.342
325    3.266
326    9.217
327    7.568
328    2.7670002
329    7.637
330    7.495
331    5.669
332    9.96
333    4.358
334    10.781
335    11.196
336    9.943
337    4.6150002
338    -0.24699986
339    3.8860002
340    8.041
341    -10.499
342    5.403
343    8.821
344    8.001
345    6.57
346    8.441
347    1.6550002
348    4.895
349    7.139
350    10.776
351    5.301
352    7.744
353    4.4440002
354    6.0950003
355    9.801001
356    6.895
357    7.1850004
