0    1.356
1    1.8
2    4.431
3    1.289
4    3.214
5    1.462
6    2.7670002
7    3.4160001
8    0.27700007
9    6.5360003
10    11.8220005
11    2.521
12    -38.094
13    2.152
14    5.901
15    2.901
16    2.121
17    7.3570004
18    0.59800005
19    3.3200002
20    1.573
21    -0.21599996
22    16.072
23    7.233
24    4.193
25    5.432
26    3.073
27    10.619
28    2.146
29    5.8950005
30    2.607
31    -0.7379999
32    2.996
33    3.9320002
34    2.687
35    2.7280002
36    -10.062
37    5.477
38    1.507
39    0.919
40    3.743
41    39.664
42    6.853
43    5.7440004
44    1.582
45    1.757
46    2.074
47    1.8470001
48    15.083
49    1.806
50    1.49
51    5.509
52    0.17400002
53    3.0600002
54    6.099
55    -5.312
56    -8.476999
57    1.4970001
58    6.748
59    7.961
60    3.534
61    5.156
62    2.775
63    0.91300005
64    1.501
65    -1.0179999
66    -65.409
67    3.1330001
68    1.5350001
69    -0.71
70    1.496
71    2.948
72    1.9330001
73    0.377
74    0.358
75    -1.0609999
76    1.8
77    2.388
78    1.746
79    11.154
80    1.69
81    1.482
82    6.141
83    -1.296
84    1.537
85    1.4350001
86    15.944
87    -4.244
88    10.146
89    2.947
90    0.69200003
91    2.012
92    0.505
93    1.551
94    3.3160002
95    1.702
96    1.0320001
97    -1.2779999
98    1.312
99    0.54
100    4.635
101    3.654
102    1.648
103    3.4770002
104    0.93600005
105    8.29
106    11.562
107    -4.388
108    64.511
109    0.87200004
110    2.038
111    3.788
112    9.188
113    6.908
114    1.0020001
115    -0.872
116    0.22300005
117    6.7790003
118    -0.29099995
119    5.618
120    2.466
121    4.492
122    4.9890003
123    1.338
124    8.749001
125    1.2290001
126    0.53300005
127    0.388
128    3.94
129    1.2900001
130    6.961
131    4.1210003
132    -1.381
133    8.164
134    9.082
135    3.782
136    0.97800004
137    2.521
138    9.766
139    36.576
140    3.466
141    3.4490001
142    8.679
143    0.40800002
144    -0.982
145    4.241
146    10.458
147    2.8700001
148    1.71
149    5.9
150    1.302
151    6.537
152    1.5610001
153    1.7850001
154    3.9320002
155    4.332
156    9.37
157    5.638
158    -8.756
159    3.545
160    -0.875
161    5.827
162    -0.86899996
163    2.626
164    0.90000004
165    13.448
166    3.1350002
167    -3.413
168    7.655
169    6.988
170    2.6690001
171    4.636
172    5.479
173    5.76
174    8.094
175    0.48800004
176    4.592
177    2.3860002
178    2.209
179    -2.478
180    2.417
181    2.936
182    1.9720001
183    0.32700002
184    1.77
185    -0.13099998
186    1.635
187    1.629
188    12.154
189    0.24400008
190    2.269
191    3.982
192    2.1550002
193    2.773
194    7.6190004
195    4.638
196    2.692
197    7.178
198    3.176
199    1.7360001
200    2.325
201    0.717
202    4.478
203    2.7020001
204    3.124
205    28.269001
206    3.075
207    5.061
208    4.264
209    7.0290003
210    0.68200004
211    4.417
212    -1.288
213    2.638
214    -181.439
215    3.501
216    1.9690001
217    6.06
218    -9.218
219    0.110000014
220    1.375
221    -0.41399992
222    7.053
223    4.321
224    11.284
225    3.426
226    1.928
227    2.8960001
228    -1.6199999
229    4.085
230    2.614
231    7.387
232    1.932
233    5.6940002
234    4.752
235    4.706
236    3.0
237    3.639
238    8.144
239    1.197
240    5.129
241    0.31800002
242    -4.058
243    4.862
244    4.032
245    1.138
246    3.924
247    -0.12799996
248    1.886
249    4.874
250    0.374
251    12.73
252    0.36100006
253    2.17
254    8.323
255    3.891
256    3.62
257    4.219
258    4.544
259    1.6700001
260    1.472
261    8.483
262    5.725
263    1.622
264    1.658
265    0.4
266    4.576
267    0.257
268    2.8600001
269    3.955
270    3.9840002
271    3.8780003
272    1.77
273    4.641
274    1.929
275    3.2720003
276    8.706
277    5.9960003
278    4.8650002
279    4.06
280    5.32
281    2.256
282    -0.6179999
283    -0.058999956
284    -0.491
285    4.107
286    4.284
287    1.862
288    0.20300007
289    5.724
290    2.022
291    0.74800014
292    0.17500019
293    -0.21399999
294    4.58
295    4.822
296    2.589
297    -0.702
298    3.352
299    8.413
300    5.41
301    3.986
302    2.289
303    0.637
304    1.597
305    -2.416
306    0.76900005
307    2.468
308    -0.23899996
309    3.6820002
310    6.464
311    2.319
312    1.5780001
313    5.329
314    8.47
315    9.894
316    4.903
317    14.119
318    -0.854
319    -1.984
320    10.75
321    0.632
322    24.314
323    6.789
324    0.26000002
325    1.8840001
326    3.881
327    -4.343
328    5.36
329    -4.371
330    4.016
331    1.9000001
332    6.5690002
333    13.243
334    3.842
335    -2.791
336    -7.569
337    6.3050003
338    2.6660001
339    5.11
340    3.615
341    0.66400003
342    2.257
343    4.3570004
344    -0.15699995
345    14.359
346    2.455
347    -0.50399995
348    2.325
349    3.0370002
350    29.406
351    1.449
352    3.447
353    9.118
354    10.228
355    7.734
356    3.551
357    2.4840002
358    3.7010002
359    0.84900004
360    -0.495
361    1.0
362    2.707
363    0.53000003
364    2.361
365    5.183
366    1.432
367    4.445
368    1.381
369    9.601
370    6.798
371    3.725
372    1.172
373    -0.788
374    -1.155
375    21.194
376    -0.75699997
377    6.789
378    3.4
379    1.4840001
380    5.834
381    1.2190001
382    3.391
383    1.9070001
384    3.394
385    17.958
386    -4.069
387    7.96
388    5.952
389    10.067
390    5.815
391    1.034
392    4.731
393    0.31600022
394    1.346
395    1.945
396    2.0700002
397    2.036
398    14.276
399    5.3050003
400    -4.617
401    2.917
402    4.391
403    4.0
404    5.705
405    1.356
406    5.6210003
407    2.2840002
408    1.618
409    2.316
410    9.544
411    1.388
412    9.145
413    2.7740002
414    0.50100005
415    2.295
416    3.148
417    1.593
418    -3.921
419    0.8290001
420    5.082
421    1.711
422    -0.927
423    3.659
424    -10.093
425    3.5410001
426    7.441
427    1.751
428    1.465
429    1.094
430    7.788
431    1.9200001
432    1.9360001
433    4.097
434    0.67300004
435    2.6490002
436    2.045
437    3.6160002
438    4.116
439    0.837
440    2.381
441    0.127
442    0.23200001
443    2.802
444    -0.53499997
445    0.574
446    1.33
447    2.872
448    5.559
449    2.9520001
450    -7.077
451    3.494
452    1.4200001
453    -0.45099998
454    4.616
455    4.6610003
456    7.827
457    5.981
458    0.83400005
459    1.754
460    4.776
461    11.422
462    4.027
463    -1.3039999
464    8.411
465    1.503
466    6.1470003
467    3.477
468    1.712
469    4.072
470    17.645
471    5.9900002
472    3.1850002
473    5.9370003
474    7.86
475    -4.496
476    4.808
477    7.637
478    2.6
479    3.858
480    0.67700005
481    4.361
482    -3.034
483    3.519
484    5.7060003
485    1.941
486    2.786
487    3.084
488    3.798
489    6.076
490    3.16
491    2.2870002
492    -0.52
493    4.53
494    1.909
495    5.792
496    1.609
497    1.503
498    1.253
499    2.1350002
500    2.693
501    4.432
502    13.16
503    5.77
504    9.22
505    2.66
506    1.065
507    1.98
508    3.3400002
509    5.894
510    1.891
511    2.289
512    3.5370002
513    1.151
514    -0.31299996
515    11.1
516    4.906
517    1.917
518    2.8200002
519    3.069
520    1.5610001
521    7.087
522    2.91
523    1.334
524    4.124
525    3.536
526    3.125
527    8.627
528    6.202
529    2.4
530    16.738
531    50.235
532    3.0830002
533    5.1330004
534    3.679
535    1.0430001
536    2.38
537    4.749
538    2.7740002
539    2.481
540    9.6
541    -0.05699998
542    4.9900002
543    10.281
544    -2.224
545    3.412
546    8.904
547    3.4320002
548    -0.50699997
549    3.183
550    2.575
551    2.425
552    4.4
553    1.886
554    1.402
555    1.543
556    3.054
557    1.917
558    0.4250002
559    1.757
560    5.202
561    4.465
562    2.9620001
563    6.023
564    2.513
565    2.364
566    1.95
567    7.274
568    1.3740001
569    4.53
570    3.192
571    3.897
572    0.40300012
573    4.018
574    3.12
575    3.838
576    1.8770001
577    2.98
578    2.543
579    0.47100002
580    8.624001
581    4.58
582    -5.523
583    1.615
584    4.363
585    1.582
586    2.0440001
587    4.6070004
588    2.38
589    1.242
590    4.472
591    0.11500001
592    2.277
593    3.0530002
594    1.4660001
595    -0.53199995
596    1.665
597    2.317
598    1.62
599    2.48
600    3.203
601    1.8410001
602    6.496
603    2.889
604    3.645
605    11.083
606    0.13400006
607    1.168
608    1.205
609    -0.553
610    3.8240001
611    3.348
612    -2.578
613    0.48600003
614    13.055
615    0.33800006
616    -0.92199993
617    3.342
618    6.632
619    10.041
620    1.493
621    3.164
622    1.559
623    3.609
624    5.034
625    1.059
626    2.5960002
627    0.87500006
628    26.874
629    1.876
630    -0.76699996
631    3.58
632    1.504
633    6.228
634    5.7460003
635    2.118
636    6.016
637    2.005
638    5.261
639    4.7530003
640    9.768
641    2.084
642    1.743
643    2.0040002
644    2.331
645    2.7410002
646    7.156
647    1.603
648    -3.316
649    1.597
650    2.345
651    1.7420001
652    4.271
653    4.994
654    3.673
655    4.96
656    3.443
657    4.346
658    -1.0279999
659    3.501
660    2.628
661    4.818
662    1.243
663    3.4490001
664    0.36200002
665    3.157
666    2.085
667    -0.59
668    2.502
669    0.08300018
670    1.669
671    1.416
672    -2.736
673    1.085
674    3.283
675    0.046000004
676    2.4250002
677    -3.171
678    1.7820001
679    1.665
680    -13.658
681    2.0
682    2.036
683    -0.09399998
684    7.8710003
685    1.684
686    2.094
687    1.4200001
688    3.782
689    1.681
690    4.0
691    0.20300001
692    1.368
693    -0.23299998
694    5.473
695    0.67900014
696    1.9330001
697    0.47800002
698    4.782
699    4.261
700    2.612
701    2.5240002
702    1.807
703    1.0
704    -5.975
705    0.65000004
706    17.286
707    1.0
708    2.5640001
709    0.263
710    5.599
711    1.131
712    1.034
713    1.4200001
714    0.666
715    0.592
716    1.551
717    2.074
718    1.8800001
719    2.162
720    -7.59
721    3.668
722    0.04400015
723    -4.1219997
724    2.447
725    3.128
726    8.586
727    -0.729
728    3.478
729    3.0140002
730    2.71
731    5.422
732    1.051
733    1.402
734    1.8410001
735    2.073
736    3.705
737    2.484
738    3.1750002
739    1.4760001
740    -3.1759999
741    2.348
742    1.067
743    1.062
744    2.187
745    2.08
746    -1.158
747    1.152
748    -2.962
749    6.287
750    4.244
751    3.177
752    3.4780002
753    4.178
754    -11.3029995
755    2.035
756    1.5120001
757    1.354
758    1.193
759    3.559
760    3.354
761    1.211
762    5.709
763    1.5320001
764    2.624
765    1.313
766    -6.4639997
767    1.7060001
768    6.883
769    1.914
770    3.6260002
771    1.427
772    2.5770001
773    1.838
774    1.7030001
775    4.454
776    3.601
777    3.628
778    2.749
779    2.223
780    2.415
781    2.239
782    1.292
783    3.548
784    1.983
785    2.101
786    0.51500005
787    0.595
788    -5.7869997
789    2.762
790    3.337
791    1.428
792    -0.14099997
793    -1.275
794    4.4230003
795    2.138
796    1.735
797    2.112
798    4.125
799    2.1529999
800    1.4050001
801    -0.19599998
802    1.991
803    -5.649
804    5.5750003
805    4.6480002
806    1.723
807    -1.3299999
808    1.945
809    10.686
810    1.087
811    1.613
812    -0.876
813    6.328
814    1.738
815    -0.7099999
816    1.418
817    2.292
818    1.462
819    2.713
820    -0.799
821    -0.612
822    -1.6459999
823    -1.0009999
824    4.051
825    1.644
826    1.947
827    0.90000004
828    1.488
829    1.593
830    2.476
831    1.6
832    0.40100002
833    2.529
834    0.73300004
835    1.7880001
836    1.829
837    1.263
838    1.284
839    0.6
840    -9.896
841    2.315
842    -1.288
843    1.026
844    1.806
845    -9.601
846    1.767
847    2.975
848    6.437
849    1.379
850    -3.3
851    -0.8779999
852    3.503
853    3.386
854    2.801
855    1.182
856    -1.387
857    2.394
858    0.72300005
859    8.401
860    0.592
861    0.46400002
862    1.533
863    0.78400004
864    3.398
865    7.793
866    0.95100003
867    0.36900002
868    -3.44
869    1.408
870    2.497
871    2.772
872    5.706
873    6.63
874    2.849
875    0.83400005
876    -0.62899995
877    1.6110001
878    2.7150002
879    1.29
880    5.729
881    0.541
882    -11.037
883    -1.6339998
884    1.014
885    2.9650002
886    -5.308
887    1.293
888    3.508
889    3.127
890    -2.256
891    3.454
892    -0.52699995
893    1.658
894    0.81000006
895    2.319
896    1.239
897    1.445
898    2.06
899    0.35200012
900    -1.5009999
901    1.56
902    1.146
903    3.686
904    1.5940001
905    7.491
906    0.22300005
907    -2.853
908    4.2860003
909    -3.829
910    3.048
911    1.3410001
912    0.41200003
913    5.837
914    1.886
915    0.71900004
916    3.0970001
917    -1.148
918    0.018000007
919    1.348
920    -1.1589999
921    0.407
922    2.415
923    -0.7149999
924    4.7130003
925    1.9860001
926    2.31
927    2.214
928    -5.035
929    -3.658
930    3.56
931    3.6620002
932    1.669
933    1.3610001
934    0.294
935    3.8390002
936    -0.844
937    -2.762
938    2.172
939    1.113
940    0.42000002
941    0.356
942    2.105
943    1.1780001
944    1.533
945    1.701
946    1.8510001
947    1.3870001
948    -7.35
949    2.654
950    4.679
951    6.389
952    1.496
953    -1.471
954    1.292
955    -3.322
956    3.6230001
957    1.82
958    -1.425
959    -0.40499997
960    -0.28999996
961    0.601
962    0.06500006
963    -4.585
964    0.518
965    3.404
966    -1.484
967    9.374
968    3.255
969    1.189
970    1.7420001
971    -1.49
972    2.363
973    2.0
974    1.472
975    1.339
976    1.5320001
977    1.3000002
978    1.8210001
979    1.886
980    -1.2279999
981    1.421
982    -0.27999997
983    2.311
984    -1.137
985    1.9430001
986    1.4210001
987    2.16
988    -0.42799997
989    1.409
990    1.646
991    1.2820001
992    0.648
993    3.3600001
994    -0.30699998
995    5.7790003
996    2.052
997    6.598
998    0.2140001
999    1.419
1000    1.906
1001    2.0
1002    -2.277
1003    0.827
1004    2.379
1005    -3.286
1006    4.218
1007    -2.9789999
1008    2.467
1009    1.255
1010    -1.3629999
1011    7.389
1012    2.516
1013    2.024
1014    4.198
1015    1.388
1016    3.384
1017    -8.533
1018    1.445
1019    -39.654
1020    4.645
1021    7.318
1022    0.44500002
1023    0.08100009
1024    2.289
1025    -0.26099998
1026    2.549
1027    -5.3599997
1028    12.973
1029    2.4390001
1030    -0.501
1031    2.762
1032    0.397
1033    2.2220001
1034    3.08
1035    1.803
1036    -0.46599996
1037    -2.51
1038    1.963
1039    4.4370003
1040    3.93
1041    3.304
1042    3.638
1043    2.731
1044    2.2410002
1045    1.756
1046    4.67
1047    0.565
1048    1.5450001
1049    -0.027999938
1050    3.283
1051    9.421
1052    1.188
1053    3.578
1054    2.471
1055    -1.135
1056    5.571
1057    2.7010002
1058    1.278
1059    -1.137
1060    3.305
1061    1.083
1062    -1.3009999
1063    2.114
1064    3.6950002
1065    -1.377
1066    0.9380001
1067    1.381
1068    1.667
1069    1.7720001
1070    0.044000003
1071    3.693
1072    2.503
1073    12.993
1074    4.1
1075    -3.0819998
1076    0.44300008
1077    1.464
1078    -2.941
1079    2.68
1080    1.576
1081    4.469
1082    -1.104
1083    1.7090001
1084    2.473
1085    2.396
1086    1.671
1087    1.8540001
1088    2.719
1089    1.5139999
1090    0.54400015
1091    1.0
1092    4.078
1093    0.66400003
1094    5.179
1095    2.359
1096    0.164
1097    10.462
1098    6.544
1099    0.38900003
1100    3.6690001
1101    1.503
1102    0.31300002
1103    2.2870002
1104    1.791
1105    1.461
1106    5.855
1107    2.471
1108    1.404
1109    4.705
1110    1.2620001
1111    3.1680002
1112    6.576
1113    2.194
1114    -4.016
1115    3.545
1116    1.656
1117    2.628
1118    -0.717
1119    3.512
1120    2.876
1121    2.581
1122    -0.15899998
1123    -1.806
1124    4.5340004
1125    1.5
1126    1.276
1127    1.547
1128    1.488
1129    1.51
1130    2.342
1131    2.77
1132    1.7780001
1133    -0.12899995
1134    0.178
1135    0.656
1136    0.27900004
1137    5.223
1138    0.63600004
1139    -1.003
1140    3.71
1141    3.538
1142    1.156
1143    5.389
1144    0.6090002
1145    2.463
1146    1.199
1147    3.22
1148    1.245
1149    5.4230003
1150    3.338
1151    1.835
1152    2.539
1153    7.804
1154    -12.709
1155    3.084
1156    -5.3479996
1157    1.297
1158    1.74
1159    7.058
1160    2.558
1161    1.915
1162    -2.519
1163    1.366
1164    0.721
1165    4.488
1166    3.479
1167    5.387
1168    1.8790001
1169    3.691
1170    0.882
1171    2.601
1172    2.243
1173    1.137
1174    0.845
1175    4.035
1176    2.0
1177    0.69200003
1178    3.242
1179    -0.728
1180    0.16700006
1181    3.571
1182    7.939
1183    1.6990001
1184    1.325
1185    -2.933
1186    0.015000105
1187    1.484
1188    9.18
1189    1.8410001
1190    1.541
1191    -0.14099997
1192    2.946
1193    -12.768
1194    0.485
1195    -1.078
1196    4.3450003
1197    2.5310001
1198    3.148
1199    -0.12699997
1200    0.11100006
1201    2.266
1202    1.365
1203    5.321
1204    3.725
1205    -0.46599996
1206    0.40600002
1207    3.308
1208    0.57500005
1209    -2.821
1210    0.049000002
1211    1.761
1212    -2.008
1213    -2.762
1214    -2.093
1215    3.15
1216    1.4100001
1217    1.713
1218    6.138
1219    5.159
1220    3.114
1221    1.388
1222    3.187
1223    1.009
1224    2.7150002
1225    3.6620002
1226    1.4820001
1227    3.632
1228    2.736
1229    0.23400009
1230    2.081
1231    -3.591
1232    -1.943
1233    1.507
1234    2.7220001
1235    -0.17199993
1236    5.409
1237    6.915
1238    -0.25499994
1239    42.083
1240    2.1090002
1241    -0.20399994
1242    -1.9629999
1243    3.583
1244    0.6600001
1245    1.404
1246    1.932
1247    -2.873
1248    1.017
1249    -4.59
1250    3.6230001
1251    -1.187
1252    3.3030002
1253    6.203
1254    -5.204
1255    3.69
1256    3.717
1257    2.5830002
1258    -0.265
1259    1.566
1260    2.3140001
1261    2.359
1262    1.371
1263    1.4660001
1264    0.734
1265    -3.204
1266    1.954
1267    2.607
1268    2.026
1269    1.4330001
1270    2.361
1271    0.772
1272    -0.8629999
1273    1.908
1274    2.337
1275    1.845
1276    3.323
1277    7.23
1278    -1.299
1279    3.125
1280    1.781
1281    3.801
1282    0.632
1283    2.1810002
1284    5.294
1285    0.5740001
1286    2.579
1287    1.885
1288    -2.248
1289    0.95600003
1290    -3.1
1291    3.4510002
1292    -0.7939999
1293    -2.5319998
1294    -0.072999954
1295    2.848
1296    3.864
1297    3.502
1298    3.331
1299    0.615
1300    14.767
1301    7.399
1302    2.611
1303    -0.714
1304    1.4330001
1305    0.58900005
1306    -3.197
1307    1.572
1308    -14.636999
1309    2.41
1310    0.57500005
1311    -0.18499994
1312    1.7190001
1313    8.355
1314    -1.92
1315    1.8410001
1316    0.76100004
1317    -3.1069999
1318    0.601
1319    -0.23699999
1320    -0.15199995
1321    -3.067
1322    2.4740002
1323    4.3450003
1324    -3.261
1325    0.69600004
1326    1.029
1327    7.817
1328    3.435
1329    2.933
1330    1.658
1331    0.75600004
1332    2.6160002
1333    6.462
1334    -7.21
1335    1.5220001
1336    -0.389
1337    -3.223
1338    1.037
1339    0.45400003
1340    3.374
1341    -2.074
1342    0.79800004
1343    1.766
1344    3.429
1345    2.99
1346    11.328
1347    4.076
1348    0.731
1349    1.541
1350    1.385
1351    2.238
1352    1.032
1353    1.4330001
1354    10.176
1355    2.8330002
1356    -0.9879999
1357    2.0180001
1358    0.17
1359    -0.43199998
1360    -1.481
1361    -0.824
1362    0.485
1363    -4.328
1364    2.578
1365    -2.468
1366    1.9720001
1367    -3.38
1368    6.68
1369    0.65800005
1370    -5.744
1371    0.46800005
1372    8.399
1373    1.392
1374    0.70900005
1375    5.543
1376    4.858
1377    1.01
1378    -1.3069999
1379    9.226
1380    0.54300004
1381    2.276
1382    2.269
1383    -2.256
1384    3.0340002
1385    1.8740001
1386    3.02
1387    2.3930001
1388    1.257
1389    -3.162
1390    -1.595
1391    0.367
1392    -6.242
1393    1.317
1394    1.6400001
1395    0.44000003
1396    -1.1359999
1397    0.89500004
1398    2.981
1399    3.726
1400    5.026
1401    -3.181
1402    2.749
1403    -1.3729999
1404    -3.3009999
1405    -2.2519999
1406    3.569
1407    2.763
1408    -3.126
1409    -3.185
1410    1.482
1411    -3.3309999
1412    -0.42099994
1413    0.50600004
1414    2.583
1415    4.293
1416    3.582
1417    5.885
1418    -5.308
1419    3.767
1420    2.785
1421    26.817001
1422    5.748
1423    0.629
1424    3.764
1425    -3.27
1426    0.156
1427    -1.1159999
1428    0.508
1429    1.03
1430    4.282
1431    1.315
1432    1.52
1433    0.47400004
1434    4.3980002
1435    2.54
1436    3.593
1437    6.452
1438    1.692
1439    -11.858
1440    5.705
1441    2.1069999
1442    3.446
1443    0.44500002
1444    0.40800002
1445    2.0960002
1446    -2.69
1447    7.422
1448    0.48400003
1449    0.50200003
1450    0.448
1451    1.381
1452    -0.15499997
1453    -3.249
1454    -2.283
1455    1.19
1456    0.82800007
1457    0.53800005
1458    2.633
1459    0.66800004
1460    0.51100004
1461    1.483
1462    4.1710005
1463    6.635
1464    -5.706
1465    1.29
1466    1.5550001
1467    6.491
1468    3.8930001
1469    2.444
1470    2.475
1471    27.483
1472    0.84000003
1473    1.7030001
1474    1.596
1475    7.44
1476    1.402
1477    -0.78499997
1478    2.333
1479    1.471
1480    -0.773
1481    1.35
1482    0.38500002
1483    2.696
1484    3.183
1485    2.042
1486    8.589
1487    2.1090002
1488    2.402
1489    -7.578
1490    2.562
1491    1.306
1492    -1.8419999
1493    -0.054999948
1494    1.434
1495    0.85300004
1496    1.362
1497    1.671
1498    2.291
1499    1.1730001
1500    3.258
1501    1.4070001
1502    6.395
1503    1.415
1504    -1.8069999
1505    3.056
1506    0.89900005
1507    1.376
1508    2.55
1509    3.9490001
1510    2.705
1511    1.503
1512    5.758
1513    3.0700002
1514    -0.9369999
1515    1.3610001
1516    0.35500002
1517    3.443
1518    3.438
1519    1.668
1520    3.5
1521    2.071
1522    5.27
1523    2.487
1524    2.0240002
1525    1.682
1526    2.46
1527    -18.701
1528    2.049
1529    2.333
1530    3.983
1531    1.7490001
1532    1.44
1533    -0.875
1534    -2.643
1535    1.3180001
1536    2.336
1537    15.656
1538    2.362
1539    1.39
1540    1.335
1541    1.825
1542    1.9300001
1543    1.362
1544    1.32
1545    1.8100001
1546    0.628
1547    1.333
1548    1.103
1549    1.32
1550    -0.22099996
1551    -3.908
1552    1.633
1553    0.15100002
1554    -1.5649999
1555    1.819
1556    2.133
1557    3.694
1558    6.349
1559    1.708
1560    3.443
1561    1.01
1562    0.68200004
1563    5.08
1564    2.567
1565    4.419
1566    4.258
1567    1.616
1568    -4.583
1569    3.3300002
1570    -0.653
1571    -6.689
1572    -0.681
1573    0.03000009
1574    3.9980001
1575    1.4810001
1576    -0.09399998
1577    1.597
1578    2.095
1579    0.92700005
1580    -10.536
1581    3.045
1582    2.588
1583    0.59400004
1584    2.481
1585    4.206
1586    -3.448
1587    0.55
1588    0.407
1589    -0.39999998
1590    1.191
1591    2.0960002
1592    6.646
1593    2.359
1594    3.738
1595    2.144
1596    3.608
1597    6.406
1598    2.269
1599    2.2
1600    -1.847
1601    1.212
1602    1.497
1603    2.642
1604    2.634
1605    -0.22299999
1606    3.587
1607    1.7
1608    5.22
1609    4.001
1610    8.164
1611    3.714
1612    1.8930001
1613    1.632
1614    -1.561
1615    -0.28399998
1616    3.305
1617    0.080000006
1618    -4.515
1619    3.0
1620    0.56100005
1621    2.027
1622    0.37100005
1623    3.875
1624    -0.29599994
1625    -0.24999994
1626    1.701
1627    1.105
1628    0.851
1629    0.628
1630    -2.38
1631    1.621
1632    -1.183
1633    1.883
1634    2.812
1635    2.8240001
1636    0.55200005
1637    -0.38
1638    7.46
1639    1.559
1640    -33.816
1641    -0.50899994
1642    1.183
1643    -0.05099964
1644    6.314
1645    2.157
1646    -20.357
1647    3.41
1648    1.204
1649    0.66200006
1650    -1.5439999
1651    0.192
1652    1.459
1653    3.4980001
1654    5.942
1655    -1.3379999
1656    1.422
1657    8.918
1658    0.14100003
1659    1.208
1660    1.4860001
1661    3.783
1662    3.933
1663    1.257
1664    2.444
1665    4.972
1666    3.011
1667    -7.675
1668    1.339
1669    1.102
1670    -0.577
1671    -7.164
1672    -1.657
1673    2.2670002
1674    9.529
1675    2.515
1676    2.78
1677    2.527
1678    -2.067
1679    -2.388
1680    1.852
1681    -0.31799996
1682    0.342
1683    4.473
1684    5.483
1685    1.463
1686    -1.4799999
1687    13.205
1688    1.227
1689    0.384
1690    1.751
1691    1.346
1692    1.974
1693    -2.394
1694    -3.54
1695    4.243
1696    5.011
1697    5.462
1698    5.734
1699    -12.423
1700    -1.188
1701    3.98
1702    6.2860003
1703    0.56
1704    0.679
1705    1.928
1706    4.355
1707    2.46
1708    -0.37699997
1709    -2.488
1710    5.347
1711    0.07
1712    3.944
1713    3.013
1714    2.5040002
1715    0.52900004
1716    10.617001
1717    2.23
1718    4.535
1719    1.059
1720    3.686
1721    4.434
1722    6.021
1723    6.339
1724    0.666
1725    0.42700002
1726    1.563
1727    7.748
1728    5.532
1729    1.654
1730    -6.423
1731    -1.435
1732    8.576
1733    -1.4849999
1734    2.098
1735    2.823
1736    0.606
1737    6.5360003
1738    -0.463
1739    0.666
1740    -2.3509998
1741    2.416
1742    -5.83
1743    -2.333
1744    10.914
1745    3.9060001
1746    3.17
1747    7.624
1748    -5.826
1749    9.732
1750    0.656
1751    3.512
1752    -0.672
1753    1.652
1754    3.262
1755    1.051
1756    2.929
1757    3.54
1758    1.506
1759    1.667
1760    3.287
1761    5.656
1762    7.433
1763    7.969
1764    1.478
1765    1.235
1766    2.407
1767    1.471
1768    0.73200005
1769    3.626
1770    2.799
1771    3.572
1772    3.654
1773    1.895
1774    2.224
1775    0.65500003
1776    1.928
1777    4.185
1778    4.8710003
1779    0.666
1780    10.721
1781    10.606001
1782    -0.89
1783    -0.12699997
1784    2.504
1785    1.564
1786    3.244
1787    3.285
1788    5.606
1789    3.2470002
1790    -0.6409999
1791    3.742
1792    0.004999995
1793    0.41900003
1794    2.581
1795    -3.771
1796    5.758
1797    -1.6279999
1798    0.896
1799    2.6820002
1800    -0.93499994
1801    2.724
1802    3.118
1803    7.599
1804    0.65400004
1805    0.535
1806    7.66
1807    -1.4289999
1808    9.139
1809    5.548
1810    5.0360003
1811    4.757
1812    7.943
1813    0.48700002
1814    2.364
1815    1.4580001
1816    4.598
1817    3.6360002
1818    4.7400002
1819    10.681
1820    8.202
1821    3.887
1822    4.387
1823    -3.631
1824    3.941
1825    7.799
1826    -0.38099998
1827    4.7130003
1828    7.234
1829    1.984
1830    1.087
1831    0.35500002
1832    2.33
1833    -0.33199996
1834    -1.259
1835    -1.007
1836    2.729
1837    10.236
1838    -1.161
1839    3.552
1840    3.088
1841    -0.87099993
1842    2.423
1843    2.392
1844    -1.8369999
1845    -1.7809999
1846    2.445
1847    3.877
1848    2.797
1849    -2.143
1850    1.521
1851    2.188
1852    1.799
1853    0.40800002
1854    11.002
1855    0.3160001
1856    3.061
1857    2.163
1858    0.094000004
1859    3.53
1860    4.525
1861    -0.34899998
1862    0.41000003
1863    2.852
1864    -8.742
1865    -3.5509999
1866    3.0110002
1867    0.51900005
1868    4.966
1869    1.373
1870    0.57900006
1871    -0.46599996
1872    5.597
1873    2.402
1874    10.16
1875    -0.702
1876    1.4580001
1877    1.965
1878    -0.53499997
1879    2.923
1880    1.352
1881    2.2220001
1882    4.6210003
1883    1.3610001
1884    1.8330001
1885    3.153
1886    -6.2489996
1887    0.508
1888    2.646
1889    1.375
1890    2.562
1891    1.7290001
1892    1.858
1893    1.7880001
1894    -0.269
1895    1.596
1896    2.5
1897    1.386
1898    1.651
1899    1.8790001
1900    -8.298
1901    -12.09
1902    0.36
1903    0.3440001
1904    2.9390001
1905    -2.8779998
1906    0.441
1907    3.0670002
1908    -3.743
1909    2.803
1910    8.489
1911    6.933
1912    2.733
1913    2.7350001
1914    -5.458
1915    0.469
1916    0.50100005
1917    1.233
1918    1.809
1919    2.113
1920    1.492
1921    1.505
1922    0.633
1923    0.33800003
1924    3.8330002
1925    -0.774
1926    -0.38599998
1927    6.317
1928    1.2880001
1929    -0.19899994
1930    7.616
1931    -2.329
1932    -2.722
1933    0.763
1934    1.667
1935    -0.627
1936    1.368
1937    4.3050003
1938    0.5730001
1939    0.892
1940    5.3310003
1941    0.79200006
1942    -1.148
1943    4.255
1944    -0.302
1945    2.69
1946    3.665
1947    -1.262
1948    1.008
1949    0.14700007
1950    0.117000006
1951    3.9420002
1952    3.505
1953    2.515
1954    1.865
1955    6.615
1956    3.241
1957    11.569
1958    -4.545
1959    -6.403
1960    2.177
1961    3.759
1962    1.899
1963    3.062
1964    0.23200011
1965    10.436
1966    1.928
1967    7.177
1968    1.371
1969    9.125
1970    1.883
1971    5.708
1972    -1.461
1973    1.3820001
1974    2.619
1975    -11.966
1976    -2.837
1977    0.98700005
1978    0.040000003
1979    2.1360002
1980    14.173
1981    0.77400005
1982    1.2390001
1983    1.01
1984    0.2830001
1985    -3.151
1986    3.818
1987    4.405
1988    14.376
1989    -3.0549998
1990    5.2900004
1991    -3.7029998
1992    2.138
1993    2.499
1994    1.028
1995    1.4
1996    2.364
1997    6.371
1998    -0.24299997
1999    1.0350001
2000    2.118
2001    -2.499
2002    -0.788
2003    2.565
2004    -0.9549999
2005    -0.23799998
2006    0.54
2007    4.0030003
2008    5.165
2009    -9.796
2010    2.907
2011    4.934
2012    4.559
2013    1.7880001
2014    3.688
2015    3.132
2016    8.029
2017    2.105
2018    2.435
2019    3.348
2020    -0.22699994
2021    -2.749
2022    -4.428
2023    2.1
2024    0.96900004
2025    1.691
2026    5.365
2027    1.488
2028    1.8330001
2029    4.091
2030    1.431
2031    3.834
2032    2.875
2033    -4.565
2034    6.007
2035    1.0610001
2036    -5.282
2037    3.913
2038    -2.511
2039    -1.367
2040    3.0960002
2041    0.397
2042    4.4820004
2043    -0.60099995
2044    3.013
2045    2.751
2046    -1.492
2047    0.4
2048    -3.166
2049    2.481
2050    3.111
2051    0.53300005
2052    -1.3169999
2053    -0.29999995
2054    -3.7589998
2055    4.428
2056    1.024
2057    2.52
2058    3.9640002
2059    22.95
2060    0.48600003
2061    4.0220003
2062    0.629
2063    3.274
2064    0.99200004
2065    0.619
2066    6.483
2067    2.538
2068    0.734
2069    2.265
2070    0.70000005
2071    -4.368
2072    4.2130003
2073    1.327
2074    0.869
2075    3.858
2076    3.084
2077    0.587
2078    2.7
2079    -4.802
2080    -3.499
2081    0.476
2082    3.979
2083    0.63500005
2084    2.509
2085    1.889
2086    -1.4059999
2087    -5.138
2088    2.35
2089    -0.16199994
2090    7.233
2091    1.3050001
2092    1.2360001
2093    -2.48
2094    2.305
2095    -7.009
2096    -1.0239999
2097    -0.435
2098    2.2810001
2099    -0.339
2100    0.541
2101    7.585
2102    3.194
2103    -11.875999
2104    -1.3929999
2105    -1.15
2106    6.577
2107    0.043
2108    1.832
2109    -10.09
2110    -2.383
2111    2.4980001
2112    -0.562
2113    1.149
2114    -2.801
2115    2.56
2116    2.43
2117    2.651
2118    1.33
2119    1.3050001
2120    -2.209
2121    2.492
2122    1.575
2123    2.351
2124    4.5880003
2125    1.595
2126    2.8730001
2127    3.421
2128    -0.34499997
2129    2.611
2130    -0.15999997
2131    1.6630001
2132    1.07
2133    2.334
2134    0.92600006
2135    3.845
2136    -1.585
2137    0.6170001
2138    1.633
2139    -5.3809996
2140    -1.7889999
2141    2.177
2142    -1.066
2143    1.0400001
2144    0.19000001
2145    6.433
2146    3.0960002
2147    2.0760002
2148    3.541
2149    0.85300004
2150    -1.1229999
2151    7.213
2152    -1.93
2153    -1.594
2154    4.4210005
2155    -2.4559999
2156    3.804
2157    1.863
2158    6.9040003
2159    2.825
2160    1.0830001
2161    2.549
2162    7.454
2163    0.57100004
2164    4.425
2165    -0.921
2166    -3.367
2167    3.288
2168    0.509
2169    1.1830001
2170    0.98200005
2171    -4.777
2172    3.213
2173    0.83400005
2174    0.86300004
2175    1.471
2176    2.0860002
2177    -4.835
2178    2.821
2179    7.599
2180    4.5740004
2181    -4.006
2182    9.201
2183    0.84000003
2184    2.095
2185    4.072
2186    -1.096
2187    3.957
2188    3.607
2189    3.595
2190    3.355
2191    -0.18099993
2192    0.104
2193    1.252
2194    2.957
2195    1.158
2196    7.609
2197    1.991
2198    1.1620002
2199    4.612
2200    -0.53999996
2201    7.171
2202    -0.93999994
2203    25.476
2204    0.51600003
2205    1.975
2206    1.6850001
2207    2.4450002
2208    6.052
2209    0.70400006
2210    0.87500006
2211    1.028
2212    3.2210002
2213    -0.422
2214    1.018
2215    3.4980001
2216    3.559
2217    1.5450001
2218    -0.06799996
2219    3.6820002
2220    1.208
2221    1.977
2222    -0.58299994
2223    1.117
2224    11.17
2225    -3.155
2226    7.669
2227    1.72
2228    3.029
2229    1.588
2230    3.594
2231    4.784
2232    -3.335
2233    1.649
2234    2.0970001
2235    1.439
2236    0.629
2237    -3.547
2238    0.193
2239    1.046
2240    24.645
2241    2.0770001
2242    0.082
2243    2.46
2244    1.552
2245    3.2020001
2246    0.53300023
2247    -0.738
2248    0.29200003
2249    1.032
2250    0.508
2251    0.95800006
2252    1.554
2253    2.238
2254    2.029
2255    -2.345
2256    2.088
2257    3.634
2258    -19.004
2259    2.414
2260    2.462
2261    2.023
2262    1.144
2263    -11.781
2264    3.284
2265    2.115
2266    -2.745
2267    1.724
2268    1.8740001
2269    2.3590002
2270    -19.421
2271    -7.785
2272    -11.515
2273    -9.6189995
2274    0.23600002
2275    -20.379
2276    1.632
2277    0.86200005
2278    -15.223
2279    5.914
2280    -5.9189997
2281    1.074
2282    6.856
2283    4.9090004
2284    1.869
2285    1.4330001
2286    3.277
2287    2.278
2288    11.702
2289    1.835
2290    1.2
2291    2.914
2292    0.59300005
2293    -1.752
2294    9.422
2295    3.1290002
2296    -0.36499995
2297    -4.211
2298    -86.405
2299    3.742
2300    0.63900006
2301    -1.5309999
2302    27.88
2303    1.0960001
2304    3.093
2305    0.26700002
2306    2.2080002
2307    1.09
2308    1.414
2309    0.57100004
2310    3.397
2311    3.765
2312    9.323
2313    4.2860003
2314    1.855
2315    1.141
2316    1.737
2317    4.385
2318    -0.613
2319    3.94
2320    -21.425999
2321    -4.675
2322    -1.004
2323    2.2870002
2324    2.0500002
2325    2.275
2326    1.881
2327    3.6430001
2328    2.436
2329    2.138
2330    1.6930001
2331    7.1280003
2332    2.165
2333    2.944
2334    6.712
2335    1.737
2336    1.626
2337    3.3980002
2338    4.143
2339    2.9710002
2340    3.55
2341    3.68
2342    0.18300009
2343    1.314
2344    -0.352
2345    -4.975
2346    1.8540001
2347    -0.18799996
2348    5.435
2349    1.761
2350    2.4
2351    -0.76
2352    -4.275
2353    3.7
2354    3.26
2355    1.32
2356    1.853
2357    3.242
2358    4.135
2359    2.5040002
2360    3.056
2361    1.776
2362    4.521
2363    1.474
2364    0.6810001
2365    -2.763
2366    1.056
2367    0.67700005
2368    1.779
2369    4.762
2370    4.9300003
2371    4.22
2372    2.025
2373    1.987
2374    0.897
2375    3.726
2376    4.876
2377    0.13400006
2378    0.441
2379    0.62200004
2380    0.87900007
2381    2.5440001
2382    6.188
2383    9.829
2384    4.004
2385    1.8180001
2386    1.327
2387    3.348
2388    6.6400003
2389    -0.40899998
2390    2.442
2391    -2.8079998
2392    5.031
2393    0.06700003
2394    2.5830002
2395    1.8080001
2396    -2.2519999
2397    1.551
2398    6.421
2399    1.872
2400    5.242
2401    19.55
2402    2.611
2403    0.78800005
2404    -2.097
2405    2.731
2406    -7.364
2407    3.1560001
2408    2.413
2409    0.3
2410    -0.17999995
2411    2.5240002
2412    2.567
2413    4.988
2414    5.807
2415    1.665
2416    0.70100003
2417    1.283
2418    -0.29899997
2419    2.0040002
2420    -0.054999948
2421    1.82
2422    1.8650001
2423    6.172
2424    0.90700006
2425    3.395
2426    1.623
2427    2.58
2428    1.018
2429    -3.196
2430    1.389
2431    2.911
2432    2.448
2433    6.507
2434    3.513
2435    1.391
2436    1.332
2437    3.276
2438    2.203
2439    7.691
2440    0.84700006
2441    1.6600001
2442    -0.5
2443    0.994
2444    90.63
2445    4.66
2446    -3.345
2447    0.51000005
2448    -1.424
2449    1.929
2450    6.879
2451    1.227
2452    5.809
2453    -1.2609999
2454    5.762
2455    1.059
2456    1.085
2457    10.446
2458    1.6850001
2459    69.759
2460    0.61200005
2461    0.47000003
2462    2.6490002
2463    1.266
2464    3.619
2465    2.27
2466    2.534
2467    1.737
2468    3.46
2469    -1.387
2470    0.81600004
2471    2.509
2472    1.519
2473    5.085
2474    1.72
2475    1.997
2476    3.357
2477    -10.292
2478    2.255
2479    -0.65199995
2480    4.672
2481    0.18900001
2482    5.247
2483    -0.37299997
2484    -2.248
2485    2.784
2486    5.3690004
2487    2.186
2488    2.048
2489    2.8330002
2490    1.7620001
2491    -1.6129999
2492    2.539
2493    0.7400001
2494    3.608
2495    -0.099999964
2496    1.942
2497    15.04
2498    4.054
2499    -1.4619999
2500    25.492
2501    0.20700026
2502    1.7880001
2503    2.288
2504    2.615
2505    5.266
2506    5.972
2507    4.78
2508    2.692
2509    -1.071
2510    1.7780001
2511    1.283
2512    3.192
2513    2.199
2514    0.59800005
2515    2.01
2516    1.641
2517    4.0810003
2518    2.437
2519    2.001
2520    1.0740001
2521    -1.56
2522    0.09500003
2523    1.419
2524    11.318
2525    -7.4639997
2526    2.4450002
2527    -1.173
2528    2.4840002
2529    -3.0609999
2530    2.0640001
2531    3.334
2532    2.637
2533    -1.26
2534    2.875
2535    5.389
2536    3.032
2537    1.33
2538    -2.599
2539    1.432
2540    1.906
2541    -111.331
2542    4.084
2543    1.8310001
2544    1.675
2545    3.766
2546    3.5240002
2547    6.054
2548    -20.525
2549    1.6910001
2550    2.422
2551    3.905
2552    5.973
2553    3.8520002
2554    5.191
2555    3.92
2556    2.535
2557    2.426
2558    2.476
2559    2.7610002
2560    1.756
2561    -2.354
2562    1.347
2563    4.732
2564    2.591
2565    1.373
2566    0.869
2567    14.706
2568    5.787
2569    3.7540002
2570    2.295
2571    6.813
2572    99.939
2573    5.413
2574    1.478
2575    4.337
2576    3.9980001
2577    0.42800003
2578    2.7410002
2579    5.369
2580    1.181
2581    11.117001
2582    3.38
2583    3.4150002
2584    5.273
2585    0.651
2586    1.7720001
2587    5.732
2588    4.1210003
2589    0.43200004
2590    6.204
2591    16.606
2592    71.732
2593    4.85
2594    4.395
2595    3.2540002
2596    3.088
2597    5.8960004
2598    2.23
2599    2.001
2600    4.163
2601    0.036000013
2602    3.24
2603    -2.53
2604    3.3490002
2605    3.762
2606    -5.256
2607    2.663
2608    4.968
2609    2.6230001
2610    1.564
2611    2.499
2612    -1.456
2613    1.793
2614    2.921
2615    2.611
2616    3.4490001
2617    4.6870003
2618    1.3080001
2619    -2.138
2620    2.3060002
2621    4.372
2622    2.617
2623    2.217
2624    20.774
2625    2.9780002
2626    1.491
2627    1.9200001
2628    5.8220005
2629    1.5150001
2630    1.977
2631    1.602
2632    -3.708
2633    0.52900004
2634    1.383
2635    2.187
2636    -3.6269999
2637    2.087
2638    0.634
2639    5.927
2640    1.643
2641    -4.791
2642    1.96
2643    1.7260001
2644    1.13
2645    1.746
2646    2.538
2647    0.485
2648    -0.9569999
2649    1.843
2650    1.565
2651    3.334
2652    3.391
2653    0.34100002
2654    -1.06
2655    2.9060001
2656    2.429
2657    2.4190001
2658    3.854
2659    0.46800002
2660    1.731
2661    0.42600003
2662    1.8280001
2663    3.112
2664    1.8180001
2665    -0.732
2666    1.8570001
2667    0.80700004
2668    1.46
2669    101.001
2670    1.12
2671    2.464
2672    -0.46899998
2673    2.093
2674    26.022
2675    3.8420002
2676    2.921
2677    3.358
2678    3.1320002
2679    2.467
2680    3.4420002
2681    2.337
2682    2.071
2683    2.8590002
2684    -0.05099994
2685    3.599
2686    1.448
2687    0.337
2688    -0.798
2689    -2.62
2690    3.3100002
2691    3.135
2692    3.0440001
2693    2.108
2694    0.15900004
2695    3.622
2696    5.354
2697    1.017
2698    -1.8349999
2699    1.613
2700    2.619
2701    1.7390001
2702    0.697
2703    -0.717
2704    -0.667
2705    -1.4779999
2706    5.559
2707    5.756
2708    4.084
2709    4.857
2710    -0.80799997
2711    0.38300002
2712    12.165
2713    2.927
2714    0.455
2715    -2.807
2716    3.598
2717    2.808
2718    6.585
2719    1.122
2720    1.349
2721    4.131
2722    1.5020001
2723    1.133
2724    2.322
2725    2.642
2726    -3.424
2727    -1.1399999
2728    1.689
2729    -1.592
2730    5.4800005
2731    2.479
2732    8.2
2733    2.196
2734    2.75
2735    3.375
2736    1.4
2737    0.13700001
2738    3.085
2739    1.717
2740    2.634
2741    -0.13499993
2742    1.527
2743    1.6470001
2744    0.54
2745    1.4120001
2746    1.256
2747    -2.85
2748    4.271
2749    4.928
2750    0.615
2751    3.278
2752    -0.22399998
2753    1.316
2754    3.06
2755    1.508
2756    1.7910001
2757    -2.67
2758    0.224
2759    32.26
2760    19.928
2761    25.297
2762    4.11
2763    -0.518
2764    0.61700004
2765    -2.195
2766    -1.787
2767    2.575
2768    5.309
2769    0.63500005
2770    3.943
2771    2.438
2772    10.652
2773    4.288
2774    2.082
2775    1.413
2776    1.475
2777    2.64
2778    -4.059
2779    0.178
2780    -4.072
2781    1.98
2782    3.302
2783    1.725
2784    1.317
2785    4.822
2786    8.403
2787    1.172
2788    -11.441999
2789    15.619
2790    0.07300001
2791    0.27800003
2792    2.355
2793    3.229
2794    8.265
2795    2.298
2796    0.80300003
2797    0.69900006
2798    0.50100005
2799    3.251
2800    0.09200001
2801    1.549
2802    3.46
2803    1.35
2804    2.211
2805    -1.364
2806    1.1220002
2807    1.695
2808    -1.974
2809    -1.2179999
2810    6.54
2811    5.131
2812    4.383
2813    15.709
2814    3.263
2815    0.19900002
2816    4.427
2817    34.297
2818    6.868
2819    0.30100003
2820    18.559
2821    42.554
2822    -33.545
2823    3.72
2824    1.7490001
2825    96.144
2826    4.672
2827    1.6370001
2828    1.207
2829    3.0500002
2830    2.391
2831    0.44300002
2832    0.102000006
2833    0.50200003
2834    0.374
2835    2.146
2836    4.923
2837    0.08800001
2838    6.258
2839    3.2970002
2840    25.558
2841    1.235
2842    2.515
2843    2.503
2844    11.487
2845    2.975
2846    13.836
2847    3.763
2848    -1.358
2849    7.589
2850    60.294
2851    2.304
2852    1.191
2853    1.3340001
2854    0.057000004
2855    17.038
2856    2.976
2857    -7.976
2858    -3.047
2859    2.133
2860    0.45900002
2861    3.119
2862    3.506
2863    0.522
2864    48.929
2865    39.51
2866    -2.9789999
2867    -2.297
2868    2.0920002
2869    2.908
2870    4.205
2871    2.2990003
2872    -7.955
2873    -10.919
2874    0.358
2875    4.412
2876    -0.085999966
2877    1.365
2878    -1.724
2879    12.237
2880    -0.547
2881    14.711
2882    1.5020001
2883    3.457
2884    2.132
2885    6.57
2886    3.2370002
2887    7.052
2888    0.5680001
2889    4.363
2890    0.40700054
2891    4.245
2892    3.941
2893    1.4100001
2894    1.98
2895    4.282
2896    -0.687
2897    1.543
2898    1.4330001
2899    1.836
2900    -2.4589999
2901    -2.585
2902    -2.426
2903    9.439
2904    0.35500002
2905    0.58300006
2906    22.546
2907    3.3930001
2908    -0.8349999
2909    2.678
2910    8.357
2911    -0.554
2912    1.865
2913    -3.717
2914    12.146
2915    4.293
2916    10.651
2917    -0.43199992
2918    7.929
2919    0.305
2920    6.347
2921    16.797
2922    0.61300004
2923    10.294001
2924    1.669
2925    6.783
2926    61.602
2927    7.5200005
2928    -8.198
2929    5.831
2930    1.2340001
2931    5.434
2932    57.266
2933    -4.614
2934    1.9890001
2935    0.5920001
2936    0.273
2937    2.227
2938    -0.274
2939    1.24
2940    3.726
2941    8.248
2942    4.241
2943    0.06400001
2944    1.8410001
2945    0.9710001
2946    4.921
2947    18.689
2948    -4.329
2949    2.92
2950    0.83300006
2951    0.42700002
2952    -1.5239999
2953    4.065
2954    3.89
2955    1.0760001
2956    1.242
2957    38.004
2958    0.33900002
2959    -1.473
2960    9.27
2961    -0.51
2962    5.145
2963    10.639
2964    0.4560001
2965    17.799
2966    2.39
2967    0.8010001
2968    2.9
2969    3.005
2970    1.2140001
2971    4.969
2972    21.165
2973    0.92100006
2974    7.263
2975    1.8900001
2976    3.736
2977    8.421
2978    1.6850001
2979    4.684
2980    12.267
2981    3.568
2982    4.777
2983    17.835
2984    2.458
2985    1.153
2986    14.678
2987    1.2780001
2988    5.394
2989    19.693
2990    -0.027999878
2991    -0.44699997
2992    5.863
2993    3.64
2994    1.309
2995    10.029
2996    1.666
2997    3.63
2998    1.1850001
2999    2.9710002
3000    -0.28199995
3001    3.411
3002    4.681
3003    3.565
3004    3.1290002
3005    -0.14399993
3006    1.326
3007    -2.309
3008    5.03
3009    4.504
3010    0.846
3011    -0.29599994
3012    12.911
3013    1.708
3014    7.914
3015    9.387
3016    -7.591
3017    1.797
3018    1.631
3019    1.582
3020    3.624
3021    0.9710001
3022    10.091
3023    7.0210004
3024    2.746
3025    3.522
3026    0.6
3027    4.6310005
3028    4.487
3029    -0.38899994
3030    1.379
3031    1.9770001
3032    1.585
3033    1.792
3034    4.085
3035    14.860001
3036    0.19500017
3037    6.108
3038    6.0920005
3039    2.345
3040    2.006
3041    2.658
3042    6.8380003
3043    2.607
3044    -0.5389999
3045    2.311
3046    1.731
3047    3.3130002
3048    16.522
3049    -1.4569999
3050    15.075
3051    9.214
3052    1.28
3053    9.793
3054    2.6490002
3055    3.443
3056    2.8270001
3057    2.111
3058    6.343
3059    1.472
3060    2.888
3061    0.77800006
3062    6.5690002
3063    1.4510001
3064    7.708
3065    7.445
3066    1.5090001
3067    0.13600004
3068    2.152
3069    8.059
3070    13.896
3071    2.381
3072    1.659
3073    4.709
3074    2.77
3075    0.74300003
3076    2.329
3077    0.528
3078    9.269
3079    2.7830002
3080    -0.18399996
3081    10.844
3082    2.211
3083    2.5700002
3084    14.062
3085    -0.19299984
3086    1.605
3087    18.061
3088    2.654
3089    7.938
3090    -3.166
3091    2.848
3092    0.32900003
3093    10.889
3094    3.0740001
3095    1.6850001
3096    1.021
3097    3.2020001
3098    -5.361
3099    3.0610003
3100    3.4610002
3101    2.657
3102    1.077
3103    -2.03
3104    5.0550003
3105    1.3030001
3106    1.8240001
3107    -0.102999985
3108    -0.32899988
3109    7.315
3110    0.38300002
3111    2.356
3112    9.424
3113    1.167
3114    1.432
3115    1.7910001
3116    0.28400004
3117    1.743
3118    12.154
3119    -2.2059999
3120    -7.6899996
3121    1.899
3122    1.0840001
3123    -3.3009999
3124    5.9820004
3125    5.417
3126    2.492
3127    -0.9059999
3128    4.38
3129    6.892
3130    1.3210001
3131    2.8600001
3132    7.919
3133    0.6350002
3134    36.948
3135    2.335
3136    -0.109999955
3137    -0.81999993
3138    2.555
3139    -1.5179999
3140    8.122
3141    0.264
3142    1.337
3143    0.0710001
3144    13.629
3145    3.492
3146    0.79800004
3147    12.353
3148    3.075
3149    0.74700004
3150    1.303
3151    1.602
3152    -5.62
3153    1.69
3154    17.078
3155    -0.582
3156    1.245
3157    19.648
3158    3.108
3159    3.8660002
3160    1.889
3161    -4.803
3162    12.628
3163    -1.9759998
3164    9.719
3165    -0.297
3166    2.8730001
3167    -1.7069999
3168    2.246
3169    7.513
3170    1.7950001
3171    2.7220001
3172    3.6560001
3173    0.77800006
3174    -1.232
3175    1.0090001
3176    1.056
3177    6.126
3178    0.051
3179    2.203
3180    -7.331
3181    1.468
3182    4.9040003
3183    -3.044
3184    8.033
3185    0.83800006
3186    0.62100005
3187    3.9090002
3188    -1.023
3189    2.631
3190    1.415
3191    4.311
3192    3.291
3193    2.2280002
3194    2.507
3195    4.275
3196    -2.714
3197    1.511
3198    -0.849
3199    0.38700002
3200    -0.60899997
3201    -1.9519999
3202    -2.5939999
3203    1.875
3204    1.174
3205    20.336
3206    1.7030001
3207    5.8
3208    6.202
3209    9.723
3210    -1.667
3211    3.285
3212    19.195
3213    2.4
3214    -1.23
3215    3.677
3216    4.0480003
3217    1.866
3218    -0.29299986
3219    7.866
3220    24.71
3221    2.447
3222    2.4320002
3223    4.42
3224    1.957
3225    -0.44099998
3226    0.62100005
3227    1.7490001
3228    0.87500006
3229    3.384
3230    12.636
3231    0.1630001
3232    1.816
3233    0.84800005
3234    1.222
3235    -0.7659999
3236    21.89
3237    2.956
3238    1.7030001
3239    4.9020004
3240    2.5640001
3241    -2.42
3242    2.41
3243    4.3640003
3244    2.371
3245    -0.42799997
3246    0.30100003
3247    1.3970001
3248    1.491
3249    9.761
3250    -2.1799998
3251    13.57
3252    0.59900004
3253    4.702
3254    5.255
3255    7.102
3256    -8.16
3257    1.404
3258    23.458
3259    11.264
3260    -0.4499998
3261    1.45
3262    2.5970001
3263    5.844
3264    8.891001
3265    1.426
3266    31.83
3267    9.25
3268    42.161
3269    -0.895
3270    1.1400001
3271    1.544
3272    11.860001
3273    1.8410001
3274    8.718
3275    5.113
3276    2.5770001
3277    4.205
3278    12.914
3279    9.325
3280    4.507
3281    -0.54499996
3282    10.305
3283    28.686
3284    0.938
3285    1.2820001
3286    6.4370003
3287    7.54
3288    1.302
3289    5.847
3290    3.334
3291    3.4340005
3292    1.707
3293    3.934
3294    6.388
3295    8.423
3296    -2.1399999
3297    13.664
3298    9.376
3299    0.01700008
3300    4.581
3301    13.416
3302    17.342
3303    1.724
3304    5.089
3305    11.712
3306    -0.24599999
3307    1.517
3308    2.75
3309    12.501
3310    19.677
3311    0.68700004
3312    22.903
3313    2.0240002
3314    3.9320002
3315    1.944
3316    -0.539
3317    1.4200001
3318    -0.9339998
3319    3.134
3320    6.5230002
3321    2.908
3322    5.1809998
3323    1.343
3324    17.197
3325    5.226
3326    4.813
3327    6.727
3328    -2.61
3329    -2.0519998
3330    5.596
3331    -4.54
3332    -1.8809999
3333    8.512
3334    14.959
3335    4.457
3336    -0.6609999
3337    0.42400002
3338    2.12
3339    2.381
3340    2.164
3341    2.0920002
3342    2.411
3343    7.5210004
3344    -0.39399993
3345    4.137
3346    -2.62
3347    0.50200003
3348    1.557
3349    6.94
3350    0.795
3351    12.123
3352    8.411
3353    2.4350002
3354    1.4120001
3355    2.9
3356    3.2640002
3357    5.318
3358    1.491
3359    0.70000005
3360    1.774
3361    -1.471
3362    2.1950002
3363    3.211
3364    3.5140002
3365    6.51
3366    6.921
3367    13.229
3368    0.12900007
3369    12.834
3370    2.788
3371    0.45000005
3372    1.623
3373    20.528
3374    1.154
3375    -0.10899997
3376    8.669001
3377    3.6820002
3378    4.772
3379    1.156
3380    0.5100001
3381    17.8
3382    4.453
3383    1.588
3384    2.89
3385    1.447
3386    8.359
3387    -4.9589996
3388    18.508
3389    4.552
3390    -4.595
3391    13.747
3392    21.501
3393    1.8620001
3394    -0.645
3395    -3.909
3396    2.861
3397    7.8650002
3398    9.252
3399    0.73300004
3400    4.984
3401    25.727001
3402    3.9450002
3403    0.58100003
3404    3.6750002
3405    0.675
3406    -0.02399993
3407    0.18800008
3408    2.191
3409    5.2060003
3410    2.2410002
3411    3.674
3412    -7.892
3413    -4.894
3414    19.858
3415    -0.2909999
3416    1.8100001
3417    2.3600001
3418    11.212
3419    0.7240001
3420    1.911
3421    1.7060001
3422    1.2090001
3423    3.3450003
3424    0.6370001
3425    0.651
3426    5.6150002
3427    7.2130003
3428    21.792
3429    0.09500003
3430    0.5070001
3431    6.16
3432    4.373
3433    1.1600001
3434    3.098
3435    2.607
3436    12.227
3437    -2.289
3438    -0.35499996
3439    2.193
3440    11.749001
3441    10.978
3442    0.26900005
3443    8.743
3444    0.096000075
3445    -9.999275E-4
3446    0.48800004
3447    1.8800001
3448    -1.237
3449    -2.645
3450    -2.3849998
3451    0.698
3452    0.994
3453    3.163
3454    7.509
3455    7.787
3456    -9.47
3457    2.2680001
3458    5.8620005
3459    8.454
3460    -2.28
3461    1.961
3462    9.4470005
3463    2.319
3464    2.477
3465    -6.273
3466    -0.19499993
3467    2.345
3468    22.616001
3469    -0.56499994
3470    7.853
3471    1.58
3472    3.3590002
3473    2.4780002
3474    11.413
3475    2.829
3476    7.0730004
3477    2.453
3478    -0.19799995
3479    1.5920001
3480    3.06
3481    3.2320004
3482    3.355
3483    8.755
3484    1.758
3485    1.8540001
3486    -5.527
3487    1.8970001
3488    2.008
3489    2.612
3490    0.46400002
3491    2.245
3492    3.3890002
3493    -2.8
3494    21.921
3495    -2.329
3496    2.509
3497    21.579
3498    -0.5799999
3499    1.702
3500    1.717
3501    -1.8839998
3502    2.132
3503    3.3660002
3504    0.50600004
3505    8.246
3506    1.251
3507    -1.325
3508    5.22
3509    2.7610002
3510    8.249001
3511    -3.463
3512    10.406
3513    0.82900006
3514    0.40500003
3515    6.445
3516    3.453
3517    0.11900008
3518    1.931
3519    1.011
3520    3.9970002
3521    0.9460001
3522    5.491
3523    -1.428
3524    7.4750004
3525    8.459
3526    7.037
3527    5.285
3528    -0.0039999485
3529    3.2200003
3530    3.8760002
3531    2.5850003
3532    -6.575
3533    40.844
3534    1.4710001
3535    0.7450001
3536    3.817
3537    7.209
3538    1.227
3539    2.223
3540    1.815
3541    2.554
3542    1.506
3543    0.6450001
3544    2.769
3545    -1.055
3546    17.41
3547    1.712
3548    -3.1599998
3549    -4.403
3550    3.4710002
3551    8.291
3552    3.711
3553    -0.30999994
3554    3.5640001
3555    -1.9539998
3556    0.08000016
3557    -2.37
3558    1.5450001
3559    7.478
3560    35.423
3561    3.1520002
3562    2.718
3563    3.973
3564    -2.109
3565    0.70200014
3566    -3.404
3567    0.6350001
3568    6.837
3569    4.602
3570    -1.259
3571    1.9890003
3572    0.176
3573    3.697
3574    1.31
3575    2.632
3576    4.544
3577    2.473
3578    5.3900003
3579    -1.627
3580    1.1580001
3581    0.65900004
3582    4.8050003
3583    -0.12999994
3584    3.883
3585    2.497
3586    -3.4889998
3587    3.0400002
3588    0.6120001
3589    4.8450003
3590    9.97
3591    3.53
3592    2.461
3593    0.19500001
3594    0.62600005
3595    -0.371
3596    2.3730001
3597    2.574
3598    4.304
3599    -1.806
3600    3.381
3601    4.58
3602    2.539
3603    -4.965
3604    2.7630002
3605    10.118
3606    -0.5109999
3607    6.1210003
3608    9.65
3609    1.944
3610    2.462
3611    19.3
3612    5.859
3613    8.782
3614    8.451
3615    -0.85399985
3616    -0.84199977
3617    3.8660002
3618    1.6990001
3619    12.891
3620    1.6120001
3621    -3.0759997
3622    0.22000003
3623    1.241
3624    8.6380005
3625    2.091
3626    3.8920002
3627    9.280001
3628    -3.0509999
3629    -0.482
3630    6.886
3631    7.057
3632    6.993
3633    -12.286
3634    7.4560003
3635    5.422
3636    0.22300005
3637    0.28100014
3638    8.411
3639    12.938
3640    2.049
3641    17.147
3642    -0.8809999
3643    -0.43799996
3644    -6.6969995
3645    1.8620001
3646    4.413
3647    3.8630002
3648    -1.645
3649    2.528
3650    45.174
3651    1.3870001
3652    -4.072
3653    2.001
3654    4.089
3655    2.5930002
3656    0.952
3657    -1.704
3658    13.251
3659    2.2610002
3660    0.17500007
3661    61.301
3662    4.762
3663    18.442001
3664    11.736
3665    20.973
3666    10.224
3667    4.131
3668    8.629
3669    -0.5779996
3670    -0.29099995
3671    3.0300002
3672    9.165
3673    9.359
3674    11.515
3675    0.883
3676    -1.3019998
3677    3.33
3678    2.2910001
3679    -0.21899998
3680    10.698
3681    10.206
3682    5.947
3683    7.549
3684    22.935
3685    24.217001
3686    1.519
3687    8.187
3688    -3.2859998
3689    36.354
3690    3.069
3691    1.684
3692    9.821
3693    74.061005
3694    7.275
3695    15.235001
3696    0.25100005
3697    3.956
3698    -2.869
3699    10.458
3700    10.176001
3701    7.2840004
3702    1.485
3703    4.839
3704    6.226
3705    18.048
3706    -0.18999994
3707    2.079
3708    4.789
3709    6.484
3710    -1.1009998
3711    4.354
3712    -1.7
3713    6.874
3714    4.349
3715    0.37600002
3716    9.685
3717    5.794
3718    12.132
3719    4.3570004
3720    0.31500006
3721    3.358
3722    2.908
3723    2.5970001
3724    16.607
3725    6.605
3726    12.311
3727    5.616
3728    5.2770004
3729    1.8210001
3730    -2.224
3731    8.200001
3732    21.198
3733    -1.8529999
3734    9.265
3735    24.878
3736    7.072
3737    6.7960005
3738    12.501
3739    17.839
3740    1.115
3741    -3.06
3742    18.205
3743    -0.5359999
3744    3.1060004
3745    6.6850004
3746    -4.9399996
3747    7.085
3748    9.0060005
3749    12.672
3750    5.0290003
3751    0.52700007
3752    3.5730002
3753    38.62
3754    0.106000185
3755    2.7740002
3756    17.395
3757    3.67
3758    10.539
3759    1.71
3760    16.654
3761    0.897
3762    1.5170001
3763    1.747
3764    16.836
3765    10.287001
3766    0.32500002
3767    1.737
3768    2.6180003
3769    8.769
3770    -2.21
3771    13.376
3772    5.071
3773    3.9980001
3774    3.558
3775    -0.1559999
3776    -21.013
3777    1.618
3778    2.322
3779    8.852
3780    3.505
3781    -1.0
3782    16.11
3783    1.7190001
3784    1.9160001
3785    5.0559998
3786    8.562
3787    1.717
3788    33.652
3789    2.8530002
3790    6.4700003
3791    14.041
3792    19.834
3793    2.46
3794    17.596
3795    1.198
3796    3.381
3797    4.61
3798    -11.723
3799    3.357
3800    7.846
3801    34.679
3802    10.061001
3803    7.241
3804    -2.4659998
3805    0.4330001
3806    7.454
3807    7.742
3808    2.566
3809    4.59
3810    -3.9069998
3811    26.426
3812    12.111
3813    13.123
3814    25.718
3815    9.443
3816    19.906
3817    6.446
3818    3.462
3819    3.543
3820    13.579
3821    4.714
3822    9.974
3823    35.879
3824    7.527
3825    8.65
3826    17.099
3827    9.721
3828    19.935001
3829    -0.389
3830    4.61
3831    7.7
3832    19.217
3833    6.5360003
3834    9.859
3835    4.394
3836    12.551
3837    6.8900003
3838    7.223
3839    7.032
3840    -0.6279999
3841    1.2740002
3842    29.208
3843    25.397
3844    7.848
3845    14.358
3846    1.625
3847    21.339
3848    -14.278999
3849    17.005001
3850    7.986
3851    3.124
3852    7.27
3853    7.907
3854    5.916
3855    16.696
3856    6.755
3857    5.749
3858    16.955
3859    14.024
3860    20.879
3861    6.796
3862    7.976
3863    7.193
3864    5.153
3865    2.582
3866    13.56
3867    12.018
3868    -1.1389999
3869    14.92
3870    1.631
3871    11.988
3872    0.74300003
3873    2.6150002
3874    2.725
3875    0.5300001
3876    13.037
3877    5.03
3878    16.064
3879    6.589
3880    6.514
3881    10.962
3882    1.2160001
3883    6.649
3884    16.734001
3885    7.693
3886    3.1330001
3887    5.5490003
3888    2.5700002
3889    11.662
3890    16.219
3891    1.1270001
3892    6.676
3893    2.517
3894    22.893
3895    1.945
3896    6.234
3897    4.6280003
3898    3.197
3899    24.864
3900    4.899
3901    12.316
3902    -1.348
3903    3.323
3904    11.773
3905    1.672
3906    3.276
3907    3.456
3908    3.443
3909    67.146
3910    8.043
3911    11.124001
3912    7.734
3913    31.548
3914    2.177
3915    4.8120003
3916    -0.09199995
3917    6.695
3918    4.568
3919    4.733
3920    0.42500007
3921    2.417
3922    2.869
3923    4.927
3924    4.616
3925    4.0150003
3926    8.669001
3927    4.491
3928    6.461
3929    7.611
3930    5.822
3931    5.3970003
3932    2.897
3933    8.669
3934    7.284
3935    16.489
3936    1.4120001
3937    6.325
3938    1.777
3939    13.123
3940    3.73
3941    6.76
3942    14.08
3943    4.0950003
3944    6.3380003
3945    -6.041
3946    3.1450002
3947    5.566
3948    -3.843
3949    5.82
3950    15.814
3951    2.953
3952    16.172
3953    4.951
3954    -6.96
3955    5.288
3956    0.87000006
3957    5.3
3958    12.448
3959    8.518
3960    -2.538
3961    4.127
3962    2.217
3963    3.1550002
3964    4.589
3965    -9.757999
3966    12.164
3967    4.959
3968    6.142
3969    5.5150003
3970    5.516
3971    -12.63
3972    3.117
3973    4.422
3974    1.546
3975    7.565
3976    3.3850002
3977    1.5790001
3978    11.48
3979    11.755
3980    -3.013
3981    4.0690002
3982    3.6680002
3983    21.244
3984    9.569
3985    9.619
3986    1.892
3987    12.115
3988    5.471
3989    10.039
3990    -0.19499993
3991    1.519
3992    1.391
3993    19.196
3994    7.8220005
3995    9.923
3996    3.193
3997    12.258
3998    1.733
3999    4.369
4000    6.256
4001    2.588
4002    4.4820004
4003    2.4490001
4004    3.08
4005    23.75
4006    6.325
4007    18.927
4008    12.896
4009    -11.719
4010    -1.1919999
4011    2.931
4012    -2.86
4013    2.428
4014    12.359
4015    6.42
4016    0.84000003
4017    1.9740001
4018    2.757
4019    -26.029
4020    3.692
4021    4.224
4022    1.941
4023    4.591
4024    -15.239
4025    3.1420002
4026    0.08100009
4027    6.487
4028    2.522
4029    10.668
4030    1.599
4031    8.33
4032    6.09
4033    16.82
4034    1.9920001
4035    0.99600005
4036    4.612
4037    -2.951
4038    7.894
4039    17.621
4040    7.21
4041    2.536
4042    4.556
4043    14.8220005
4044    10.121
4045    5.295
4046    9.603
4047    2.298
4048    1.356
4049    7.481
4050    -0.82
4051    2.691
4052    5.781
4053    2.545
4054    3.862
4055    7.695
4056    2.0970001
4057    9.564
4058    -1.935
4059    10.64
4060    -1.1299999
4061    3.693
4062    12.8880005
4063    2.9770002
4064    10.643
4065    2.769
4066    6.16
4067    5.452
4068    1.9530001
4069    10.476
4070    -0.5329995
4071    8.986
4072    4.668
4073    7.606
4074    6.16
4075    13.372
4076    4.301
4077    4.269
4078    4.87
4079    1.783
4080    4.91
4081    -2.385
4082    4.158
4083    12.301001
4084    2.683
4085    0.61
4086    0.8290001
4087    6.564
4088    9.280001
4089    0.5640001
4090    9.875
4091    12.541
4092    1.6200001
4093    -0.783
4094    3.805
4095    7.822
4096    1.0580001
4097    13.111
4098    4.413
4099    11.594
4100    11.653
4101    13.38
4102    5.129
4103    3.145
4104    2.1990001
4105    5.0150003
4106    8.908
4107    8.142
4108    5.448
4109    4.908
4110    0.3060001
4111    4.001
4112    13.59
4113    1.1960001
4114    2.433
4115    2.091
4116    -0.061999917
4117    2.93
4118    5.979
4119    12.253
4120    9.174
4121    2.403
4122    -0.525
4123    5.446
4124    12.422
4125    1.542
4126    -2.1529999
4127    0.84200007
4128    2.3000002
4129    4.67
4130    -1.06
4131    20.907
4132    -1.3009999
4133    8.995
4134    -0.6379999
4135    3.391
4136    5.532
4137    6.309
4138    4.118
4139    5.373
4140    9.215
4141    5.006
4142    9.007
4143    2.244
4144    14.333
4145    7.7130003
4146    15.245
4147    5.5930004
4148    1.9790001
4149    2.5900002
4150    2.115
4151    6.0210004
4152    4.849
4153    14.222
4154    20.486
4155    17.205
4156    -0.85099995
4157    2.69
4158    23.523
4159    6.191
4160    4.616
4161    25.226
4162    -3.191
4163    3.081
4164    1.288
4165    12.967
4166    14.581
4167    6.116
4168    8.376
4169    15.381
4170    6.058
4171    2.455
4172    8.8220005
4173    2.323
4174    0.92
4175    10.141
4176    12.738
4177    3.533
4178    8.737
4179    6.56
4180    5.826
4181    3.989
4182    -0.22099996
4183    -2.3379998
4184    6.483
4185    7.748
4186    8.97
4187    29.314
4188    6.995
4189    3.88
4190    4.476
4191    3.697
4192    2.576
4193    4.198
4194    10.21
4195    -1.279
4196    7.761
4197    22.877
4198    2.345
4199    1.1420001
4200    4.841
4201    6.6730003
4202    0.47100002
4203    2.476
4204    9.345
4205    4.3310003
4206    35.835
4207    1.6690001
4208    1.0680001
4209    5.4
4210    8.918
4211    12.501
4212    10.019
4213    7.738
4214    3.034
4215    11.105
4216    1.304
4217    -0.01699996
4218    9.211
4219    4.999
4220    7.94
4221    1.404
4222    3.343
4223    7.019
4224    1.85
4225    12.492001
4226    1.029
4227    6.809
4228    0.13300002
4229    -1.5409999
4230    5.4110003
4231    2.1820002
4232    -14.68
4233    7.302
4234    7.939
4235    9.634
4236    3.9780002
4237    2.033
4238    7.973
4239    0.50100005
4240    0.11100006
4241    6.077
4242    0.19700003
4243    1.116
4244    5.243
4245    8.127
4246    3.754
4247    25.829
4248    -6.067
4249    6.448
4250    0.453
4251    7.359
4252    9.486
4253    11.818
4254    4.789
4255    4.326
4256    -1.551
4257    -1.249
4258    10.546
4259    21.34
4260    9.333
4261    6.025
4262    1.113
4263    2.463
4264    -1.435
4265    10.143
4266    11.463
4267    0.335
4268    4.17
4269    -50.646
4270    13.377
4271    2.673
4272    -0.516
4273    2.44
4274    9.017
4275    3.029
4276    1.6150001
4277    2.322
4278    9.675
4279    15.34
4280    10.573
4281    13.345
4282    3.1330001
4283    10.125
4284    7.071
4285    6.523
4286    0.81000006
4287    8.681
4288    12.636
4289    11.112
4290    5.744
4291    5.651
4292    0.58000004
4293    1.7720001
4294    1.955
4295    1.549
4296    -6.299
4297    2.793
4298    3.013
4299    1.023
4300    2.8990002
4301    1.447
4302    11.052
4303    6.83
4304    3.212
4305    3.273
4306    2.714
4307    1.0320001
4308    -0.9289999
4309    -3.064
4310    0.386
4311    2.6430001
4312    3.73
4313    2.572
4314    3.434
4315    1.7780001
