0    1.766
1    -3.716
2    -4.321
3    -4.237
4    -4.1879997
5    -4.147
6    -4.281
7    -4.19
8    -4.109
9    -4.527
10    -8.339
11    7.815
12    -8.253
13    -6.051
14    -3.4759998
15    -0.21999997
16    -20.172
17    -17.24
18    -21.776
19    -15.208
20    -18.11
21    -11.982
22    -17.244
23    -17.831
24    -16.081
25    -17.855
26    -18.297
27    -16.969
28    -18.121
29    -17.022
30    -15.338
31    -18.751
32    -18.959
33    -17.318
34    -18.087
35    -19.723999
36    -6.97
37    -2.188
38    -3.942
39    -1.1389999
40    -4.693
41    -9.4279995
42    -0.9799999
43    19.054
44    -6.421
45    -3.0219998
46    -5.245
47    -7.986
48    -11.414
49    -12.684999
50    -5.571
51    -14.571
52    -6.578
53    -13.776
54    -6.399
55    -13.624
56    -11.853
57    -13.772
58    -8.964
59    -6.619
60    -9.606
61    -13.638
62    0.27600002
63    -5.0559998
64    -5.0559998
65    -13.874
66    -4.783
67    -8.763
68    -8.606
69    -9.507999
70    -20.723999
71    -18.089
72    -18.089
73    -20.574
74    -20.869999
75    -11.547
76    -3.2599998
77    -7.424
78    -10.72
79    -9.609
80    -20.99
81    -10.191
82    -13.592
83    -21.146
84    -16.46
85    -16.95
86    -21.233
87    -23.282
88    -19.433
89    -20.108
90    -16.605
91    -21.112
92    -2.521
93    -7.925
94    -17.625
95    -3.6079998
96    -12.183
97    -23.321
98    -10.609
99    7.436
100    -17.859
101    -19.464
102    -13.425
103    -3.5609999
104    -19.243
105    -16.451
106    -21.38
107    -18.604
108    -4.465
109    -5.341
110    -20.888
111    -20.616
112    -12.739
113    -3.995
114    -15.578
115    -3.834
116    -3.827
117    -20.394
118    -3.862
119    -19.598999
120    -17.519
121    -14.44
122    -19.92
123    -11.648
124    -14.475
125    -18.342
126    -20.467
127    -13.874
128    -21.557
129    -10.4869995
130    -16.92
131    -18.358
132    -17.436
133    -14.6119995
134    -13.348
135    -15.505
136    5.492
137    -15.239
138    -19.858
139    -15.713
140    -10.634
141    -19.381
142    -20.303
143    -13.458
144    -8.863
145    -16.232
146    -18.897
147    -13.645
148    -17.817
149    -15.323
150    -11.322
151    -20.431
152    -11.409
153    -14.643
154    -15.479
155    -18.45
156    -19.473999
157    -1.739
158    -17.211
159    2.936
160    -9.789
161    -16.459
162    -8.665
163    -10.415
164    -19.048
165    -12.469
166    -8.681
167    -10.722
168    -8.711
169    -18.19
170    -17.594
171    -19.658
172    -18.69
173    -18.214
174    -17.024
175    -23.084
176    -19.635
177    -12.246
178    -9.257999
179    -11.639
180    -15.335
181    -4.145
182    -11.095
183    -19.537
184    -16.721
185    -20.598
186    -6.528
187    -15.541
188    -19.545
189    -16.64
190    -14.384
191    -26.487999
192    -16.285
193    -11.07
194    -19.102
195    -11.313
196    -19.704
197    -10.302
198    -17.402
199    -24.261
200    -29.443
201    -11.153
202    -29.723999
203    -13.202
204    -27.324
205    -28.292
206    -26.21
207    -27.405
208    -28.276
209    -19.326
210    -24.537
211    -23.962
212    -24.719
213    -26.416
214    -27.789
215    -5.64
216    -27.493
217    -26.079
218    -23.357
219    -20.887
220    -23.848
221    -15.938
222    -23.989
223    -17.918999
224    -16.42
225    -19.945
226    -28.881
227    -26.515999
228    27.482002
229    -20.675
230    -13.495
231    -18.987999
232    -14.239
233    -21.851
234    -21.732
235    -23.119999
236    -15.477
237    -15.477
238    -10.651
239    -10.109
240    -24.897
241    -21.645
242    -8.569
243    -21.945
244    -21.685
245    -17.06
246    -18.689
247    -13.056
248    -23.719
249    -19.355
250    -18.142
251    -15.733999
252    -15.068
253    -18.943
254    -12.146
255    -17.593
256    -14.401
257    -19.676
258    -18.934
259    -21.793999
260    -15.294
261    -10.07
262    -19.242
263    -12.549
264    -7.9469995
265    -21.785
266    -22.026
267    -21.395
268    -19.35
269    -11.756
270    -17.29
271    -18.173
272    -17.239
273    -13.3029995
274    -64.629
275    -14.327999
276    -98.851
277    -19.017
278    -22.194
279    -15.361
280    -14.767
281    -10.348999
282    -22.448
283    -14.054
284    -15.215
285    -21.929
286    -15.983999
287    -15.931999
288    -12.875
289    -14.037
290    -20.836
291    -19.929
292    -20.272999
293    -22.862999
294    -18.872
295    -20.831
296    -18.75
297    -20.254
298    -20.181
299    -17.022999
300    -23.855999
301    -21.82
302    -19.208
303    -12.912
304    -20.832
305    -17.873
306    -19.547
307    -16.9
308    -16.982
309    -22.831
310    -16.861
311    -21.86
312    -11.566
313    -22.064
314    -12.535
315    -52.197998
316    -25.646
317    -52.1
318    -24.031
319    -18.729
320    -13.93
321    -19.373
322    -23.729
323    -19.633
324    -19.343
325    -32.742
326    -22.473999
327    -21.059
328    -16.125
329    -31.654999
330    -19.882
331    -15.249
332    -21.74
333    -21.63
334    -19.16
335    -21.758999
336    -20.112
337    -19.126999
338    -20.279999
339    -16.156
340    -19.506
341    -16.35
342    -99.947
343    -20.86
344    -19.244
345    -19.222
346    -13.318
347    -13.627
348    -18.126
349    -13.018999
350    -18.312
351    -18.172
352    -20.348
353    -22.728
354    -30.966
355    -15.018
356    -15.496
357    -27.08
358    -21.868
359    -19.213
360    -16.166
361    -16.516
362    -39.793
363    -22.693
364    -17.151
365    -17.268
366    -35.874
367    -38.153
368    -22.943
369    -39.597
370    -18.153
371    -21.864
372    -22.332
373    -19.063
374    -23.659
375    -42.543
376    -37.972
377    -19.259
378    -12.45
379    -40.395
380    -11.17
381    -18.258999
382    -6.24
383    -41.624
384    -17.672
385    -35.875
386    -43.095
387    -40.43
388    -34.923
389    -18.237
390    -37.798
391    -40.014
392    -36.717
393    -41.883
394    -58.029
395    -40.42
396    -41.558
397    -18.771
398    -21.025
399    -35.544
400    -36.617
401    -56.109
402    -39.958
403    -18.987999
404    -11.514
405    -9.434
406    -20.007
407    -40.35
408    -37.764
409    -12.422
410    -7.599
411    -14.2439995
412    -12.118
413    -36.835
414    -37.826
415    -13.351999
416    -16.316
417    -18.979
418    -38.713
419    -41.175
420    -40.919
421    -10.055
422    -41.934
423    -15.154
424    -41.497
425    -18.324
426    -17.188
427    -17.258999
428    -63.113
429    -41.137
430    -33.822998
431    -18.499
432    -40.936
433    -23.918
434    -17.667
435    -14.141
436    -36.917
437    -16.296
438    -18.156
439    -40.631
440    -35.947
441    -35.708
442    -35.472
443    -35.685
444    -36.17
445    -33.804
446    -34.12
447    -33.461998
448    -34.036
449    -33.755
450    -33.586
451    -33.236
452    -32.973
453    -33.86
454    -34.225
455    -34.285
456    -33.614998
457    -34.028
458    -34.123
459    -33.639
460    -33.456
461    -33.973
462    -33.048
463    -34.152
464    -33.121
465    -33.5
466    -33.908
467    -34.115
468    -33.679
469    -34.289
470    -33.507
471    -33.769
472    -41.706
473    -33.785
474    -33.796
475    -33.743
476    -33.848
477    -35.502
478    -32.825
479    -33.927
480    -34.062
481    -33.977
482    -32.801
483    -34.363
484    -33.422
485    -33.925
486    -33.813
487    -32.834
488    -34.263
489    -33.534
490    -34.017
491    -33.715
492    -34.119
493    -33.964
494    -35.263
495    -33.733
496    -33.987
497    -34.256
498    -34.256
499    -34.284
500    -33.709
501    -33.885
502    -33.91
503    -34.031
504    -33.7
505    -34.936
506    -33.757
507    -33.874
508    -33.973
509    -34.051
510    -33.455
511    -34.359
512    -33.871
513    -33.839
514    -33.889
515    -34.132
516    -33.952
517    -33.906
518    -33.886
519    -33.306
520    -33.847
521    -33.599
522    -33.831
523    -34.994
524    -34.108
525    -34.227
526    -33.453
527    -33.943
528    -33.821
529    -33.864
530    -33.893
531    -22.466
532    -22.086
533    -23.832
534    -23.532
535    -23.264
536    -23.589
537    -23.285
538    -23.479
539    -23.705
540    -23.718
541    -23.602
542    -23.44
543    -23.632
544    -23.295
545    -23.463
546    -24.847
547    -23.434
548    -24.28
549    -25.405
550    -23.546
551    -23.698
552    -23.546
553    -22.504
554    -23.473999
555    -25.121
556    -25.266
557    -23.662
558    -23.411
559    -23.469
560    -24.003
561    -23.498
562    -25.338
563    -22.157999
564    -23.469
565    -23.103
566    -23.523
567    -23.496
568    -25.246
569    -22.957
570    -25.23
571    -22.877
572    -22.46
573    -22.918
574    -22.416
575    -22.151
576    -22.233
577    -24.348999
578    -22.528
579    -22.36
580    -22.467
581    -22.352
582    -22.343
583    -21.81
584    -22.844
585    -22.581
586    -24.237999
587    -22.539
588    -24.134
589    -22.96
590    -22.689
591    -22.456
592    -22.516
593    -22.405
594    -22.961
595    -21.401
596    -22.581
597    -21.185
598    -22.453
599    -24.297
600    -24.227
601    -22.334
602    -22.057
603    -22.898
604    -24.341
605    -3.15
606    -22.025
607    -22.601
608    -22.446
609    -22.272
610    -22.499
611    -22.706
612    -22.756
613    -22.264
614    -21.969
615    -22.824
616    -24.105
617    -22.51
618    -22.605
619    -24.291
620    -24.383
621    -22.453
622    -22.437
623    -22.761
624    -22.237999
625    -22.163
626    -3.619
627    -22.783
628    -22.761
629    -22.825
630    -22.48
631    -22.739
632    -22.498
633    -21.947
634    -22.708
635    -22.946
636    -22.682
637    -22.777
638    -24.269
639    -24.282
640    -24.539
641    -2.834
642    -22.294
643    -22.437
644    -24.372
645    -22.701
646    -24.31
647    -3.163
648    -22.541
649    -21.983
650    -22.774
651    -22.944
652    -25.663
653    -22.653
654    -21.939
655    -22.105999
656    -22.433
657    -22.414
658    -22.733
659    -24.301
660    -21.822
661    -24.472
662    -21.945
663    -24.073
664    -24.105999
665    -22.813
666    -24.379
667    -24.07
668    -22.261
669    -22.705
670    -24.348999
671    -22.803
672    -22.182
673    -24.397
674    -22.677
675    -23.015
676    -22.667
677    -21.744999
678    -22.237
679    -22.001999
680    -24.475
681    -21.644
682    -22.143
683    -22.647
684    -22.348999
685    -4.1289997
686    -22.417
687    -22.227
688    -22.358
689    -22.776
690    -22.376
691    -22.847
692    -22.406
693    -3.229
694    -22.876
695    -24.249
696    -21.3
697    -22.452
698    -22.85
699    -22.687
700    -22.848999
701    -22.461
702    -21.777
703    -22.783
704    -21.126999
705    -22.431
706    -22.529
707    -22.313
708    -22.72
709    -22.285
710    -22.503
711    -1.4599998
712    -34.396
713    -22.772
714    -22.544
715    -22.646
716    -22.02
717    -22.522
718    -24.423
719    -22.055
720    -22.497
721    -21.298
722    -22.146
723    -22.45
724    -22.046
725    -22.673
726    -22.411
727    -24.382
728    -21.861
729    -22.659
730    -20.703
731    -22.663
732    -22.573
733    -22.457
734    -22.614
735    -22.567
736    -21.952
737    -22.618
738    -22.503
739    -22.114
740    -2.3709998
741    -23.098999
742    -23.592
743    -5.148
744    -23.501
745    -23.156
746    -23.535
747    -30.595
748    -23.482
749    -23.915
750    -23.604
751    -24.026
752    1.0
753    1.0
754    1.0
755    1.0
756    -21.645
757    -22.496
758    -22.515
759    1.0
760    1.0
761    -23.034
762    -22.931
763    -23.816
764    -23.294
765    -23.755
766    -23.749
767    -23.87
768    -22.582
769    -22.347
770    -23.855999
771    -23.715
772    -23.531
773    -23.786
774    -5.277
775    -23.946
776    -23.87
777    -22.634
778    -22.274
779    -23.815
780    -24.057
781    -23.515
782    -23.918
783    -24.438
784    -23.789
785    -24.178
786    -23.842
787    -22.811
788    -24.011
789    -23.805
790    -23.59
791    -23.684
792    -23.794
793    -23.457
794    -62.383
795    -23.942
796    -22.478
797    -24.098999
798    -5.662
799    -23.524
800    -22.546
801    -23.623
802    -23.75
803    -24.037
804    -62.459
805    -23.456
806    -23.207
807    -24.362
808    -24.362
809    -24.735
810    -24.735
811    -3.619
812    -23.314
813    -23.314
814    -24.932
815    -24.784
816    -24.797
817    -24.585
818    -24.85
819    -25.064
820    -23.257
821    -24.711
822    -24.759
823    -24.87
824    -24.91
825    -24.831
826    -24.374
827    -23.45
828    -23.155
829    -23.595
830    -23.805
831    -24.923
832    -23.454
833    -24.799
834    -25.01
835    -62.133
836    -23.496
837    -23.377
838    -23.611
839    26.023
840    -23.739
841    -23.096
842    -24.933
843    -24.88
844    -23.675
845    -24.936
846    -23.814
847    -23.25
848    -24.862
849    -23.085
850    -23.221
851    -23.25
852    -23.313
853    -23.872
854    -25.3
855    -23.715
856    -23.258
857    -22.987999
858    -22.846
859    -23.565
860    -24.425
861    -23.527
862    -23.54
863    -23.569
864    -23.513
865    -22.292
866    -22.177
867    -23.838
868    -23.126
869    -23.678
870    -24.526
871    -23.577
872    -25.407999
873    -23.756
874    -24.458
875    -24.435
876    -24.767
877    -25.27
878    -3.222
879    -23.396
880    -24.578
881    -23.524
882    28.417
883    -23.661
884    -23.97
885    -24.685
886    -40.32
887    -63.492
888    -25.473
889    -26.694
890    -27.968
891    -26.189
892    -25.659
893    -26.49
894    -26.398
895    -26.727
896    -27.522
897    -26.665
898    -26.502
899    -27.876
900    -26.573
901    -27.359
902    -25.293
903    -25.348999
904    -24.411
905    -22.866
906    -23.521
907    -23.761
908    -23.582
909    -24.655
910    -25.207
911    -23.982
912    -23.26
913    -23.618
914    -35.927
915    -23.446
916    -33.237
917    -36.028
918    -36.147
919    -4.799
920    -35.593
921    -35.614
922    -30.6
923    -32.100998
924    -35.682
925    -31.235
926    -33.791
927    -35.614
928    -34.206
929    -35.519
930    -35.584
931    -35.508
932    -35.974
933    -35.349
934    -3.53
935    -35.508
936    -2.2889998
937    -33.537
938    -35.761
939    -3.623
940    -32.146
941    -35.65
942    -35.465
943    -31.64
944    -23.789
945    -23.706
946    -23.519
947    -23.374
948    -23.771
949    -23.159
950    -23.668
951    -23.233
952    -23.819
953    -23.6
954    -25.273
955    -23.695
956    -23.744999
957    -23.673
958    -23.627
959    -23.54
960    -23.251
961    -23.316
962    -23.813
963    -34.439
964    -23.623
965    -23.794
966    -23.574
967    -23.303
968    -23.616
969    -23.81
970    -23.5
971    -23.299
972    -23.829
973    -24.248
974    -23.087
975    -23.598
976    -23.865
977    -23.705
978    -23.882
979    -23.426
980    -23.446
981    -23.709
982    -23.653
983    -23.586
984    -22.823
985    -23.083
986    -34.53
987    -23.348999
988    -23.813
989    -23.73
990    -23.391
991    -23.507
992    -23.117
993    -23.67
994    -23.647
995    -23.742
996    -23.322
997    -23.714
998    -23.414
999    -23.041
1000    -23.685
1001    -34.324
1002    -23.656
1003    -23.635
1004    -23.732
1005    -23.483
1006    -23.014
1007    -23.758
1008    -24.181
1009    -26.587
1010    -38.007
1011    -26.249
1012    -26.579
1013    -25.803
1014    -26.162
1015    -25.72
1016    -26.06
1017    -26.6
1018    -26.262
1019    -3.656
1020    -5.52
1021    -6.0099998
1022    -35.987
1023    -39.406
1024    -26.263
1025    -25.931
1026    -26.315
1027    -26.773
1028    -26.296
1029    -25.506
1030    -28.248
1031    -27.976
1032    -26.093
1033    -26.417
1034    -26.023
1035    -27.103
1036    -26.312
1037    -26.163
1038    -26.398
1039    -25.885
1040    -27.65
1041    -25.256
1042    -26.214
1043    -28.153
1044    -25.445
1045    -26.155
1046    -27.069
1047    -23.7
1048    -23.663
1049    -25.074
1050    -23.619999
1051    -26.427
1052    -26.657
1053    -26.485
1054    -26.367
1055    -26.429
1056    -26.242
1057    -26.615
1058    -26.528
1059    -27.332
1060    -26.013
1061    -26.509
1062    -26.451
1063    -26.337
1064    -26.413
1065    -26.077
1066    -25.338
1067    -27.927
1068    -26.872
1069    -26.582
1070    -26.364
1071    -25.843
1072    -25.402
1073    -25.943
1074    -28.043
1075    -26.376
1076    -23.177
1077    -25.176
1078    -25.133
1079    -25.192
1080    -25.151
1081    -28.031
1082    -27.843
1083    -24.936
1084    -27.927
1085    -27.048
1086    -24.396
1087    -26.411
1088    -26.018
1089    -26.956
1090    -25.922
1091    -22.92
1092    -23.537
1093    -23.539
1094    -23.892
1095    -23.353
1096    -25.399
1097    -28.693
1098    -26.292
1099    -26.11
1100    -26.041
1101    -25.965
1102    -26.038
1103    -26.146
1104    -25.742
1105    -26.1
1106    -26.554
1107    -26.68
1108    -27.803
1109    -23.72
1110    -23.251
1111    -22.191
1112    -20.334
1113    -20.755
1114    -25.17
1115    -26.197
1116    -26.511
1117    -26.601
1118    -25.929
1119    -26.078
1120    -29.034
1121    -26.125
1122    -26.427
1123    -26.552
1124    -26.344
1125    -26.374
1126    -25.251999
1127    -25.908
1128    -25.778
1129    -25.322
1130    -26.262
1131    -26.134
1132    -26.062
1133    -24.999
1134    -27.881
1135    -25.13
1136    -27.174
1137    -26.834
1138    -26.96
1139    -27.029
1140    -25.932
1141    -27.011
1142    -27.138
1143    -24.96
1144    -26.325
1145    -26.427
1146    -25.569
1147    -25.911
1148    -28.062
1149    -26.266
1150    -25.276
1151    -25.842
1152    -27.035
1153    -26.076
1154    -26.6
1155    -28.006
1156    -24.792
1157    -25.213
1158    -26.055
1159    -26.886
1160    -26.535
1161    -26.519
1162    -28.022
1163    -27.021
1164    -25.68
1165    -25.346
1166    -26.199
1167    -26.399
1168    -26.35
1169    -26.557
1170    -26.395
1171    -26.218
1172    -26.365
1173    -25.478
1174    -26.064
1175    -26.13
1176    -25.337
1177    -24.951
1178    -25.164
1179    -26.003
1180    -26.218
1181    -26.619999
1182    -25.829
1183    -1.78
1184    -26.369
1185    -26.618
1186    -26.109
1187    -26.209
1188    -25.973
1189    -26.073
1190    -26.568
1191    -25.284
1192    -26.107
1193    -26.107
1194    -23.848999
1195    -23.216
1196    -22.9
1197    -22.805
1198    -23.266
1199    -23.417
1200    -23.152
1201    -20.525
1202    -23.161
1203    -23.5
1204    -23.5
1205    -25.816
1206    -26.225
1207    -26.161
1208    -25.97
1209    -24.888
1210    -20.686
1211    -23.692
1212    -23.289
1213    -23.282
1214    -23.645
1215    -25.391
1216    -26.228
1217    -26.205
1218    -24.873
1219    -26.487
1220    -26.004
1221    -26.333
1222    -25.424
1223    -25.867
1224    -26.206
1225    -26.04
1226    -25.883
1227    -25.896
1228    -25.326
1229    -31.225
1230    -23.855999
1231    -20.933
1232    -20.343
1233    -19.133999
1234    -20.847
1235    -26.271
1236    -25.824
1237    -25.914
1238    -26.555
1239    -26.355
1240    -27.032
1241    -25.897
1242    -25.15
1243    -25.859
1244    -26.878
1245    -27.854
1246    -27.971
1247    -27.012
1248    -27.999
1249    -25.93
1250    -24.980999
1251    -25.354
1252    -25.007
1253    -25.167
1254    -25.042
1255    -25.197
1256    -25.01
1257    -25.197
1258    -25.145
1259    -22.176
1260    -26.398
1261    -26.584
1262    -26.345
1263    -26.267
1264    -26.517
1265    -26.093
1266    -23.367
1267    -23.396
1268    -23.062
1269    -23.908
1270    -20.736
1271    -22.547
1272    -20.892
1273    -20.401
1274    -20.494
1275    -20.109
1276    -4.014
1277    -5.3459997
1278    -4.7869997
1279    -5.318
1280    -4.2599998
1281    -6.377
1282    -5.369
1283    -5.974
1284    -5.7559996
1285    -5.074
1286    -4.732
1287    -4.584
1288    -4.8789997
1289    -5.347
1290    -4.7609997
1291    -5.422
1292    -4.496
1293    -6.642
1294    -4.292
1295    -5.209
1296    -6.5179996
1297    -6.215
1298    -4.505
1299    -5.41
1300    -5.087
1301    -5.3719997
1302    -5.354
1303    -5.8619995
1304    -6.733
1305    -5.394
1306    -4.3
1307    -5.0
1308    -6.6029997
1309    -5.348
1310    -5.337
1311    -3.149
1312    -4.1309996
1313    -7.154
1314    -5.875
1315    -4.784
1316    -3.6409998
1317    -8.23
1318    -5.197
1319    -7.2229996
1320    -7.5889997
1321    -6.616
1322    -6.613
1323    -5.351
1324    -7.698
1325    -6.776
1326    -3.8779998
1327    -5.315
1328    -5.316
1329    -4.288
1330    -6.215
1331    -5.36
1332    -5.2349997
1333    -6.645
1334    -6.46
1335    -4.534
1336    -6.687
1337    -6.492
1338    -8.843
1339    -4.424
1340    -5.266
1341    -3.8649998
1342    -5.362
1343    -5.949
1344    -5.344
1345    -6.29
1346    -7.444
1347    -6.869
1348    -6.592
1349    -6.9379997
1350    -4.326
1351    -6.851
1352    -6.114
1353    -5.567
1354    -5.347
1355    -6.707
1356    -6.708
1357    -4.492
1358    -6.185
1359    -6.127
1360    -5.304
1361    -3.8809998
1362    -5.834
1363    -3.8319998
1364    -7.436
1365    -5.419
1366    -5.317
1367    -5.415
1368    -5.366
1369    -5.327
1370    -6.6619997
1371    -5.39
1372    -4.2
1373    -6.7019997
1374    -8.834
1375    -5.377
1376    -5.355
1377    -6.465
1378    -5.362
1379    -5.368
1380    -6.725
1381    -5.7229996
1382    -4.75
1383    -6.614
1384    -6.2679996
1385    -5.332
1386    -5.332
1387    -4.771
1388    -3.5719998
1389    -5.832
1390    -5.0389996
1391    -6.882
1392    -4.4119997
1393    -5.376
1394    -5.308
1395    -8.723
1396    -6.783
1397    -6.62
1398    -7.139
1399    -5.246
1400    -6.387
1401    -4.435
1402    -5.361
1403    -7.845
1404    -5.376
1405    -5.191
1406    -5.225
1407    -6.336
1408    -6.329
1409    -5.073
1410    -3.761
1411    -6.272
1412    -3.995
1413    -7.368
1414    -5.241
1415    -4.304
1416    -4.961
1417    -5.4189997
1418    -5.361
1419    -6.292
1420    -6.667
1421    -6.717
1422    -5.89
1423    -7.432
1424    -5.347
1425    -7.177
1426    -5.359
