0    -7.015
1    -4.6359997
2    -5.856
3    -5.25
4    -5.888
5    -5.266
6    -5.112
7    -0.16599995
8    -6.617
9    -6.963
10    -6.762
11    -6.909
12    -5.48
13    -6.453
14    -6.977
15    -7.009
16    -0.69
17    -5.942
18    -5.4309998
19    -5.519
20    -5.884
21    -5.534
22    -8.406
23    -8.527
24    -9.333
25    -8.557
26    -14.354
27    -22.09
28    -29.551
29    -19.718
30    -19.373
31    -19.669
32    -21.335
33    -21.329
34    -24.696
35    -25.218
36    -32.892
37    -31.307
38    -31.114
39    -32.249
40    -32.389
41    -30.837
42    -31.182
43    -31.142
44    -31.034
45    -24.7
46    -13.969
47    -15.28
48    -15.34
49    -18.281
50    -18.242
51    -18.219
52    -16.935
53    -17.964
54    -18.309
55    -18.06
56    -18.214
57    -19.947
58    -17.342
59    -0.613
60    -11.847
61    -11.937
62    -12.361
63    -15.313
64    -12.151
65    -12.214
66    -11.845
67    -12.15
68    -13.909
69    -13.917
70    -13.911
71    -13.772
72    -13.671
73    -13.769
74    -13.833
75    -17.719
76    -19.699
77    -17.557
78    -13.7439995
79    -13.843
80    -18.414
81    -18.509
82    -19.712
83    -17.786
84    -18.736
85    -18.623
86    -19.755
87    -17.492
88    -18.187
89    -19.698
90    -18.517
91    -18.172
92    -18.612
93    -18.646
94    -18.127
95    -18.588
96    -18.927
97    -4.467
98    -18.682
99    -18.64
100    -18.667
101    -18.578
102    -18.792
103    -18.76
104    -18.64
105    -18.612999
106    -18.448
107    -18.673
108    -18.816
109    -19.098
110    -18.818
111    -18.643
112    -18.515
113    -18.525
114    -18.737
115    -18.663
116    -18.859
117    -18.784
118    -18.848999
119    -11.731
120    -11.95
121    -11.558
122    -11.242
123    -18.698
124    -18.805
125    -18.423
126    -18.827
127    -18.817
128    -18.49
129    -18.987
130    -18.647
131    -8.708
132    -23.041
133    -18.969
134    -18.773
135    -18.99
136    -17.754
137    -18.529
138    -18.605999
139    -17.621
140    -20.656
141    -19.751
142    -20.953
143    -20.384
144    -7.461
145    -7.549
146    -20.853
147    -20.833
148    -20.614
149    -24.126
150    -58.902
151    -20.730999
152    -20.384
153    -21.715
154    -20.623
155    -32.662
156    -31.425
157    -32.119
158    -32.182
159    -31.736
160    -32.209
161    -31.969
162    -31.798
163    -31.835
164    -32.558
165    -32.393
166    -4.925
167    -14.462
168    -14.189
169    -7.481
170    -36.472
171    -36.296
172    -31.091
173    -32.637
174    -27.669
175    -27.211
176    -27.547
177    -27.711
178    -32.611
179    -32.148
180    -32.442
181    -31.728
182    -32.744
183    -32.408
184    -32.356
185    -32.27
186    -31.451
187    -32.477
188    -31.63
189    -10.057
190    -32.553
191    -32.081
192    -32.418
193    -13.489
194    -32.748
195    -32.392
196    -13.59
197    -31.045
198    -3.596
199    -31.867
200    -60.746
201    -32.274
202    -13.225
203    -32.158
204    -33.641
205    -32.808
206    -32.218
207    -32.13
208    -13.51
209    -31.94
210    -12.398
211    -32.127
212    -32.577
213    -32.483
214    -2.508
215    -32.541
216    -32.567
217    -32.057
218    -32.067
219    -32.31
220    -32.423
221    -31.219
222    -32.309
223    -31.123
224    -32.393
225    -31.883
226    -31.429
227    -32.313
228    -31.32
229    -32.556
230    -32.307
231    -32.287
232    -32.399
233    -32.325
234    -32.075
235    -32.454
236    -32.527
237    -31.944
238    -32.41
239    -31.935
240    -32.584
241    -32.541
242    -32.262
243    -24.133
244    -32.44
245    -23.819
246    -32.371
247    -32.393
248    -32.501
249    -31.395
250    -32.417
251    -32.43
252    -32.188
253    -32.107
254    -32.146
255    -30.754
256    -32.079
257    -32.099
258    -32.32
259    -31.95
260    -32.216
261    -33.409
262    -32.045
263    -32.142
264    -32.38
265    -33.341
266    -32.602
267    -32.371
268    -12.027
269    -15.438
270    -14.514
271    -12.816999
272    -33.671
273    -32.533
274    -32.088
275    -24.978
276    -32.873
277    -32.255
278    -32.717
279    -24.005
280    -32.458
281    -32.838
282    -34.286
283    -25.607
284    -32.599
285    -31.651
286    -33.355
287    -32.821
288    -32.883
289    -32.597
290    -32.425
291    -32.83
292    -24.734
293    -32.773
294    -32.586998
295    -23.977
296    -32.204
297    -32.026
298    -32.022
299    -32.866
300    -21.073
301    -31.661
302    -32.351
303    -20.605
304    -32.412
305    -32.165
306    -32.449
307    -31.629
308    -32.404
309    -33.818
310    -35.334
311    -35.367
312    -14.485
313    -79.877
314    -36.552
315    -37.297
316    -36.981
317    -37.496
318    -37.464
319    -37.082
320    -36.565
321    -37.311
322    -37.392
323    -36.133
324    -37.625
325    -37.178
326    -35.176
327    -33.019
328    -33.043
329    -34.583
330    -33.801
331    -33.48
332    -32.665
333    -33.452
334    -33.453
335    -33.213
336    -33.349
337    -33.572
338    -33.689
339    -32.356
340    -33.665
341    -32.361
342    -33.577
343    -33.126
344    -33.218
345    -33.469
346    -33.451
347    -32.632
348    -33.552
349    -33.438
350    -33.436
351    -33.307
352    -33.867
353    -33.364
354    -32.794
355    -33.056
356    -32.451
357    -32.892
358    -33.808
359    -34.413
360    -33.704
361    -33.502
362    -33.59
363    -33.429
364    -33.054
365    -33.653
366    -33.525
367    -33.176
368    -33.824
369    -32.366
370    -32.327
371    -32.095
372    -33.235
373    -33.195
374    -33.563
375    -33.545
376    -33.759
377    -33.711
378    -33.839
379    -33.825
380    -33.422
381    -32.801
382    -34.847
383    -33.843
384    -34.007
385    -33.297
386    -32.409
387    -33.214
388    -33.284
389    -33.106
390    -34.304
391    -33.379
392    -21.659
393    -33.231
394    -20.386
395    -33.325
396    -33.168
397    -44.533
398    -45.055
399    -41.047
400    -44.634
401    -42.383
402    -46.128
403    -42.649
404    -46.109
405    -44.092
406    -43.267
407    -44.495
408    -44.124
409    -42.752
410    -43.872
411    -46.24
412    -45.245
413    -45.129
414    -44.409
415    -44.371
416    -42.482
417    -44.099
418    -44.87
419    -33.523
420    -43.5
421    -34.231
422    -42.402
423    -44.063
424    -33.677
425    -42.797
426    -34.402
427    -44.079
428    -44.877
429    -36.972
430    -47.07
431    -37.204
432    -46.045
433    -43.819
434    -45.118
435    -35.086998
436    -45.005
437    -37.35
438    -44.943
439    -43.857
440    -44.124
441    -34.092
442    -42.164
443    -44.38
444    -44.353
445    -31.668
446    -42.158
447    -33.215
448    -42.638
449    -44.442
450    -43.508
451    -33.642
452    -42.916
453    -33.259
454    -41.243
455    -33.455
456    -43.585
457    -43.937
458    -45.633
459    -44.048
460    -44.7
461    -34.466
462    -41.618
463    -33.276
464    -42.432
465    -33.507
466    -41.189
467    -45.282
468    -44.347
469    -33.085
470    -42.636
471    -33.207
472    -42.366
473    -33.297
474    -43.451
475    -45.257
476    -42.963
477    -44.17
478    -44.588
479    -32.441
480    -42.512
481    -34.362
482    -42.301
483    -43.704
484    -43.372
485    -45.313
486    -35.782
487    -44.303
488    -46.468
489    -15.045
490    -45.392
491    -46.444
492    -45.535
493    -36.691
494    -45.366
495    -44.208
496    -36.324
497    -43.545
498    -44.34
499    -37.096
500    -45.637
501    -36.555
502    -45.276
503    -44.133
504    -36.477
505    -46.267
506    -45.388
507    -33.355
508    -42.223
509    -33.662
510    -46.642
511    -42.636
512    -43.788
513    -44.63
514    -43.752
515    -33.342
516    -42.556
517    -33.482
518    -41.093
519    -44.393
520    -32.252
521    -42.34
522    -44.126
523    -44.443
524    -33.589
525    -42.108
526    -33.213
527    -42.039
528    -32.27
529    -43.209
530    -33.599
531    -44.325
532    -43.413
533    -42.136
534    -44.375
535    -44.026
536    -33.285
537    -43.048
538    -34.737
539    -42.376
540    -45.475
541    -33.32
542    -45.054
543    -44.288
544    -44.328
545    -42.241
546    -33.332
547    -42.199
548    -33.472
549    -42.11
550    -43.069
551    -45.306
552    -32.737
553    -42.646
554    -40.947
555    -32.891
556    -43.905
557    -42.34
558    -45.376
559    -33.515
560    -43.817
561    -42.086998
562    -44.421
563    -33.225
564    -42.463
565    -44.214
566    -44.237
567    -33.157
568    -42.098
569    -33.524
570    -42.072998
571    -44.363
572    -43.017
573    -33.507
574    -43.247
575    -42.266
576    -44.206
577    -32.674
578    -42.05
579    -33.457
580    -44.052
581    -45.406
582    -42.333
583    -33.669
584    -44.631
585    -42.138
586    -33.324
587    -44.055
588    -41.196
589    -32.371
590    -43.945
591    -47.466
592    -49.149
593    -43.05
594    -49.047
595    -47.93
596    -47.036
597    -42.131
598    -45.319
599    -41.461
600    -51.391
601    -53.377
602    -44.123
603    -53.996
604    -55.024
605    -42.425
606    -55.205
607    -48.249
608    -56.674
609    -17.301
610    -46.083
611    -53.215
612    -36.359
613    -55.116
614    -45.172
615    -42.156
616    -45.346
617    -42.225
618    -45.989
619    -52.101
620    -42.172
621    -52.092
622    -53.146
623    -44.061
624    -54.65
625    -54.064
626    -52.028
627    -52.027
628    -47.217
629    -54.412
630    -51.021
631    -47.226
632    -51.026
633    -47.352
634    -52.288
635    -53.71
636    -54.244
637    -53.166
638    -48.325
639    -53.598
640    -51.847
641    -49.039
642    -49.614998
643    -45.816
644    -50.175
645    -53.118
646    -54.122
647    -52.934
648    -52.848
649    -45.331
650    -48.194
651    -49.011
652    -47.176
653    -53.268
654    -53.343
655    -51.122
656    -49.02
657    -51.054
658    -53.995
659    -50.153
660    -53.833
661    -55.092
662    -52.156
663    -55.301
664    -52.753
665    -54.237
666    -53.055
667    -51.902
668    -54.423
669    -51.166
670    -55.102
671    -53.822998
672    -52.15
673    -55.114
674    -53.259
675    -54.023
676    -54.702
677    -50.052
678    -54.072
679    -53.443
680    -52.226
681    -54.108
682    -54.095
683    -54.824
684    -51.101
685    -56.581
686    -56.146
687    -53.281
688    -51.008
689    -51.096
690    -50.338
691    -56.072998
692    -52.124
693    -52.309
694    -52.245
695    -37.083
696    -51.522
697    -38.166
698    -53.858
699    -53.958
700    -53.076
701    -55.22
702    -53.053
703    -51.295
704    -52.228
705    -51.943
706    -51.2
707    -50.13
708    -48.278
709    -48.734
710    -48.273
711    -48.861
712    -47.064
713    -49.564
714    -48.095
715    -46.958
716    -49.1
717    -48.293
718    -46.086
719    -50.994
720    -46.072
721    -48.182
722    -47.263
723    -49.589
724    -46.137
725    -47.428
726    -47.371
727    -49.065
728    -46.074
729    -49.577
730    -47.473
731    -49.909
732    -50.248
733    -46.336998
734    -49.144
735    -51.188
736    -48.218
737    -47.496
738    -39.154
739    -48.077
740    -40.237
741    -41.781
742    -48.666
743    -43.22
744    -79.211
745    -81.613
746    -78.967
747    -80.948
748    -79.124
749    -78.001
750    -77.189
751    -78.947
752    -80.872
753    -77.028
754    -83.059
755    -80.179
756    -81.296
757    -78.909
758    -81.65
759    -79.782
760    -77.62
761    -79.93
762    -80.854
763    -76.856
764    -77.236
765    -74.914
766    -73.965
767    -81.005
768    -77.934
769    -77.229
770    -81.024
771    -77.793
772    -79.096
773    -79.455
774    -79.068
775    -79.872
776    -76.973
777    -83.34
778    -78.994
779    -78.846
780    -80.867
781    -78.307
782    -77.247
783    -78.264
784    -79.026
785    -42.176
786    -44.105
787    -44.376
788    -42.347
789    -42.348
790    -42.141
791    -44.533
792    -44.032
793    -43.336998
794    -42.354
795    -52.009
796    -52.946
797    -53.446
798    -54.145
799    -51.263
800    -54.405
801    -50.002
802    -52.262
803    -43.988
804    -43.062
805    -41.692
806    -44.383
807    -74.059
808    -73.318
809    -72.297
810    -73.95
811    -73.795
812    -72.206
813    -74.444
814    -73.776
815    -72.516
816    -73.325
817    -72.239
818    -73.974
819    -72.188
820    -78.191
821    -76.516
822    -79.508
823    -78.256
824    -46.123
825    -47.994
826    -48.314
827    -44.591
828    -47.168
829    -48.089
830    -47.447
831    -45.93
832    -47.631
833    -48.131
834    -48.225
835    -45.494
836    -47.2
837    -48.237
838    -46.344
839    -48.503
840    -47.298
841    -45.605
842    -47.988
843    -48.164
844    -46.011
845    -47.269
846    -47.22
847    -48.328
848    -45.281
849    -48.395
850    -46.226
851    -48.048
852    -48.391
853    -43.964
854    -46.989
855    -48.277
856    -47.959
857    -46.115
858    -48.031
859    -48.343
860    -46.131
861    -47.38
862    -48.4
863    -48.076
864    -44.051
865    -48.248
866    -46.417
867    -47.142
868    -48.156
869    -47.134
870    -45.442
871    -47.591
872    -48.277
873    -45.293
874    -47.999
875    -48.27
876    -46.291
877    -46.959
878    -45.773
879    -46.868
880    -48.512
881    -50.178
882    -46.605
883    -49.86
884    -46.737
885    -44.497
886    -50.008
887    -51.355
888    -47.028
889    -45.849
890    -48.11
891    -48.253
892    -44.405
893    -47.997
894    -48.128
895    -45.11
896    -48.175
897    -48.094
898    -47.38
899    -45.141
900    -48.137
901    -47.889
902    -48.327
903    -44.117
904    -47.359
905    -48.275
906    -45.103
907    -48.252
908    -48.274
909    -45.373
910    -48.148
911    -48.226
912    -44.879
913    -48.085
914    -48.222
915    -47.850998
916    -46.527
917    -48.544
918    -48.190998
919    -48.142
920    -44.714
921    -46.292
922    -46.196
923    -48.086998
924    -47.458
925    -48.202
926    -46.234
927    -46.065
928    -47.08
929    -48.082
930    -46.009
931    -48.014
932    -48.221
933    -48.242
934    -45.471
935    -47.949
936    -47.093
937    -48.263
938    -46.624
939    -47.694
940    -46.331
941    -48.282
942    -47.901
943    -46.959
944    -45.315998
945    -46.834
946    -47.963
947    -47.005
948    -44.922
949    -47.852
950    -48.141
951    -43.28
952    -41.301
953    -43.331
954    -40.971
955    -43.193
956    -42.938
957    -41.384
958    -43.226
959    -43.408
960    -43.41
961    -40.3
962    -41.476
963    -43.093
964    -42.388
965    -43.427
966    -43.214
967    -41.072998
968    -43.402
969    -43.132
970    -42.5
971    -41.096
972    -43.435
973    -42.756
974    -32.1
975    -34.334
976    -34.223
977    -34.797
978    -34.531
979    -33.49
980    -34.401
981    -33.416
982    -33.865
983    -34.103
984    -33.414
985    -33.417
986    -34.436
987    -34.512
988    -34.45
989    -34.348
990    -33.134
991    -38.133
992    -34.616
993    -34.192
994    -34.091
995    -38.997
996    -34.072
997    -33.244
998    -32.795
999    -34.374
1000    -39.568
1001    -33.242
1002    -34.457
1003    -38.427
1004    -34.582
1005    -33.554
1006    -37.784
1007    -34.226
1008    -34.495
1009    -34.512
1010    -38.177
1011    -34.309
1012    -33.908
1013    -34.5
1014    -34.778
1015    -38.866
1016    -34.507
1017    -34.586
1018    -34.358
1019    -38.498
1020    -33.942
1021    -33.434
1022    -34.544
1023    -39.733
1024    -34.485
1025    -33.984
1026    -33.427
1027    -34.672
1028    -34.586998
1029    -39.443
1030    -34.36
1031    -34.335
1032    -34.187
1033    -33.408
1034    -34.105
1035    -34.291
1036    -34.307
1037    -34.429
1038    -34.037
1039    -33.952
1040    -34.646
1041    -34.411
1042    -34.351
1043    -34.379
1044    -34.696
1045    -34.682
1046    -34.325
1047    -32.723
1048    -34.054
1049    -34.335
1050    -34.681
1051    -34.608
1052    -33.068
1053    -34.793
1054    -34.489
1055    -34.485
1056    -34.414
1057    -34.494
1058    -33.384
1059    -34.233
1060    -34.514
1061    -34.729
1062    -39.347
1063    -38.354
1064    -39.052
1065    -34.204
1066    -38.366
1067    -39.463
1068    -34.105
1069    -39.621
1070    -39.373
1071    -39.229
1072    -39.173
1073    -39.484
1074    -28.55
1075    -28.819
1076    -28.391
1077    -28.93
1078    -28.25
1079    -28.568
1080    -28.433
1081    -28.914
1082    -28.389
1083    -28.708
1084    -27.811
1085    -26.827
1086    -28.355
1087    -28.459
1088    -28.496
1089    -28.624
1090    -28.496
1091    -28.55
1092    -28.584
1093    -28.442
1094    -28.399
1095    -28.66
1096    -27.656
1097    -28.541
1098    -28.611
1099    -28.558
1100    -28.621
1101    -27.808
1102    -27.242
1103    -28.914
1104    -28.689
1105    -27.439
1106    -28.973
1107    -27.344
1108    -28.306
1109    -28.516
1110    -28.594
1111    -28.494999
1112    -28.712
1113    -27.677
1114    -28.902
1115    -28.553
1116    -28.504
1117    -27.591
1118    -28.288
1119    -28.433
1120    -27.979
1121    -27.447
1122    -28.351
1123    -28.761
1124    -28.805
1125    -27.098
1126    -28.445
1127    -28.255
1128    -29.622
1129    -29.702
1130    -28.455
1131    -28.73
1132    -28.899
1133    -28.664
1134    -27.544
1135    -28.277
1136    -28.524
1137    -28.316
1138    -27.806
1139    -28.494
1140    -26.784
1141    -28.305
1142    -28.19
1143    -28.409
1144    -27.54
1145    -28.803
1146    -27.874
1147    -28.734
1148    -28.595
1149    -27.607
1150    -28.529
1151    -28.544
1152    -28.671
1153    -28.339
1154    -28.26
1155    -28.657
1156    -28.64
1157    -27.943
1158    -28.869
1159    -28.604
1160    -28.569
1161    -27.83
1162    -27.846
1163    -27.881
1164    -28.571
1165    -28.362
1166    -28.801
1167    -27.324
1168    -28.714
1169    -28.368
1170    -28.307
1171    -27.892
1172    -26.44
1173    -28.646
1174    -28.757
1175    -28.605999
1176    -28.469
1177    -27.507
1178    -28.378
1179    -28.704
1180    -28.431
1181    -28.79
1182    -28.261
1183    -28.594
1184    -28.676
1185    -27.701
1186    -28.677
1187    -28.362999
1188    -28.344
1189    -28.704
1190    -28.59
1191    -28.325
1192    -28.49
1193    -28.212
1194    -28.318
1195    -27.612999
1196    -26.633
1197    -28.22
1198    -28.55
1199    -28.669
1200    -29.011
1201    -27.03
1202    -28.675
1203    -28.668
1204    -28.980999
1205    -29.046
1206    -28.598
1207    -28.28
1208    -28.704
1209    -27.549
1210    -26.718
1211    -28.298
1212    -28.855999
1213    -28.794
1214    -28.466
1215    -28.804
1216    -28.499
1217    -11.318
1218    -11.866
1219    -28.631
1220    -12.097
1221    -27.307
1222    -10.8689995
1223    -28.27
1224    -9.506
1225    -13.0789995
1226    -28.649
1227    -10.94
1228    -28.603
1229    -11.92
1230    -11.1189995
1231    -10.837
1232    -9.368
1233    -11.996
1234    -12.202
1235    -8.665
1236    -10.816
1237    -12.07
1238    -7.09
1239    -28.149
1240    -12.207
1241    -11.673
1242    -11.582
1243    -6.7939997
1244    -12.056
1245    -5.172
1246    -11.797
1247    -6.555
1248    -8.561
1249    -12.891
1250    -8.14
1251    -10.757999
1252    -6.935
1253    -11.488
1254    -6.238
1255    -6.211
1256    -7.047
1257    -10.714
1258    -8.705
1259    -6.578
1260    -6.874
1261    -7.229
1262    -7.354
1263    -7.203
1264    -7.704
1265    -11.14
1266    -8.319
1267    -11.991
1268    -4.74
1269    -10.6779995
1270    0.34100008
1271    -11.004
1272    -6.4849997
1273    -10.993
1274    -5.171
1275    -7.123
1276    -6.832
1277    -11.29
1278    -7.5299997
1279    -11.812
1280    -6.85
1281    -8.029
1282    -6.8199997
1283    -11.847
1284    -5.968
1285    -10.615
1286    -6.758
1287    -11.962
1288    -9.92
1289    -7.527
1290    -8.042
1291    -4.4
1292    -6.866
1293    -11.818
1294    -7.718
1295    -11.363
1296    -6.9119997
1297    -11.006
1298    -8.61
1299    -11.953
1300    -8.809
1301    -11.894
1302    -8.193
1303    -10.411
1304    -11.84
1305    -6.855
1306    -6.7679996
1307    -11.045
1308    -6.64
1309    -11.618
1310    -5.986
1311    -5.722
1312    -33.247
1313    -34.176
1314    -34.394
1315    -34.081
1316    -34.595
1317    -34.387
1318    -34.53
1319    -33.227
1320    -34.492
1321    -33.348
1322    -34.402
1323    -33.327
1324    -34.498
1325    -34.009
1326    -34.151
1327    -34.527
1328    -34.254
1329    -33.304
1330    -34.133
1331    -34.367
1332    -34.387
1333    -33.485
1334    -34.497
1335    -34.24
1336    -34.263
1337    -33.89
1338    -34.151
1339    -34.219
1340    -34.388
1341    -34.691
1342    -34.038
1343    -34.038
1344    -34.190998
1345    -34.497
1346    -34.292
1347    -34.215
1348    -34.588
1349    -34.434
1350    -34.376
1351    -33.032
1352    -34.703
1353    -33.144
1354    -34.355
1355    -33.558
1356    -34.487
1357    -34.361
1358    -34.332
1359    -34.141
1360    -34.47
1361    -33.465
1362    -34.572998
1363    -32.556
1364    -33.454
1365    -34.656
1366    -34.454
1367    -34.774
1368    -34.005
1369    -34.508
1370    -34.509
1371    -34.37
1372    -34.686
1373    -33.349
1374    -34.449
1375    -34.226
1376    -34.032
1377    -34.554
1378    -33.58
1379    -34.297
1380    -34.596
1381    -34.578
1382    -34.565
1383    -34.069
1384    -34.706
1385    -34.235
1386    -34.492
1387    -33.412
1388    -34.268
1389    -34.721
1390    -34.707
1391    -34.553
1392    -33.436
1393    -34.568
1394    -34.697998
1395    -34.572
1396    -34.602
1397    -34.21
1398    -34.572998
1399    -34.125
1400    -33.379
1401    -33.443
1402    -34.455
1403    -33.413
1404    -34.242
1405    -33.529
1406    -33.019
1407    -34.61
1408    -34.604
1409    -34.568
1410    -34.179
1411    -33.773
1412    -34.525
1413    -34.798
1414    -34.457
1415    -33.028
1416    -34.665
1417    -34.162
1418    -34.435
1419    -33.342
1420    -34.302
1421    -34.788
1422    -33.888
1423    -34.445
1424    -33.72
1425    -34.515
1426    -34.48
1427    -33.696
1428    -32.932
1429    -34.512
1430    -34.39
1431    -33.072998
1432    -34.476
1433    -34.33
1434    -39.441
1435    -39.507
1436    -39.313
1437    -39.527
1438    -39.254
1439    -39.119
1440    -39.25
1441    -38.621
1442    -39.539
1443    -39.436
1444    -39.57
1445    -39.359
1446    -37.809
1447    -39.457
1448    -39.233
1449    -39.19
1450    -39.327
1451    -39.491
1452    -37.795
1453    -39.221
1454    -37.253
1455    -37.354
1456    -39.116
1457    -39.271
1458    -39.577
1459    -39.293
1460    -38.774
1461    -39.376
1462    -39.731
1463    -38.863
1464    -38.304
1465    -37.236
1466    -37.636
1467    -33.778
1468    -34.232
1469    -34.236
1470    -34.431
1471    -34.413
1472    -34.22
1473    -34.553
1474    -34.164
1475    -34.685
1476    -34.21
1477    -34.575
1478    -34.346
1479    -34.356
1480    -34.756
1481    -27.387
1482    -28.278
1483    -28.376
1484    -33.297
1485    -32.312
1486    -32.644
1487    -32.656
1488    -31.197
1489    -31.442
1490    -32.371
1491    -32.21
1492    -32.494
1493    -32.484
1494    -32.529
1495    -54.52
1496    -54.936
1497    -53.909
1498    -53.253
1499    -55.007
1500    -53.594
1501    -54.102
1502    -54.364
1503    -52.713
1504    -55.235
1505    -55.005
1506    -54.616
1507    -54.362
1508    -53.693
1509    -55.292
1510    -53.805
1511    -54.981
1512    -53.506
1513    -54.792
1514    -53.204
1515    -54.563
1516    -55.547
1517    -54.911
1518    -54.351
1519    -54.746
1520    -55.277
1521    -55.301
1522    -54.581
1523    -55.319
1524    -54.644
1525    -56.309
1526    -56.304
1527    -55.667
1528    -56.147
1529    -54.479
1530    -56.059
1531    -55.21
1532    -55.329
1533    -55.486
1534    -56.144
1535    -50.786
1536    -55.297
1537    -55.945
1538    -55.463
1539    -43.234
1540    -56.092
1541    -54.571
1542    -55.105
1543    -55.544
1544    -56.341
1545    -55.975
1546    -56.226
1547    -55.75
1548    -56.008
1549    -55.341
1550    -43.427
1551    -56.289
1552    -54.447
1553    -56.032
1554    -51.011
1555    -55.388
1556    -54.419
1557    -55.864
1558    -56.011
1559    -55.533
1560    -51.107
1561    -56.311
1562    -55.495
1563    -56.189
1564    -55.528
1565    -56.022
1566    -54.389
1567    -56.34
1568    -51.074
1569    -55.725
1570    -55.942
1571    -54.607
1572    -56.312
1573    -50.878
1574    -55.691
1575    -56.012
1576    -54.676
1577    -55.276
1578    -55.569
1579    -53.274
1580    -51.275
1581    -55.652
1582    -56.296
1583    -54.676
1584    -56.256
1585    -55.732
1586    -50.102
1587    -56.135
1588    -55.857
1589    -55.244
1590    -55.605
1591    -55.956
1592    -54.504
1593    -49.751
1594    -54.424
1595    -55.347
1596    -56.051
1597    -50.354
1598    -56.396
1599    -43.231
1600    -55.955
1601    -55.637
1602    -56.362
1603    -55.451
1604    -56.053
1605    -55.657
1606    -55.082
1607    -33.57
1608    -54.645
1609    -56.18
1610    -43.01
1611    -55.55
1612    -43.362
1613    -56.190998
1614    -51.347
1615    -55.82
1616    -55.836998
1617    -55.628
1618    -43.576
1619    -49.953
1620    -55.076
1621    -55.477
1622    -55.252
1623    -55.02
1624    -56.367
1625    -50.937
1626    -43.241
1627    -55.068
