0    -29.191
1    -37.738
2    -28.94
3    -29.086
4    -36.856
5    -35.873
6    -35.905
7    -37.669
8    -29.31
9    -35.749
10    -36.599
11    -35.535
12    -36.779
13    -35.735
14    -35.152
15    -28.85
16    -35.72
17    -29.082
18    -36.892
19    -28.984
20    -35.776
21    -34.065998
22    -35.884
23    -35.537
24    -35.777
25    -28.89
26    -36.913
27    -34.762
28    -35.482
29    -36.66
30    -35.683
31    -35.41
32    -28.598999
33    -35.518
34    -35.54
35    -35.685
36    -35.515
37    -29.145
38    -35.616
39    -35.542
40    -35.445
41    -28.783
42    -35.124
43    -35.667
44    -29.372
45    -36.697
46    -36.706
47    -35.569
48    -35.755
49    -28.583
50    -35.567
51    -29.184
52    -35.71
53    -36.819
54    -35.541
55    -36.729
56    -36.645
57    -28.938
58    -35.497
59    -35.618
60    -34.731
61    -35.092
62    -35.738
63    -28.957
64    -36.338
65    -29.136
66    -35.932
67    -35.163
68    -35.728
69    -35.439
70    -35.867
71    -35.658
72    -36.595
73    -36.118
74    -36.023
75    -35.654
76    -36.598
77    -36.263
78    -35.942
79    -28.84
80    -37.784
81    -35.673
82    -36.713
83    -37.433
84    -35.606
85    -29.161
86    -29.103
87    -35.682
88    -35.658
89    -29.384
90    -35.535
91    -29.155
92    -28.712
93    -36.08
94    -39.249
95    -29.105999
96    -35.256
97    -35.644
98    -35.685
99    -35.26
100    -35.675
101    -35.619
102    -29.413
103    -35.696
104    -35.689
105    -28.736
106    -28.929
107    -36.658
108    -35.187
109    -36.235
110    -35.806
111    -34.715
112    -36.554
113    -36.926
114    -35.755
115    -36.715
116    -35.815
117    -35.762
118    -28.521
119    -29.332
120    -35.693
121    -35.81
122    -38.212
123    -35.801
124    -29.296
125    -35.665
126    -36.456
127    -35.87
128    -36.571
129    -28.816
130    -35.633
131    -35.693
132    -38.995
133    -36.15
134    -36.687
135    -34.708
136    -37.079
137    -29.116
138    -36.913
139    -35.755
140    -35.302
141    -35.735
142    -28.629
143    -35.999
144    -35.725
145    -35.474
146    -37.271
147    -41.068
148    -39.284
149    -39.163
150    -39.961
151    -32.833
152    -39.932
153    -42.044
154    -33.017
155    -32.84
156    -32.675
157    -39.566
158    -40.194
159    -32.791
160    -32.771
161    -39.267
162    -39.547
163    -32.894
164    -32.692
165    -40.79
166    -39.56
167    -39.646
168    -39.599
169    -39.546
170    -39.502
171    -39.713
172    -32.743
