0    4.408
1    4.112
2    4.329
3    5.421
4    4.2530003
5    4.373
6    4.255
7    4.24
8    4.263
9    4.28
10    4.669
11    6.031
12    4.156
13    4.168
14    4.714
15    4.853
16    8.876
17    6.464
18    6.496
19    7.518
20    6.496
21    7.125
22    7.5290003
23    7.518
24    7.469
25    6.496
26    7.486
27    7.469
28    7.404
29    6.496
30    14.432
31    2.986
32    2.726
33    2.703
34    -14.831
35    2.578
36    3.172
37    2.4490001
38    2.821
39    2.675
40    2.792
41    -127.520996
42    -127.147
43    -127.16
44    -127.311
45    -127.317
46    -127.201
47    -2.925
48    -3.2979999
49    -3.586
50    -2.1469998
51    -3.525
52    -2.497
53    -3.297
54    -2.175
55    -3.66
56    -3.448
57    -2.874
58    -2.5029998
59    -2.388
60    -3.163
61    -3.391
62    -2.462
63    -3.25
64    -4.404
65    -3.373
66    -3.204
67    -3.155
68    -3.583
69    -2.769
70    -2.228
71    -2.3509998
72    -3.634
73    -2.887
74    -3.523
75    -3.468
76    -3.0939999
77    -4.608
78    -1.3809998
79    -4.425
80    -3.453
81    -4.504
82    -1.0199997
83    -3.2659998
84    -3.241
85    -6.404
86    -2.1499999
87    -6.444
88    -3.6529999
89    -6.654
90    -4.67
91    -7.554
92    -6.684
93    -6.51
94    -7.099
95    -6.301
96    -5.569
97    -7.605
98    -6.351
99    -6.609
100    -5.496
101    -6.642
102    -6.67
103    -6.619
104    -6.621
105    -6.465
106    -5.776
107    -4.262
108    -4.837
109    -6.709
110    -7.4309998
111    -6.608
112    -6.351
113    -2.402
114    -2.4
115    -3.087
116    -3.102
117    -3.663
118    -3.975
119    -3.767
120    -4.029
121    -3.921
122    -6.137
123    -3.75
124    -3.935
125    -2.7919998
126    -3.1929998
127    -1.981
128    -2.8769999
129    -3.666
130    -3.999
131    -6.044
132    -3.586
133    -3.9720001
134    -4.204
135    -4.352
136    -4.374
137    -3.725
138    -8.6
139    -3.596
140    -3.619
141    -3.5289998
142    -3.2269998
143    -3.4819999
144    -2.524
145    -2.9369998
146    -6.144
147    -5.917
148    -6.169
149    -6.097
150    -6.586
151    -6.391
152    -6.043
153    -5.257
154    -6.873
155    -7.149
156    -7.1809998
157    -18.023
158    -1.917
159    -1.904
160    -1.894
161    -1.901
162    -1.902
163    -7.111
164    -1.845
165    -7.015
166    -1.926
167    -4.24
168    -3.957
169    -7.386
170    -7.314
171    -6.855
172    -6.815
173    -7.142
174    -6.979
175    -4.466
176    -6.9779997
177    -4.2019997
178    -5.981
179    -1.883
180    -4.374
181    -4.797
182    -1.885
183    -4.283
184    -1.888
185    -1.899
186    -1.895
187    -1.886
188    -1.88
189    -1.904
190    -1.874
191    -1.888
192    -1.903
193    -5.071
194    -1.878
195    -5.075
196    -2.019
197    -2.217
198    -1.6359999
199    -1.989
200    -1.855
201    -4.06
202    -1.9959999
203    -2.321
204    -1.879
205    -1.5789999
206    -1.879
207    -2.209
208    -1.873
209    -1.853
210    -1.967
211    -1.898
212    -1.878
213    -1.875
214    -1.878
215    -1.861
216    -0.3479998
217    -2.129
218    -1.948
219    -1.824
220    -2.762
221    -1.904
222    -1.899
223    -1.885
224    -5.026
225    -1.885
226    -16.43
227    -1.8479999
228    -2.264
229    -17.039
230    -1.925
231    -0.9879999
232    -1.219
233    -1.8429999
234    -1.438
235    -1.91
236    -1.869
237    -1.881
238    -1.874
239    -1.896
240    -1.6509999
241    -1.898
242    -1.882
243    -1.883
244    -2.32
245    -2.295
246    -1.7119999
247    -1.5209999
248    -1.4999999
249    -1.5979999
250    -1.893
251    -1.9619999
252    -1.9
253    -15.038
254    -15.323
255    -14.565
256    -6.176
257    -2.425
258    -5.353
259    -2.42
260    -1.995
261    1.442
262    1.526
263    1.526
264    -11.899
265    -11.899
266    2.462
267    1.8510001
268    1.6730001
269    2.048
270    1.8700001
271    1.52
272    1.8670001
273    1.669
274    1.823
275    -2.204
276    -1.931
277    -2.062
278    -2.393
279    -0.4239999
280    -1.379
281    -2.157
282    -2.229
283    -1.896
284    -1.881
285    -1.901
286    -1.901
287    -1.89
288    -2.124
289    -3.178
290    -3.289
291    -3.289
292    -2.4889998
293    -2.4889998
294    -3.461
295    -1.96
296    -2.162
297    -2.9109998
298    -3.442
299    -3.442
300    -1.935
301    -3.2779999
302    -3.2779999
303    -3.314
304    -1.0649998
305    -1.0649998
306    -3.356
307    -2.7989998
308    -3.1599998
309    -2.5819998
310    -3.067
311    -2.613
312    -2.6079998
313    -2.063
314    -2.7059999
315    -3.554
316    2.095
317    1.666
318    1.376
319    2.196
320    1.484
321    1.46
322    2.3530002
323    17.18
324    1.493
325    1.934
326    1.446
327    3.2970002
328    1.33
329    -3.6139998
330    1.319
331    1.817
332    -0.53
333    1.208
334    1.455
335    1.5020001
336    1.689
337    1.411
338    1.724
339    4.498
340    1.451
341    1.725
342    1.497
343    1.582
344    1.773
345    1.473
346    1.557
347    1.632
348    1.57
349    1.292
350    1.531
351    1.75
352    1.422
353    1.53
354    1.208
355    1.315
356    1.592
357    -0.10899997
358    -4.571
359    1.501
360    1.426
361    1.426
362    2.18
363    1.369
364    -1.6159999
365    1.451
366    1.829
367    1.829
368    1.69
369    1.577
370    1.577
371    1.54
372    1.348
373    1.482
374    1.82
375    1.82
376    2.183
377    2.183
378    1.4430001
379    1.4430001
380    7.5730004
381    1.54
382    1.599
383    1.599
384    1.3840001
385    1.474
386    1.631
387    2.218
388    1.724
389    1.615
390    1.503
391    1.526
392    1.526
393    1.827
394    1.5810001
395    1.6830001
396    1.432
397    1.369
398    1.595
399    1.8700001
400    1.9350001
401    1.5680001
402    1.6620001
403    1.61
404    1.589
405    1.5910001
406    1.672
407    1.708
408    1.7030001
409    1.422
410    1.951
411    1.577
412    1.9590001
413    1.465
414    1.348
415    1.79
416    1.403
417    1.334
418    1.5550001
419    1.615
420    1.362
421    8.347
422    2.664
423    1.78
424    1.564
425    1.4350001
426    1.451
427    1.688
428    1.8240001
429    1.7870001
430    2.186
431    1.44
432    1.423
433    1.423
434    1.9360001
435    1.7360001
436    1.741
437    1.4530001
438    -1.8189999
439    4.749
440    1.463
441    1.352
442    2.134
443    1.472
444    1.892
445    1.46
446    1.425
447    1.881
448    1.597
449    -5.209
450    1.344
451    2.038
452    1.6860001
453    2.8460002
454    2.601
455    0.564
456    1.6500001
457    2.641
458    -6.301
459    1.383
460    1.665
461    1.677
462    2.468
463    1.355
464    1.602
465    1.511
466    1.655
467    1.908
468    1.546
469    1.994
470    1.692
471    2.7020001
472    1.467
473    1.498
474    2.468
475    2.468
476    3.311
477    1.368
478    1.482
479    1.485
480    1.404
481    1.426
482    1.927
483    2.082
484    1.78
485    1.675
486    1.519
487    1.343
488    1.975
489    2.508
490    2.508
491    2.538
492    1.895
493    1.348
494    1.9260001
495    2.3390002
496    1.327
497    1.359
498    1.332
499    1.432
500    1.563
501    1.744
502    1.697
503    1.292
504    1.643
505    1.625
506    1.651
507    1.289
508    1.899
509    1.527
510    1.404
511    1.485
512    1.513
513    1.6300001
514    1.793
515    1.582
516    1.441
517    1.671
518    1.306
519    1.442
520    1.419
521    1.7360001
522    1.6470001
523    1.978
524    1.36
525    1.547
526    1.58
527    1.689
528    1.348
529    1.365
530    1.299
531    0.73200005
532    1.357
533    1.494
534    2.056
535    1.4300001
536    1.376
537    2.647
538    1.484
539    2.147
540    1.464
541    1.334
542    1.411
543    1.779
544    1.539
545    1.708
546    1.72
547    1.849
548    1.524
549    1.409
550    1.5680001
551    1.5940001
552    1.348
553    1.348
554    2.4
555    1.694
556    1.574
557    1.55
558    1.565
559    1.9480001
560    1.371
561    1.886
562    1.743
563    1.291
564    1.439
565    1.8970001
566    1.39
567    1.376
568    1.376
569    1.707
570    1.355
571    1.664
572    1.758
573    1.6
574    1.8110001
575    1.55
576    1.4580001
577    2.216
578    1.382
579    1.885
580    1.701
581    1.511
582    1.54
583    1.655
584    1.39
585    1.411
586    1.658
587    1.355
588    1.72
589    1.271
590    1.362
591    1.767
592    1.569
593    1.413
594    0.71000004
595    1.3840001
596    1.3840001
597    1.649
598    -1.0839999
599    1.8280001
600    1.5780001
601    2.009
602    1.415
603    1.585
604    1.625
605    1.9660001
606    1.688
607    1.774
608    1.37
609    1.472
610    1.895
611    1.451
612    1.505
613    1.6760001
614    1.839
615    1.6630001
616    1.776
617    1.6340001
618    1.6340001
619    1.731
620    1.9820001
621    1.51
622    1.5220001
623    1.6
624    1.494
625    1.474
626    1.315
627    1.587
628    1.842
629    1.993
630    1.497
631    2.101
632    1.6170001
633    1.6170001
634    1.543
635    1.461
636    1.573
637    1.573
638    1.322
639    1.5910001
640    1.402
641    1.355
642    1.797
643    1.636
644    1.69
645    -0.37899995
646    1.385
647    1.559
648    1.7820001
649    1.408
650    1.459
651    1.459
652    1.459
653    2.355
654    1.376
655    1.694
656    1.4860001
657    1.863
658    1.432
659    1.439
660    1.418
661    -1.187
662    -1.214
663    -0.831
664    -5.157
665    -0.90699995
666    -0.30499995
667    0.2800001
668    1.8950002
669    -0.27599996
670    -0.32399994
671    -1.219
672    0.6680001
673    1.307
674    -0.16199994
675    -0.16399997
676    0.7780001
677    -0.33599997
678    0.38400006
679    0.21600008
680    2.2810001
681    -4.199
682    1.98
683    0.68
684    1.023
685    0.611
686    -0.05099994
687    -0.40599996
688    0.64400005
689    0.78900003
690    0.17800009
691    -0.24899995
692    -0.23899996
693    0.98700005
694    1.1600001
695    1.064
696    0.004999995
697    -0.329
698    -0.32999998
699    0.04100001
700    1.3240001
701    -0.31899995
702    0.4740001
703    -0.371
704    -0.20499998
705    0.79800004
706    44.375004
707    0.14900005
708    -0.35599995
709    0.896
710    0.13500011
711    0.03400004
712    -6.171
713    -0.18599999
714    -0.018999934
715    0.04100001
716    -0.02699995
717    -0.030999959
718    -0.477
719    0.3060001
720    -0.06499994
721    -0.32399994
722    -0.33199996
723    0.1270001
724    -1.1159999
725    -0.0069999695
726    0.06500006
727    0.08400011
728    0.20000005
729    0.19700003
730    -0.21199995
731    0.39600003
732    -0.022999942
733    -0.16799998
734    -5.05
735    -0.25699997
736    -0.013999939
737    -0.08199996
738    0.36300004
739    -6.032
740    -0.037999928
741    0.13900006
742    -0.362
743    0.74500006
744    0.026000023
745    -0.021999955
746    -0.24999994
747    -6.267
748    0.3060001
749    1.682
750    -0.109999955
751    -0.095999956
752    -0.45599997
753    -0.10099995
754    -0.16999996
755    0.96700007
756    -0.055999935
757    0.708
758    0.2010001
759    1.019
760    -0.18199998
761    0.15400004
762    -2.817
763    0.0990001
764    -0.27099997
765    -0.42399997
766    0.92300004
767    1.4020001
768    1.9180001
769    -0.23399997
770    -0.339
771    -0.47899997
772    -0.311
773    0.97400004
774    1.024
775    0.22000003
776    1.8950002
777    -0.11899996
778    0.17500007
779    -1.874
780    -3.3899999
781    0.2010001
782    -0.44099998
783    -0.12599999
784    -0.0039999485
785    -0.18599999
786    -0.05699998
787    -0.28699994
788    -0.26799995
789    -0.5
790    0.42700005
791    0.16200006
792    -0.511
793    0.49800003
794    0.35200012
795    0.15600002
796    -0.24999994
797    -0.32699996
798    0.757
799    0.605
800    -0.11099994
801    0.5150001
802    0.41700006
803    0.093000054
804    0.27100003
805    -0.08399993
806    -0.23799998
807    -0.08099997
808    0.38600004
809    0.026000023
810    -0.45799994
811    -0.15699995
812    -0.015999973
813    0.23700011
814    1.159
815    0.18300009
816    -0.015999973
817    0.11900008
818    -0.371
819    -0.40499997
820    -0.18199998
821    -0.14199996
822    -0.14199996
823    0.73200005
824    0.018000007
825    -0.06099993
826    0.88000005
827    -0.18799996
828    -0.274
829    0.28700006
830    0.61000013
831    -0.16499996
832    0.2520001
833    1.139
834    -0.30399996
835    0.62600005
836    -0.17199993
837    -0.031999946
838    0.18900001
839    0.06100011
840    0.18300009
841    0.08000004
842    0.906
843    0.70100003
844    1.067
845    0.18700004
846    0.22900009
847    -0.022999942
848    0.027999997
849    -6.272
850    0.60200006
851    -0.042999983
852    -0.051999927
853    0.16600001
854    0.24400008
855    0.21200001
856    -0.28999996
857    0.69000006
858    0.83500004
859    0.28200006
860    0.09500003
861    0.16200006
862    -0.37699997
863    -0.28899997
864    0.05700004
865    -0.05099994
866    -0.39099997
867    0.39200008
868    0.03700006
869    0.20000005
870    0.10699999
871    -0.32799995
872    -0.15199995
873    0.24800003
874    -0.468
875    0.8950001
876    -0.38099998
877    1.381
878    -0.31499994
879    -0.11599994
880    1.6800001
881    0.035000086
882    -0.18499994
883    -0.23599994
884    -0.037999928
885    -0.11599994
886    -0.399
887    -0.16199994
888    -0.06999993
889    0.046000004
890    -0.7939999
891    -1.503
892    -0.022999942
893    -1.348
894    -1.394
895    -3.558
896    -1.3269999
897    -1.114
898    -1.046
899    -1.083
900    -1.1669999
901    -0.97599995
902    -4.499
903    -0.6969999
904    -1.43
905    0.5410001
906    -1.089
907    -1.089
908    -0.035999894
909    0.90600014
910    0.7980001
911    1.6490002
912    0.23200011
913    -0.08699995
914    0.22300005
915    0.6020001
916    0.06400001
917    -0.14699996
918    0.3310001
919    -0.07799995
920    -0.30799997
921    0.5020001
922    0.15500009
923    -0.0019999743
924    -1.0179999
925    0.18200004
926    -0.07899994
927    0.06100011
928    0.31300008
929    0.4460001
930    -0.59099996
931    0.76300013
932    0.0040000677
933    -0.092999935
934    0.003000021
935    0.26900005
936    -0.10899997
937    -0.0069999695
938    0.08800006
939    -0.834
940    0.066000104
941    -3.366
942    -1.1209999
943    -1.282
944    -1.26
945    -1.114
946    -1.17
947    -1.257
948    -3.4429998
949    -0.26699996
950    0.13600016
