0    -34.711
1    -34.397
2    -33.576
3    -34.18
4    -34.17
5    -34.682
6    -39.406
7    -33.714
8    -34.392
9    -39.132
10    -28.633
11    -27.434
12    -28.656
13    -27.717
14    -28.923
15    -28.827
16    -28.703
17    -28.788
18    -28.673
19    -28.727
20    -28.647
21    -27.348
22    -27.438
23    -28.769
24    -28.467
25    -28.737
26    -28.223999
27    -28.457
28    -28.619999
29    -27.912
30    -28.625
31    -28.565
32    -27.456
33    -28.27
34    -27.597
35    -28.625
36    -28.648
37    -28.412
38    -28.541
39    -28.847
40    -28.927
41    -28.885
42    -28.824
43    -28.634
44    -28.661
45    -28.769
46    -27.329
47    -28.437
48    -28.699
49    -28.543
50    -28.244
51    -28.473
52    -28.585
53    -28.807
54    -28.391
55    -28.737
56    -26.889
57    -28.566
58    -27.674
59    -27.506
60    -27.924
61    -27.786
62    -28.516
63    -28.612
64    -28.829
65    -28.788
66    -28.543
67    -28.73
68    -27.576
69    -28.763
70    -28.954
71    -28.388
72    -27.374
73    -28.734
74    -28.373
75    -28.434
76    -28.617
77    -28.472
78    -28.73
79    -28.694
80    -26.994999
81    -28.57
82    -28.799
83    -58.613
84    -26.656
85    -58.731
86    -28.782
87    -58.767
88    -28.027
89    -57.571
90    -28.616
91    -58.095
92    -28.475
93    -57.947
94    -28.084
95    -28.748
96    -28.718
97    -28.108
98    -57.347
99    -28.923
100    -58.858
101    -28.438
102    -58.595
103    -28.609
104    -58.825
105    -27.56
106    -58.227
107    -28.592
108    -57.918
109    -28.802
110    -58.722
111    -28.987
112    -58.593
113    -28.991
114    -58.86
115    -28.654
116    -58.495
117    -28.475
118    -58.53
119    -28.385
120    -55.92
121    -28.499
122    -58.452
123    -28.909
124    -58.779
125    -28.215
126    -58.656
127    -27.405
128    -59.771
129    -27.965
130    -58.336
131    -27.507
132    -58.808
133    -28.45
134    -58.51
135    -28.698
136    -57.614998
137    -34.493
138    -62.594
139    -33.697
140    -63.9
141    -34.308
142    -63.013
143    -34.589
144    -64.781
145    -33.506
146    -64.402
147    -32.414
148    -67.351
149    -33.199
150    -64.333
151    -34.251
152    -64.712
153    -34.42
154    -62.974
155    -34.519
156    -63.464
157    -33.343
158    -64.278
159    -34.606
160    -64.337
161    -34.113
162    -64.204
163    -34.575
164    -63.842
165    -34.653
166    -66.549
167    -34.384
168    -64.286
169    -34.479
170    -64.703
171    -33.71
172    -64.248
173    -33.531
174    -64.145
175    -34.571
176    -64.52
177    -63.528
178    -33.709
179    -64.354
180    -34.344
181    -64.674
182    -33.828
183    -64.21
184    -34.759
185    -64.368
186    -34.522
187    -64.144
188    -33.86
189    -63.533
190    -34.449
191    -64.649
192    -34.447
193    -64.213
194    -34.208
195    -64.379
196    -34.748
197    -64.292
198    -34.396
199    -64.06
200    -34.431
201    -64.198
202    -33.521
203    -63.626
204    -34.516
205    -64.601
206    -34.389
207    -63.46
208    -34.341
209    -64.31
210    -34.54
211    -64.36
212    -34.287
213    -65.083
214    -34.341
215    -64.127
216    -34.446
217    -65.302
218    -32.47
219    -64.498
220    -33.365
221    -66.875
222    -34.225
223    -63.585
224    -34.144
225    -64.427
226    -33.601
227    -63.054
228    -33.512
229    -64.473
230    -64.666
231    -32.981
232    -63.531
233    -33.623
234    -64.793
235    -34.344
236    -64.228
237    -34.361
238    -64.843
239    -34.114
240    -33.335
241    -64.701
242    -64.273
243    -34.767
244    -62.818
245    -33.374
246    -64.325
247    -34.748
248    -64.595
249    -33.409
250    -64.671
251    -33.679
252    -64.336
253    -33.621
254    -64.268
255    -34.349
256    -64.37
257    -34.364
258    -64.294
259    -33.313
260    -64.356
261    -34.369
262    -63.257
263    -33.425
264    -64.558
265    -34.238
266    -63.639
267    -34.249
268    -64.49
269    -67.069
270    -68.316
271    -68.693
272    -69.627
273    -69.985
274    -70.161
275    -68.579
276    -68.438
277    -68.377
278    -68.688
279    -39.681
280    -69.618
281    -39.469
282    -69.098
283    -38.915
284    -68.692
285    -39.308
286    -69.318
287    -39.628
288    -69.257
289    -39.565
290    -69.648
291    -39.441
292    -69.344
293    -39.539
294    -69.322
295    -37.821
296    -69.261
297    -39.527
298    -67.405
299    -34.842
300    -64.537
301    -33.190998
302    -67.072
303    -33.291
304    -66.554
305    -33.272
306    -64.495
307    -34.542
308    -64.468
309    -33.567
310    -64.649
311    -34.318
312    -64.679
313    -33.088
314    -67.162
315    -34.402
316    -28.478
317    -28.562
318    -28.717
319    -32.531
320    -32.238
321    -32.561
322    -32.899
323    -32.686
324    -32.33
325    -32.265
326    -32.585
327    -32.43
328    -32.697998
329    -32.278
330    -32.443
331    -54.116
332    -55.195
333    -54.416
334    -53.479
335    -55.019
336    -55.065
337    -55.252
338    -55.459
339    -53.901
340    -55.201
341    -55.37
342    -54.11
343    -54.859
344    -54.104
345    -54.663
346    -53.69
347    -55.576
348    -55.166
349    -54.094
350    -54.354
351    -54.944
352    -55.078
353    -55.193
354    -54.072998
355    -55.12
356    -55.315998
357    -55.987
358    -56.068
359    -56.207
360    -55.831
361    -56.438
362    -56.293
363    -55.883
364    -56.304
365    -55.341
366    -56.476
367    -56.065998
368    -43.46
369    -54.534
370    -43.16
371    -56.114
372    -50.52
373    -43.322
374    -43.192
375    -43.704
376    -43.27
377    -55.029
378    -43.381
379    -55.95
380    -43.399
381    -55.88
382    -42.123
383    -56.406
384    -43.371
385    -43.301
386    -56.378
387    -42.208
388    -56.289
389    -51.121
390    -43.286
391    -55.319
392    -43.217
393    -55.042
394    -43.458
395    -56.146
396    -51.028
397    -43.333
398    -55.952
399    -42.309
400    -56.244
401    -43.288
402    -56.497
403    -51.195
404    -43.431
405    -55.091
406    -43.159
407    -56.371
408    -43.216
409    -51.094
410    -55.51
411    -43.346
412    -54.964
413    -43.308
414    -56.308
415    -43.528
416    -51.22
417    -56.294
418    -43.481
419    -55.423
420    -42.447
421    -55.041
422    -50.033
423    -43.288
424    -56.02
425    -43.145
426    -55.97
427    -56.269
428    -51.105
429    -42.24
430    -43.374
431    -56.058
432    -43.08
433    -56.3
434    -43.143
435    -43.345
436    -53.975
437    -43.312
