0    -44.984
1    -28.321
2    -24.977
3    -28.954
4    -28.753
5    -28.742
6    -18.656
7    -27.058
8    -26.805
9    -26.95
10    -25.438
11    -27.807
12    -26.609
13    -28.862
14    -28.518
15    -26.525
16    -28.378
17    -15.0529995
18    -16.282999
19    -12.556
20    -4.33
21    -12.768
22    -12.427
23    -12.493
24    -12.271
25    -12.527
26    -13.77
27    -12.334
28    -12.564
29    -2.837
30    -12.739
31    -12.708
32    -12.555
33    -6.558
34    -14.402
35    -12.409
36    -12.432
37    -12.536
38    -12.2439995
39    -12.598
40    -12.19
41    -13.021
42    -11.974
43    -12.421
44    -12.741
45    -12.203
46    -12.698999
47    -12.654
48    -12.959
49    -12.895
50    -12.946
51    -12.459
52    -12.628
53    -12.696
54    -12.382999
55    -13.724
56    -12.91
57    -13.42
58    -12.089
59    -12.413
60    -16.167
61    -12.718
62    -12.792
63    -12.844
64    -12.891
65    -15.65
66    3.976
67    -12.36
68    -12.794
69    -15.627
70    -12.576
71    -15.655
72    -12.25
73    -6.849
74    -14.848
75    -12.716
76    -12.069
77    -3.264
78    -13.411
79    -9.927
80    -12.084
81    -11.52
82    -12.689
83    -12.661
84    -2.2009997
85    -2.988
86    -0.7609999
87    -2.497
88    -1.1949999
89    -0.51699996
90    -0.8529999
91    9.836
92    -1.1689999
93    -2.605
94    -1.9009998
95    -1.388
96    -0.92999995
97    -1.138
98    -2.714
99    -2.7189999
100    -2.98
101    -2.5679998
102    -2.4589999
103    -2.8509998
104    -2.236
105    -2.9559999
106    -1.8709998
107    -2.764
108    -2.677
109    -2.524
110    -2.59
111    -1.619
112    -2.8049998
113    -2.715
114    -1.7069998
115    -2.612
116    -2.979
117    -1.117
118    -1.006
119    -0.73099995
120    -0.82299995
121    -5.646
122    -4.928
123    -9.254
124    -5.834
125    -5.781
126    -5.9849997
127    -5.047
128    -5.968
129    -6.217
130    -5.395
131    -5.042
132    -7.0959997
133    -7.4049997
134    -8.483
135    -5.119
136    -5.212
137    -5.236
138    -4.851
139    -4.706
140    -3.429
141    -4.546
142    -3.9699998
143    -2.774
144    -7.9049997
145    2.5990002
146    1.7080001
147    3.101
148    1.713
149    6.7300005
150    1.8620001
151    2.528
152    2.1560001
153    3.078
154    1.6330001
155    3.1290002
156    1.9890001
157    1.5760001
158    2.176
159    3.3100002
160    2.4290001
161    2.5900002
162    0.5150001
163    -1.3659999
164    -1.8189999
165    -0.25099993
166    0.726
167    -2.0479999
168    -1.3659999
169    -15.389999
170    0.64500004
171    0.36100006
172    0.21700001
173    0.024000049
174    0.21600008
175    0.8010001
176    0.393
177    0.89100003
178    1.069
179    0.23800004
180    0.27200007
181    0.503
182    1.138
183    3.403
184    1.0570002
185    0.36300004
186    0.32900012
187    0.9720001
188    0.98600006
189    0.5860001
190    1.22
191    1.2060001
192    0.59300005
193    0.58400005
194    -3.454
195    2.0040002
196    1.8240001
197    -2.099
198    -1.9229999
199    -2.085
200    2.403
201    -1.9229999
202    1.9410001
203    -1.9559999
204    -1.9099998
205    -1.28
206    -1.2719998
207    -2.3339999
208    -1.8759999
209    -1.6399999
210    -1.5279999
211    -2.225
212    -2.11
213    -2.1859999
214    -2.289
215    -2.296
216    -2.2199998
217    -1.5439999
218    -1.6569998
219    -2.077
220    -2.087
221    -1.7419999
222    -1.3419998
223    -2.2189999
224    -1.5639999
225    -2.1209998
226    -2.0819998
227    -2.335
228    -2.0349998
229    -2.353
230    -1.668
231    -2.2519999
232    -2.0289998
233    -2.019
234    -1.6569998
235    -1.8449998
236    -1.839
237    -2.3119998
238    -2.02
239    1.659
240    2.236
241    1.4230001
242    -1.76
243    1.488
244    0.98200005
245    2.292
246    -5.896
247    -4.3739996
248    -6.095
249    -2.4499998
250    1.6120001
251    2.095
252    -2.7459998
253    1.705
254    3.233
255    0.99700004
256    0.96000004
257    1.8000001
258    -5.733
259    -6.1019998
260    1.3740001
261    -2.537
262    -2.6009998
263    0.98200005
264    -4.341
265    1.2440001
266    1.891
267    1.1880001
268    2.344
269    -2.836
270    1.539
271    1.9690001
272    -3.8669999
273    1.6060001
274    -1.7219999
275    1.7580001
276    1.9110001
277    1.274
278    2.667
279    -4.29
280    -3.5149999
281    1.8820001
282    2.028
283    1.3470001
284    -4.17
285    1.4150001
286    1.3510001
287    2.072
288    1.424
289    -3.768
290    2.2710001
291    -3.8219998
292    -3.655
293    -1.8759999
294    0.3460002
295    -2.169
296    -2.1859999
297    -3.669
298    -1.7379999
299    11.379
300    -2.202
301    -2.04
302    -0.33099997
303    -0.33099997
304    -2.1869998
305    1.8610001
306    -2.1299999
307    -1.6789999
308    -1.625
309    1.7290001
310    -1.7939999
311    -2.063
312    1.669
313    -2.3649998
314    -2.0749998
315    -1.9129999
316    2.5890002
317    1.9390001
318    -1.2219999
319    -0.43499994
320    -0.13499987
321    1.705
322    -2.0809999
323    1.488
324    -1.9699998
325    -2.4129999
326    0.046000004
327    1.7400001
328    1.8560001
329    1.766
330    1.9810001
331    1.2530003
332    -2.1
333    -1.8899999
334    -2.369
335    1.8920001
336    1.9290001
337    1.876
338    1.6450001
339    -2.097
340    1.654
341    1.8290001
342    1.6850001
343    -2.238
344    -2.0299997
345    -2.262
346    1.996
347    -1.6899998
348    -0.30199993
349    -1.964
350    1.631
351    2.153
352    -1.7789998
353    -1.9489999
354    -2.078
355    -4.147
356    -2.1959999
357    1.853
358    2.7340002
359    1.889
360    -0.30599988
361    -2.3649998
362    -2.152
363    1.789
364    1.5480001
365    -3.725
366    -5.654
367    -4.979
368    -6.441
369    0.18600011
370    -3.754
371    -4.297
372    0.123000145
373    0.55700016
374    2.3560002
375    -0.43599987
376    2.2250001
377    -5.533
378    2.4410002
379    1.3560002
380    -4.335
381    1.8750001
382    0.06500006
383    -3.843
384    1.8040001
385    1.531
386    -2.3669999
387    -4.04
388    -1.8679998
389    -4.672
390    -4.0889997
391    -2.605
392    0.20500016
393    5.76
394    2.171
395    -3.839
396    -4.067
397    -0.47399998
398    -3.949
399    -1.2659998
400    -4.354
401    2.2540002
402    -4.3459997
403    -1.691
404    4.186
405    -4.288
406    1.667
407    0.4130001
408    2.1550002
409    -1.6329999
410    2.036
411    -4.147
412    1.478
413    -2.8109999
414    0.50100005
415    2.062
416    -0.4439999
417    2.085
418    -6.667
419    0.98500013
420    -1.561
421    0.19000006
422    1.1570001
423    0.5050001
424    -1.537
425    -1.2419999
426    -2.6079998
427    -1.0949999
428    -1.647
429    -1.9419999
430    -1.2449999
431    -2.123
432    -2.133
433    -1.765
434    -2.0839999
435    -2.096
436    0.042000055
437    0.2600001
438    -2.3639998
439    -2.247
440    -1.862
441    -1.9239999
442    -1.4
443    -1.4419999
444    1.0040002
445    0.39800012
446    0.23200011
447    -1.875
448    -1.1999999
449    0.6240001
450    -1.986
451    1.2550001
452    0.24400008
453    -1.908
454    -1.849
455    0.37800002
456    0.771
457    -1.8349999
458    0.70800006
459    -1.938
460    0.45200002
461    0.11400008
462    0.35800004
463    -5.844
464    -5.705
465    -3.131
466    -5.217
467    -5.8059998
468    -5.729
469    -5.094
470    -5.8389997
471    -3.203
472    -3.224
473    -5.7
474    -3.2189999
475    -1.2049999
476    -3.183
477    -5.273
478    -5.514
479    -4.065
480    -3.004
481    -5.646
482    -3.156
483    -2.992
484    -5.508
485    -3.1529999
486    -5.578
487    -3.067
488    -3.1409998
489    -3.079
490    -3.181
491    -3.211
492    -5.252
493    -3.189
494    -5.87
495    -5.752
496    -5.245
497    -3.6929998
498    -5.4589996
499    -3.102
500    -5.591
501    -5.652
502    -3.144
503    -5.04
504    -3.216
505    -2.967
506    -5.594
507    -5.7869997
508    -3.154
509    -5.142
510    -3.1929998
511    -5.719
512    -5.637
513    -3.074
514    -3.22
515    -5.401
516    -3.26
517    -5.531
518    -3.1299999
519    -2.902
520    -5.562
521    -5.899
522    -3.225
523    -3.163
524    -3.142
525    -3.146
526    -2.471
527    -0.16599995
528    -5.519
529    -5.679
530    -3.115
531    -5.709
532    -9.602
533    -8.247
534    -9.872
535    -9.546
536    -9.518
537    -9.614
538    -9.736
539    -9.815
540    -9.225
541    -9.601
542    -9.784
543    -9.587
544    -9.838
545    -9.812
546    -9.908
547    -11.57
548    -9.795
549    -9.748
550    -9.815
551    -9.886
552    -9.615
553    -1.6669999
554    -1.902
555    -5.2269998
556    -5.613
557    -5.907
558    -3.212
559    -5.554
560    -5.333
561    -5.213
562    -3.149
563    -3.202
564    -5.89
565    -5.739
566    -5.8059998
567    -3.238
568    -3.116
569    -3.095
570    -7.706
571    -3.246
572    -3.181
573    -5.705
574    -3.123
575    -5.626
576    -5.825
577    -3.126
578    -3.059
579    -5.132
580    -3.642
581    -5.955
582    -7.626
583    -3.065
584    -3.1469998
585    -2.29
586    -3.2
587    -3.235
588    -5.321
589    -3.036
590    -5.56
591    -5.202
592    -3.224
593    -3.192
594    -3.078
595    -3.109
596    -5.441
597    -6.05
598    -5.3269997
599    -5.817
600    -3.155
601    -5.828
602    0.60300004
603    -3.238
604    0.89500004
605    -3.692
606    0.957
607    -3.1859999
608    -3.026
609    -7.752
610    -5.6689997
611    0.85300004
612    2.8330002
613    -1.181
614    1.312
615    1.1040001
616    -5.792
617    0.665
618    -5.489
619    -2.598
620    -3.218
621    -3.172
622    0.76100004
623    -3.204
624    -3.201
625    -0.10199988
626    -3.057
627    -0.34699994
628    0.78900003
629    0.76500005
630    0.47800004
631    -5.234
632    -0.66699994
633    -3.143
634    -3.071
635    1.2780001
636    0.6
637    0.57500005
638    1.424
639    0.883
640    -3.079
641    -4.213
642    0.947
643    1.393
644    0.92600006
645    0.957
646    0.772
647    0.88500005
648    0.657
649    0.86800003
650    0.61300004
651    1.2720001
652    0.3950001
653    1.2090001
654    -127.718
655    -127.727
656    -127.849
657    -127.582
658    -156.78
659    -156.718
660    -127.593
661    -127.529
662    -127.61
663    -127.794
664    -127.816
665    -127.772
666    -127.571
667    -127.562
668    -127.6
669    -127.537
670    -127.538
671    -127.537
672    -127.709
673    -127.619
674    -156.849
675    -127.62
676    -127.675
677    -127.693
678    -127.548996
679    -127.51
680    -127.657
681    -127.774
682    -156.854
683    -127.437
684    -127.468
685    -127.923
686    -127.897
687    -127.809
688    -127.797
689    -127.708
690    -127.91
691    -156.82
692    -156.818
693    -127.634
694    -127.737
695    -127.738
696    -127.712
697    -127.565
698    -127.589
699    -127.546
700    -127.718
701    -127.747
702    -127.776
703    -127.643
704    -156.827
705    -156.794
706    -156.841
707    -156.845
708    -156.855
709    -127.668
710    -156.798
711    -156.871
712    -127.696
713    -127.682
714    -127.583
715    -127.651
716    -127.393
717    -156.902
718    -127.782
719    -127.816
720    -127.75
721    -127.611
722    -127.655
723    -127.765
724    -127.728
725    -127.737
726    -127.765
727    -127.749
728    -127.822
729    -127.863
730    -127.753
731    -127.739
732    -127.716
733    -127.787
734    -127.682
735    -127.724
736    -127.694
737    -127.76
738    -127.764
739    -127.752
740    -127.738
741    -127.683
742    -127.729
743    -127.722
744    -127.683
