0    -19.692
1    -9.888
2    -6.252
3    -3.7329998
4    -3.995
5    -4.281
6    -3.835
7    -6.307
8    -5.868
9    -3.958
10    -4.678
11    -4.799
12    -2.862
13    -0.824
14    -0.8629999
15    -1.9029999
16    -5.76
17    -3.952
18    -3.208
19    -3.348
20    -7.7019997
21    -4.996
22    -3.6729999
23    -3.545
24    -2.804
25    -4.6019998
26    -6.988
27    -1.045
28    -1.187
29    -1.193
30    -0.98899996
31    -1.101
32    -1.1439999
33    -1.0469999
34    -1.354
35    -0.9749999
36    -1.288
37    -1.328
38    -1.313
39    -1.175
40    -1.173
41    -0.98599994
42    -1.231
43    -1.334
44    -1.148
45    -1.168
46    -1.217
47    -1.1819999
48    -1.0289999
49    -1.118
50    -1.1459999
51    -0.78199995
52    -0.9849999
53    -1.2779999
54    -1.342
55    -1.185
56    -0.8859999
57    -0.97299993
58    -1.1389999
59    -0.8879999
60    -0.7939999
61    -1.152
62    -6.593
63    -6.915
64    -3.817
65    -6.457
66    -7.659
67    -7.236
68    -14.099
69    -7.692
70    -7.3859997
71    -7.116
72    -7.88
73    -7.0559998
74    -7.284
75    -7.198
76    -7.208
77    -10.86
78    -7.56
79    -25.584
80    -26.576
81    -25.777
82    -25.883
83    -25.059
84    -26.026
85    -27.698
86    -25.879
87    -25.708
88    -25.836
89    -24.765
90    -27.812
91    -27.747
92    -25.619
93    -25.798
94    -25.059
95    -26.311
96    -26.73
97    -24.654
98    -26.152
99    -27.937
100    -27.892
101    -28.074
102    -27.112999
103    -31.242
104    -27.994
105    -27.933
106    -30.889
107    -29.756
108    -27.865
109    -30.806
110    -28.086
111    -27.862
112    -27.409
113    -28.114
114    -28.029
115    -27.943
116    -28.337
117    -27.949
118    -28.185
119    -18.145
120    -17.421
121    -18.116
122    -20.997
123    -17.11
124    -17.465
125    -20.961
126    -18.073
127    -22.638
128    -22.057
129    -22.309
130    -25.742
131    -25.723
132    -22.878
133    -22.853
134    -22.77
135    -22.544
136    -22.717
137    -22.854
138    -22.448
139    -21.473
140    -19.558
141    -19.444
142    -19.098999
143    -24.185
144    -19.369999
145    -22.815
146    -19.135
147    -19.783
148    -21.255
149    -19.442
150    -16.78
151    -16.409
152    -16.641
153    -17.003
154    -16.727
155    -16.842
156    -16.699
157    -17.053
158    -17.064
159    -16.966
160    -22.718
161    -22.592
162    -22.462
163    -22.522
164    -22.619
165    -22.754
166    -22.771
167    -25.409
168    -22.315
169    -22.576
170    -25.502
171    -24.449
172    -24.512
173    -24.299
174    -24.945
175    -25.303
176    -24.817
177    -25.05
178    -25.149
179    -24.514
180    24.532001
181    -25.893
182    -22.730999
183    -21.648
184    -22.362
185    -22.175
186    -23.062
187    -22.513
188    -22.868
189    -22.565
190    -21.866
191    -25.667
192    -22.378
193    -22.636
194    -22.47
195    -22.442
196    -25.503
197    -22.78
198    -22.461
199    -25.67
200    -22.085
201    -22.221
202    -23.602
203    -22.694
204    -22.515
205    -22.242
206    -22.487
207    -22.577
208    -23.0
209    -22.43
210    -22.237999
211    -21.957
212    -22.209
213    -22.594
214    -25.163
215    -22.823
216    -22.29
217    -17.634
218    -17.78
219    -17.858
220    -20.676
221    -17.995
222    -17.286
223    -17.628
224    -17.527
225    -17.904
226    -20.601
227    -17.321
228    -17.913
229    -17.905
230    -20.946
231    -17.175
232    -17.794
233    -20.752
234    -20.986
235    -17.326
236    -17.864
237    -17.885
238    -20.876
239    -17.322
240    -16.078
241    -21.077
242    -20.706
243    -17.63
244    -17.278
245    -17.405
246    -17.223
247    -17.712
248    -17.611
249    -17.766
250    -17.25
251    -20.706
252    -17.582
253    -18.483
254    -20.727
255    -19.869
256    -20.982
257    -17.86
258    -17.782
259    -17.866
260    -17.953
261    -17.563
262    -17.499
263    -17.842
264    -20.973999
265    -17.679
266    -17.952
267    -17.456
268    -17.962
269    -17.757
270    -17.935
271    -17.887
272    -17.757
273    -17.653
274    -17.826
275    -17.626
276    -17.221
277    -17.767
278    -17.805
279    -17.72
280    -17.555
281    -17.263
282    -17.894
283    -17.749
284    -17.625
285    -17.806
286    -17.609
287    -17.622
288    -17.809
289    -17.730999
290    -16.649
291    -17.671
292    -17.828
293    -16.953
294    -17.661
295    -17.41
296    -17.96
297    -17.748
298    -17.852
299    -17.968
300    -16.298
301    -17.527
302    -17.81
303    -18.686
304    -19.403
305    -17.772
306    -17.744999
307    -17.733
308    -17.811
309    -17.6
310    -17.555
311    -17.541
312    -17.744
313    -17.783
314    -17.87
315    -17.29
316    -18.045
317    -17.77
318    -17.062
319    -17.962
320    -17.947
321    -18.018
322    -17.475
323    -18.141
324    -18.109
325    -18.102
326    -18.157
327    -17.557
328    -21.11
329    -17.793
330    -17.832
331    -17.604
332    -22.956
333    -21.832
334    -22.744
335    -22.538
336    -22.225
337    -22.68
338    -22.594
339    -22.923
340    -22.39
341    -25.559
342    -25.574
343    -25.561
344    -15.035
345    -14.934
346    -14.892
347    -22.468
348    -22.48
349    -22.036
350    -14.415
351    -14.776
352    -17.901
353    -22.773
354    -22.074
355    -25.794
356    -22.538
357    -22.446
358    -22.407999
359    -13.788
360    -15.163
361    -14.708
362    -15.198
363    -14.955
364    -14.911
365    -25.693
366    -24.225
367    -21.533
368    -22.651
369    -25.212
370    -22.41
371    -25.438
372    -22.603
373    -22.513
374    -22.788
375    -22.658
376    -22.858
377    -22.532
378    -22.343
379    -22.86
380    -22.611
381    -22.604
382    -22.272
383    -22.49
384    -22.764
385    -25.716
386    -22.847
387    -22.91
388    -22.876
389    -22.712
390    -21.521
391    -22.584
392    -22.736
393    -22.717
394    -22.773
395    -22.225
396    -22.732
397    -21.975
398    -22.052
399    -25.137
400    -25.064
401    -22.865
402    -22.705
403    -22.928
404    -22.857
405    -22.82
406    -22.625
407    -22.783
408    -22.783
409    -22.372
410    -22.808
411    -22.816
412    -22.416
413    -19.425
414    -19.7
415    -19.771
416    -22.53
417    -25.61
418    -22.693
419    -22.367
420    -25.688
421    -23.457
422    -19.146
423    -19.657
424    -19.685
425    -22.588
426    -22.885
427    -22.332
428    -19.63
429    -19.858
430    -19.825
431    -19.677
432    -19.862999
433    -22.424
434    -19.446
435    -19.19
436    -22.881
437    -22.83
438    -22.801
439    -22.79
440    -22.404
441    -22.71
442    -21.758
443    -22.705
444    -22.733
445    -22.807
446    -22.837
447    -22.838
448    -24.325
449    -24.631
450    -24.631
451    -27.156
452    -27.311
453    -26.230999
454    -21.04
455    -23.577
456    -20.355
457    -20.333
458    -20.18
459    -20.883
460    -24.381
461    -24.286
462    -24.605
463    -23.412
464    -24.614
465    -20.536
466    -27.848999
467    -27.71
468    -27.997
469    -27.457
470    -24.737
471    -24.653
472    -28.051
473    -28.362999
474    -28.042
475    -28.178
476    -28.364
477    -28.129
478    -20.672
479    -24.314
480    -24.572
481    -28.413
482    -28.183
483    -28.545
484    -27.272
485    -27.461
486    -27.595
487    -27.874
488    -22.686
489    -22.665
490    -23.647
491    -24.837
492    -24.277
493    -24.079
494    -24.38
495    -26.258999
496    -23.833
497    -27.51
498    -24.366
499    -27.916
500    -27.93
501    -28.628
502    -18.814
503    -18.712
504    -18.823
505    -18.973999
506    -18.730999
507    -18.996
508    -18.262
509    -18.722
510    -28.569
511    -28.034
512    -28.672
513    -28.667
514    -27.859
515    -28.081
516    -28.537
517    -28.486
518    -28.311
519    -28.544
520    -28.691
521    -28.399
522    -28.584
523    -28.504
524    -28.541
525    -28.427
526    -28.473
527    -28.669
528    -28.373
529    -28.185
530    -28.744
531    -31.833
532    -28.476
533    -31.632
534    -28.377
535    -28.112
536    -28.368
537    -25.666
538    -27.73
539    -20.68
540    -25.792
541    -25.781
542    -28.438
543    -23.764
544    -23.746
545    -23.694
546    -23.98
547    -24.002
548    -19.443
549    -18.649
550    -18.402
551    -19.059
552    -22.575
553    -25.708
554    -22.28
555    -18.985
556    -18.545
557    -18.858
558    -18.822
559    -18.89
560    -18.618
561    -25.821
562    -21.899
563    -22.512
564    -22.777
565    -22.73
566    -22.838
567    -22.723999
568    -22.322
569    -22.966
570    -12.479
571    -13.169
572    -13.041
573    -12.102
574    -13.013
575    -22.787
576    -25.893
577    -22.884
578    -14.756
579    -12.959
580    -14.983
581    -19.949
582    -20.617
583    -23.541
584    -12.500999
585    -13.196
586    -12.396
587    -20.197
588    -20.581
589    -20.902
590    -12.927
591    -12.933
592    -12.481
593    -12.562
594    -28.314
595    -28.681
596    -28.285
597    -28.393
598    -28.26
599    -27.924
600    -28.552
601    -28.776
602    -28.23
603    -28.494999
604    -28.618
605    -28.147
606    -18.696
607    -18.835
608    -28.376
609    -20.74
610    -20.787
611    -28.507
612    -14.958
613    -17.684
614    -60.643
615    -22.636
616    -20.719
617    -20.883999
618    -22.618
619    -27.812
620    -27.868
621    -28.293
622    -22.716
623    -22.85
624    -22.421
625    -22.296
626    -22.478
627    -25.623
628    -22.822
629    -22.679
630    -22.872
631    -28.561
632    -25.649
633    -20.829
634    -22.185
635    -25.866
636    -22.806
637    -22.819
638    -20.773
639    -18.602
640    -22.721
641    -22.654
642    -20.817
643    -15.063
644    -14.964
645    -15.0
646    -14.896
647    -23.703
648    -20.737999
649    -21.022
650    -15.458
651    -22.722
652    -24.628
653    -22.43
654    -25.537
655    -22.535
656    -22.576
657    -23.463
658    -28.486
659    -28.61
660    -28.791
661    -28.315
662    -20.305
663    -40.341
664    1.079
665    -14.873
666    -28.358
667    -28.371
668    -22.457
669    -22.367
670    -22.348
671    -22.338
672    -27.948
673    -22.544
674    -20.868
675    -28.275
676    -28.682
677    -11.85
678    -9.68
679    -13.418
680    -22.402
681    -22.263
682    -20.998
683    -28.282
684    -22.28
685    -28.661
686    -12.707
687    -11.441999
688    -12.743
689    -12.784
690    -20.683
691    -28.273
692    -12.087
693    -13.077
694    -12.912
695    -22.679
696    -22.71
697    -22.183
698    -22.584
699    -22.361
700    -22.556
701    -22.502
702    -22.399
703    -22.112999
704    -20.643
705    -20.375
706    -22.508
707    -20.763
708    -20.755
709    -20.754
710    -20.688
711    -22.26
712    -20.749
713    -10.041
714    -15.474
715    -15.807
716    -9.948
717    -15.896
718    -15.946
719    -16.331
720    -22.508
721    26.521002
722    -16.493
723    -16.565
724    -16.295
725    -16.397
726    -16.444
727    -15.938
728    -22.362999
729    -22.53
730    -22.458
731    -22.331
732    -22.598
733    -21.598999
734    -22.588
735    -21.980999
736    -22.403
737    -18.716
738    -18.957
739    -18.509
740    -18.852
741    -18.561
742    -18.762
743    -21.935
744    -18.354
745    -18.937
746    -18.862
747    -22.038
748    -18.546
749    -12.17
750    -8.642
751    -12.094
752    -8.337
753    -8.944
754    -8.636
755    -8.846
756    -12.557
757    -11.463
758    -21.891
759    -18.919
760    -18.74
761    -18.554
762    -18.589
763    -19.045
764    -18.619999
765    -9.281
766    -18.999
767    -15.807
768    -14.646999
769    -15.669
770    -18.516
771    -18.869
772    -19.018
773    -18.97
774    -18.631
775    -18.583
776    -18.473999
777    -18.912
778    -18.995
779    -21.598
780    -25.551
781    -25.645
782    -18.948
783    -17.803
784    -18.958
785    -18.855999
786    -18.973999
787    -17.876
788    -18.924
789    -17.91
790    -18.929
791    -18.888
792    -18.942
793    -17.925
794    -18.946
795    -18.75
796    -18.884
797    -18.933
798    -18.924
799    -18.905
800    -17.82
801    -18.94
802    -8.452
803    -9.182
804    -9.496
805    -15.412
806    -21.13
807    -20.938
808    -7.703
809    -9.792
810    -12.247
811    -32.971
812    -21.269
813    -21.219
814    -8.884
815    -8.745
816    -8.337
817    -23.136
818    -27.107
819    -24.173
820    -8.913
821    -12.01
822    -9.124
823    -25.489
824    -28.907
825    -23.994999
826    -8.754
827    -8.812
828    -6.541
829    -9.243
830    -9.076
831    -8.146
832    -19.593
833    -19.308
834    -18.525
835    -8.816
836    -9.331
837    -9.14
838    -3.0479999
839    -5.916
840    -9.173
841    -17.909
842    -18.205
843    -17.556
844    -3.19
845    -3.296
846    -8.816999
847    -13.72
848    -19.483
849    -13.734
850    -9.245
851    -3.512
852    -2.939
853    -19.423
854    -9.886
855    -19.639
856    -8.694
857    -8.836
858    -3.35
859    -12.022
860    -12.23
861    -12.027
862    -12.054
863    -12.396
864    -12.306
865    -12.224
866    -19.45
867    -18.269
868    -18.635
869    -3.504
870    -19.598999
871    -9.3
872    -17.625
873    -16.919
874    -19.696
875    -13.857
876    -13.734
877    -16.588
878    -9.007
879    -3.389
880    -13.833
881    -13.648
882    -12.088
883    -19.444
884    -18.532999
885    -19.438
886    -16.95
887    -20.219
888    -8.276
889    -13.715
890    -19.434
891    -19.504
892    -8.971
893    -12.32
894    -17.076
895    -12.851
896    -9.968
897    -19.557
898    -8.765
899    -3.47
900    -8.818
901    -2.629
902    -18.473999
903    -13.808
904    -13.624
905    -13.722
906    -3.659
907    -19.709
908    -13.767
909    -12.865
910    -13.78
911    -18.534
912    -13.713
913    -19.487
914    -13.796
915    -13.886
916    -13.754
917    -13.571
918    -19.608
919    -13.646
920    -19.494
921    -13.59
922    -2.988
923    -9.067
924    -8.972
925    -15.092999
926    -9.27
927    -9.063
928    -12.599
929    -19.589
930    -19.532
931    -9.183
932    -9.054
933    -1.892
934    -12.5789995
935    -13.632
936    -19.471
937    -9.031
938    -12.379
939    -8.835
940    -12.642
941    -18.386
942    -1.226
943    -6.208
944    -0.5329999
945    -3.738
946    -13.822
947    -13.544
948    -0.42399997
949    -5.463
950    -2.314
951    -13.755
952    -8.977
953    -8.711
954    -8.976
955    -9.1189995
956    -9.039
957    -9.284
958    -12.565
959    -12.3289995
960    -3.603
961    -9.1189995
962    -9.133
963    -9.009
964    -10.4
965    -11.716
966    -27.09
967    -13.097
968    -24.182
969    -12.491
970    34.170002
971    -4.5889997
972    -12.422
973    -12.466
974    -12.5
975    -3.74
976    -13.703
977    -13.667
978    -13.839
979    -19.573
980    -12.825
981    -13.715
982    -13.811
983    -19.519
984    -13.599
985    -13.762
986    -12.434
987    -21.643
988    -13.71
989    -19.759
990    -19.431
991    -25.258
992    -4.466
993    -12.546
994    -12.373
995    -12.373
996    -12.171
997    -12.171
998    -15.308
999    -15.308
1000    -2.846
1001    -2.888
1002    -5.16
1003    -6.541
1004    -2.947
1005    -5.3
1006    -18.551
1007    -15.034
1008    -14.9
1009    -19.57
1010    -12.608
1011    -13.763
1012    -14.979
1013    -15.108
1014    -15.135
1015    -14.789
1016    -15.08
1017    -13.765
1018    -19.487
1019    -13.517
1020    -14.67
1021    -12.337
1022    -14.956
1023    -15.181
1024    -14.922
1025    -13.604
1026    -14.278
1027    -14.84
1028    -15.235
1029    -12.016
1030    -14.839
1031    -15.164
1032    -14.966
1033    -14.069
1034    -12.073999
1035    -12.418
1036    -13.52
1037    -12.8029995
1038    -9.246
1039    -3.273
1040    -8.991
1041    -12.245
1042    -9.301
1043    -9.169
1044    -3.463
1045    -3.212
1046    -9.252
1047    -14.71
1048    -15.066
1049    -12.499
1050    -9.322
1051    -8.750999
1052    -9.227
1053    -8.784
1054    -8.907
1055    -9.194
1056    -14.937
1057    -12.681
1058    -13.871
1059    -8.9939995
1060    -8.82
1061    -8.925
1062    -8.946
1063    -9.332
1064    -12.412
1065    -9.0529995
1066    -9.098
1067    -9.312
1068    -14.956
1069    -13.968
1070    -14.962
1071    -9.062
1072    -9.317
1073    -3.164
1074    -14.179
1075    -15.283
1076    -15.128
1077    -15.097
1078    -14.071
1079    -15.068
1080    -9.099
1081    -9.24
1082    -12.155
1083    -14.855
1084    -13.962
1085    -13.964
1086    -15.045
1087    -14.250999
1088    -15.118
1089    -15.133
1090    -15.0
1091    -14.04
1092    -14.3619995
1093    -13.936
1094    -15.177
1095    -15.014
1096    -14.2369995
1097    -14.573
1098    -4.191
1099    -5.491
1100    -4.355
1101    -5.231
1102    -5.4309998
1103    -4.298
1104    -3.4899998
1105    -5.332
1106    -5.269
1107    -5.251
1108    -5.324
1109    -5.435
1110    -5.375
1111    -4.484
1112    -4.8789997
1113    -5.196
1114    -5.357
1115    -5.524
1116    -5.436
1117    -4.65
1118    -4.585
1119    -5.523
1120    -5.514
1121    -4.415
1122    -5.324
1123    -5.3
1124    -4.593
1125    -15.15
1126    -14.332
1127    -14.527
1128    -13.035999
1129    -15.248
1130    -13.888
1131    -15.819
1132    -12.561
1133    -14.759
1134    -14.241
1135    -16.943
1136    -12.984
1137    -6.92
1138    -6.019
1139    -6.871
1140    -4.371
1141    -5.937
1142    -5.392
1143    -6.166
1144    -6.315
1145    -6.6289997
1146    -9.226
1147    -9.089
1148    -9.154
1149    -12.565
1150    -12.367
1151    -12.572
1152    -13.485
1153    -15.93
1154    -17.946
1155    -12.668
1156    -13.649
1157    -12.961
1158    -14.944
1159    -16.47
1160    -14.885
1161    -14.361
1162    -14.278
1163    -13.513
1164    -5.466
1165    -5.13
1166    -5.272
1167    -4.249
1168    -4.314
1169    -4.363
1170    -12.496
1171    -12.54
1172    -12.468
1173    -12.536
1174    -12.649
1175    -11.734
1176    -2.6799998
1177    -2.6
1178    -2.8899999
1179    -5.264
1180    -3.4499998
1181    -5.288
1182    -14.13
1183    -14.406
1184    -14.16
1185    -14.051
1186    -14.4939995
1187    -14.89
1188    -14.378
1189    -14.1
1190    -13.958
1191    -14.081
1192    -13.44
1193    -13.002
1194    -14.239
1195    -14.981
1196    -14.315
1197    -15.078
1198    -15.036
1199    -14.068
1200    -14.285
1201    -12.261
1202    -16.419
1203    -14.562
1204    -15.044
1205    -14.851
1206    -14.823
1207    -14.77
1208    -14.813
1209    -14.507999
1210    -14.92
1211    -14.894
1212    -14.918
1213    -15.014
1214    -15.018
1215    -14.815
1216    -14.666
1217    -17.88
1218    -15.036
1219    -14.586
1220    -14.698999
1221    -4.996
1222    -5.278
1223    -5.242
1224    -4.824
1225    -5.384
1226    -5.143
1227    -17.896
1228    -14.676
1229    -14.63
1230    -16.658
1231    -14.595
1232    -14.693
1233    -14.452
1234    -14.486
1235    -15.019
1236    -14.655
1237    -14.934
1238    -14.711
1239    -14.7369995
1240    -14.848
1241    -14.4539995
1242    -14.622
1243    -14.72
1244    -14.836
1245    -14.714
1246    -14.691999
1247    -14.702
1248    -17.586
1249    -14.984
1250    -14.943
1251    -17.729
1252    -14.412
1253    -14.82
1254    -15.048
1255    -14.799
1256    -14.622
1257    -14.789
1258    -14.829
1259    -14.919
1260    -14.691999
1261    -15.019
1262    -14.675
1263    -18.861
1264    -14.823
1265    -14.643
1266    -14.816
1267    -14.739
1268    -14.8619995
1269    -26.715
1270    -15.133
1271    -14.58
1272    -15.012
1273    -14.804
1274    -14.618
1275    -14.639
1276    -14.643
1277    -14.818
1278    -14.381
1279    -14.844
1280    -14.637
1281    -15.014
1282    -14.735
1283    -26.679
1284    -5.0559998
1285    -5.356
1286    -5.2209997
1287    -4.9379997
1288    -5.23
1289    -5.166
1290    -9.912
1291    -5.291
1292    -5.343
1293    -21.01
1294    -4.918
1295    -5.259
1296    -14.946
1297    -15.219
1298    -19.751
1299    -19.695
1300    -15.017
1301    -18.794
1302    -14.5529995
1303    -14.795
1304    -18.728
1305    -14.388
1306    -17.672
1307    -14.629
1308    -14.938
1309    -14.75
1310    -14.577
1311    -14.815
1312    -14.94
1313    -14.683
1314    -14.745
1315    -14.681
1316    -14.866
1317    -14.728
1318    -14.601
1319    -18.685
1320    -17.74
1321    -15.012
1322    -16.783
1323    -14.109
1324    -14.833
1325    -14.764
1326    -15.003
1327    -16.662
1328    -14.587
1329    -14.812
1330    -14.481
1331    -14.864
1332    -12.257
1333    -12.5789995
1334    -12.168
1335    -12.264999
1336    -12.078
1337    -12.41
1338    -11.592
1339    -11.455999
1340    -12.528
1341    -2.671
1342    -2.211
1343    -3.3919997
1344    -2.789
1345    -2.636
1346    -2.264
1347    -14.106
1348    -15.423
1349    -13.997
1350    -23.53
1351    -26.444
1352    -23.773
1353    -20.516
1354    -22.707
1355    -20.537
1356    -20.567
1357    -20.535
1358    -22.537
1359    -14.573
1360    -23.33
1361    -14.495
1362    -14.538
1363    -23.368
1364    -22.244
1365    -14.331
1366    -14.548
1367    -14.565
1368    -12.477
1369    -15.323
1370    -24.101
1371    -17.282
1372    -15.24
1373    -12.49
1374    -15.465
1375    -16.372
1376    -16.154
1377    -32.96
1378    -32.961
1379    -32.113
1380    -32.332
1381    -32.686
1382    -24.829
1383    -16.371
1384    -16.425
1385    -15.958
1386    -15.993
1387    -17.452
1388    -16.31
1389    -5.7
1390    -5.704
1391    -5.686
1392    -5.717
1393    -5.698
1394    -5.687
1395    -13.281
1396    -5.32
1397    -4.74
1398    -24.906
1399    -25.236
1400    -32.636
1401    -8.536
1402    -8.186
1403    -7.949
1404    -8.721
1405    -5.724
1406    -8.547
1407    -12.705
1408    -26.985
1409    -27.085
1410    -2.458
1411    0.25800002
1412    -2.667
1413    -27.065
1414    -12.807
1415    -1.9729999
1416    -19.188
1417    -27.03
1418    -27.027
1419    -19.255
1420    -19.295
1421    -19.278
1422    -19.305
1423    -27.068
1424    -18.913
1425    -10.264999
1426    -9.796
1427    -10.09
1428    -6.7139997
1429    -25.218
1430    -24.255
1431    -25.031
1432    -24.347
1433    -32.387
1434    -6.704
1435    -6.717
1436    -25.153
1437    -4.977
1438    -6.626
1439    -4.977
1440    -6.107
1441    -24.458
1442    -6.718
1443    -25.166
1444    -6.7
1445    -6.713
1446    -26.555
1447    -24.852
1448    -5.977
1449    -6.711
1450    -6.719
1451    -5.967
1452    -24.538
1453    -25.146
1454    -5.981
1455    -6.726
1456    -6.689
1457    -24.649
1458    -6.582
1459    -6.693
1460    -23.977
1461    -7.683
1462    -25.189
1463    -23.757
1464    -11.468
1465    -3.718
1466    -3.735
1467    -3.717
1468    -21.526
1469    -11.3029995
1470    -3.713
1471    -21.413
1472    -30.066
1473    -22.246
1474    -3.382
1475    -22.188
1476    -3.59
1477    -22.153
1478    -3.715
1479    -3.345
1480    -3.539
1481    -3.157
1482    -22.296
1483    -3.721
1484    -22.107
1485    -3.111
1486    -3.294
1487    -22.248
1488    -3.496
1489    -3.724
1490    -6.659
1491    -3.721
1492    -22.094
1493    -22.193
1494    -5.596
1495    -5.18
1496    -5.222
1497    -4.4969997
1498    -8.013
1499    -8.064
1500    -4.837
1501    -5.2469997
1502    -3.268
1503    -3.407
1504    -3.5939999
1505    -2.9109998
1506    -3.73
1507    -3.633
1508    -3.739
1509    -3.734
1510    -3.722
1511    -3.726
1512    -5.491
1513    -5.358
1514    -5.361
1515    -5.218
1516    -4.864
1517    -5.412
1518    -8.313
1519    -4.185
1520    -5.108
1521    -5.466
1522    -4.422
1523    -15.993
1524    -5.729
1525    -5.744
1526    -5.74
1527    -3.324
1528    -11.467
1529    -3.718
1530    -3.532
1531    -3.744
1532    -3.522
1533    -3.709
1534    -3.386
1535    -3.7189999
1536    -5.46
1537    -3.737
1538    -5.414
1539    -11.542
1540    -3.696
1541    -3.729
1542    -21.883
1543    -29.813
1544    -22.038
1545    -21.883
1546    -22.226
1547    -22.191
1548    -22.221
1549    -22.209
1550    -29.573
1551    -22.215
1552    -22.239
1553    -22.202
1554    -22.217
1555    -22.153
1556    -22.209
1557    -21.754
1558    -21.813
1559    -22.191
1560    -22.196
1561    -22.193
1562    -30.002
1563    -22.246
1564    -22.057
1565    -22.191
1566    -21.824
1567    -22.176
1568    -22.239
1569    -22.201
1570    -22.216
1571    -22.221
1572    -22.199
1573    -22.208
1574    -22.102
1575    -21.989
1576    -21.983
1577    -29.64
1578    -21.896
1579    -22.221
1580    -22.025
1581    -22.115
1582    -22.223
1583    -22.116
1584    -22.162
1585    -22.119
1586    -22.241
1587    -21.897
1588    -22.119
1589    -5.699
1590    -22.109
1591    -22.252
1592    -22.062
1593    -5.717
1594    -29.809
1595    -29.954
1596    -5.615
1597    -5.276
1598    -21.79
1599    -5.44
1600    -22.109
1601    -13.445
1602    -3.571
1603    -3.735
1604    -3.696
1605    -3.727
1606    -3.687
1607    -3.729
1608    -3.727
1609    -3.08
1610    -3.665
1611    -2.275
1612    -11.5
1613    -11.5
1614    -3.382
1615    -3.674
1616    -3.717
1617    -3.712
1618    -3.288
1619    -3.733
1620    -11.363
1621    -3.57
1622    -11.434
1623    -3.7319999
1624    -1.698
1625    -3.737
1626    -3.733
1627    -3.628
1628    -3.7189999
1629    -3.638
1630    -3.6
1631    -3.709
1632    -3.537
1633    -11.273
1634    -3.726
1635    -3.73
1636    -3.604
1637    -3.725
1638    -11.48
1639    -3.715
1640    -3.72
1641    -11.405
1642    -3.605
1643    -3.731
1644    -3.464
1645    -3.7319999
1646    -3.706
1647    -3.717
1648    -3.692
1649    -3.689
1650    -11.458
1651    -3.712
1652    -3.395
1653    -11.563
1654    -3.689
1655    -3.726
1656    -3.602
1657    -3.693
1658    -3.616
1659    -11.516
1660    -3.659
1661    -11.476
1662    -11.442
1663    -5.193
1664    -5.34
1665    -5.856
1666    -5.074
1667    -5.273
1668    -4.993
1669    -4.54
1670    -5.42
1671    -21.987
1672    -5.414
1673    -1.977
1674    -21.886
1675    -29.136
1676    -5.128
1677    -4.341
1678    -5.046
1679    -4.762
1680    -4.371
1681    -5.201
1682    -1.985
1683    -29.585
1684    -4.96
1685    -5.176
1686    -4.2939997
1687    -5.044
1688    -22.175
1689    -22.021
1690    -22.036
1691    -8.338
1692    -5.305
1693    -22.09
1694    -21.85
1695    -21.998
1696    -4.926
1697    -22.25
1698    -22.081
1699    -5.044
1700    -12.2039995
1701    -5.192
1702    -21.92
1703    -4.958
1704    -5.1879997
1705    -22.168
1706    -22.222
1707    -4.565
1708    -22.152
1709    -5.013
1710    -4.456
1711    -21.961
1712    -5.028
1713    -5.16
1714    -5.1879997
1715    -4.562
1716    -21.994
1717    -5.3389997
1718    -22.2
1719    -4.963
1720    -22.13
1721    -12.051
1722    -9.113
1723    -9.966
1724    -4.3659997
1725    -5.43
1726    -5.6879997
1727    -5.5699997
1728    -5.782
1729    -5.312
1730    -2.287
1731    -5.727
1732    -5.609
1733    -5.177
1734    -5.097
1735    -5.147
1736    -4.97
1737    -5.42
1738    -4.915
1739    -5.25
1740    -18.098
1741    -29.433
1742    -15.007
1743    -18.187
1744    -30.371
1745    -11.951
1746    -30.373
1747    -18.273
1748    -19.205
1749    -30.6
1750    -28.473
1751    -28.58
1752    -28.401
1753    -28.39
1754    -28.545
1755    -15.46
1756    -13.709
1757    -28.305
1758    -25.736
1759    -12.171
1760    -12.44
1761    -14.46
1762    -29.339
1763    -12.264
1764    -31.513
1765    -11.415
1766    -30.529
1767    -28.178
1768    -28.23
1769    -17.222
1770    -17.186
1771    -29.649
1772    -12.601
1773    -31.112999
1774    -13.906
1775    -11.485
1776    -27.573
1777    -28.604
1778    -29.445
1779    -31.415
1780    -17.219
1781    -17.232
1782    -9.415
1783    -8.425
1784    -8.437
1785    -10.251
1786    -9.317
1787    -9.323
1788    -9.304
1789    -10.423
1790    -8.276
1791    -17.621
1792    -9.42
1793    -9.445
1794    -10.424
1795    -9.253
1796    -9.41
1797    -10.411
1798    -9.414
1799    -9.424
1800    -9.217
1801    -9.425
1802    -17.175
1803    -17.011
1804    -14.1189995
1805    -12.733
1806    -10.338
1807    -12.999
1808    -13.099
1809    -11.114
1810    -11.754
1811    -11.18
1812    -11.506
1813    -12.057
1814    -10.791
1815    -11.899
1816    -11.35
1817    -11.499
1818    -11.197
1819    -9.1779995
1820    -12.171
1821    -13.122
1822    -11.526
1823    -12.478
1824    -11.236
1825    -14.25
1826    -10.671
1827    -12.483
1828    -27.153
1829    -28.023
1830    -29.215
1831    -26.926
1832    -28.197
1833    -28.2
1834    -28.142
1835    -28.012
1836    -26.953
1837    -27.959
1838    -27.123
1839    -29.142
1840    -28.181
1841    -28.075
1842    -28.937
1843    -28.198
1844    -27.946
1845    -27.941
1846    -27.675
1847    -30.019
1848    -25.893
1849    -28.124
1850    -26.928
1851    -28.053
1852    -25.175
1853    -28.53
1854    -29.15
1855    -27.449
1856    -28.927
1857    -28.105999
1858    -29.175
1859    -29.199
1860    -28.213
1861    -28.189
1862    -27.855
1863    -28.156
1864    -28.166
1865    -30.197
1866    -27.75
1867    -27.836
1868    -28.086
1869    -27.967
1870    -27.99
1871    -28.059
1872    -28.846
1873    -29.092
1874    -28.0
1875    -28.169
1876    -29.179
1877    -26.205
1878    -28.043
1879    -27.103
