0    1.0
1    15.687
2    1.0
3    9.023
4    1.179
5    11.154
6    7.239
7    -22.789999
8    13.344
9    6.685
10    57.546
11    50.994
12    31.601
13    31.071
14    78.163
15    29.412
16    34.568
17    28.125
18    27.041
19    102.259
20    74.915
21    88.845
22    21.993
23    19.887001
24    8.345
25    17.877
26    36.167
27    13.929
28    96.697
29    9.104
30    11.909
31    8.874001
32    34.02
33    16.862
34    36.303
35    17.029
36    58.342
37    102.136
38    39.779
39    100.164
40    32.032
41    94.919
42    51.955
43    19.488
44    98.698
45    28.202
46    29.418
47    101.949
48    33.412
49    75.608
50    63.037
51    40.262
52    30.431
53    65.766
54    86.853
55    83.418
56    40.623
57    87.196
58    52.288002
59    58.988
60    46.991
61    34.052002
62    67.478
63    78.221
64    42.96
65    8.229
66    31.219
67    12.986
68    39.829
69    57.355
70    44.54
71    16.747
72    47.263
73    66.871
74    32.339
75    15.305
76    26.985
77    34.321
78    51.534
79    18.0
80    44.088
81    36.311
82    54.13
83    24.578
84    29.165
85    34.934
86    36.608
87    28.297
88    34.488
89    28.709
90    40.689
91    54.254
92    27.536
93    32.001
94    36.567
95    19.424
96    36.451
97    93.12
98    28.052
99    33.614
100    22.208
101    43.349
102    -41.777
103    20.215
104    23.486
105    32.123
106    82.807
107    21.963
108    47.699
109    -8.307
110    37.524002
111    23.122
112    1.0
113    26.859
114    1.0
115    54.859
116    62.581
117    31.184
118    17.448
119    12.49
120    12.569
121    18.174
122    23.685
123    29.12
124    53.141
125    85.324
126    12.787001
127    30.494
128    36.492
129    13.0060005
130    15.825
131    25.013
132    27.293
133    77.762
134    2.6910002
135    63.625
136    73.059
137    67.466
138    5.662
139    19.412
140    38.531
141    21.236
142    75.859
143    8.634
144    24.537
145    16.182
146    33.601
147    27.378
148    11.815001
149    39.565
150    50.468
151    48.322
152    27.161
153    68.474
154    13.794
155    21.833
156    34.454
157    53.699
158    103.072
159    32.951
160    65.801
161    17.204
162    98.579
163    36.415
164    32.327
165    15.059
166    10.759
167    11.3
168    19.379
169    11.182
170    48.510002
171    14.457
172    23.6
173    20.186
174    41.649002
175    23.896
176    24.062
177    16.74
178    -1.4489999
179    28.078
180    16.866001
181    75.855
182    46.256
183    27.581
184    37.695
185    22.562
186    5.0340004
187    62.139
188    11.104
189    22.412
190    14.690001
191    12.767
192    29.462
193    12.201
194    -1.362
195    19.426
196    103.867
197    8.6
198    13.505
199    -6.05
200    10.985001
201    12.693
202    5.011
203    4.0350003
204    6.379
205    13.993
206    18.27
207    17.133
208    14.608
209    5.579
210    2.459
211    6.679
212    12.6
213    22.555
214    -16.666
215    11.622
216    98.924
217    11.413
218    15.206
219    94.701
220    76.514
221    26.177
222    11.896
223    51.851
224    10.418
225    54.834
226    21.258
227    19.451
228    27.255001
229    25.355
230    19.219
231    21.438
232    78.887
233    16.607
234    67.43
235    11.201
236    -21.472
237    13.114
238    15.794001
239    22.702
240    17.41
241    5.69
242    19.907
243    18.955
244    1.0
245    11.973001
246    18.078
247    9.79
248    13.966
249    17.435
250    10.077
251    34.16
252    10.981
253    35.446
254    15.601
255    -4.285
256    10.201
257    11.262
258    12.835
259    -15.023
260    100.301
261    18.624
262    17.4
263    11.179
264    14.389
265    1.0
266    15.6310005
267    17.145
268    15.396
269    49.092
270    17.304
271    18.517
272    8.017
273    10.372
274    11.125
275    1.0
276    9.749001
277    8.957
278    19.561
279    1.0
280    15.2560005
281    8.899
282    2.489
283    10.937
284    9.398001
285    14.719
286    10.152
287    -2.373
288    0.81500006
289    18.047
290    13.871
291    3.6850002
292    9.426001
293    4.3550005
294    -7.384
295    11.941
296    10.616
297    7.752
298    22.709
299    7.5030003
300    23.517
301    10.65
302    -6.904
303    25.289
304    4.827
305    -15.718
306    6.727
307    -9.636
308    5.341
309    9.171
310    17.841
311    9.592
312    12.953
313    6.972
314    -4.298
315    -5.291
316    3.9910002
317    7.145
318    6.049
319    0.26900005
320    8.182
321    13.448
322    7.593
323    11.275
324    2.652
325    -23.781
326    -1.7019999
327    11.72
328    5.369
329    38.842
330    11.796
331    22.915
332    9.57
333    7.9800005
334    5.432
335    3.394
336    -3.6279998
337    18.774
338    -8.488
339    -1.7719998
340    22.556
341    23.236
342    0.9990001
343    3.197
344    13.203
345    -24.061
346    16.517
347    12.663
348    -2.6
349    -6.366
350    5.407
351    8.166
352    -17.227
353    9.352
354    3.158
355    18.99
356    7.63
357    52.26
358    3.6880002
359    31.542
360    6.422
361    7.613
362    41.249
363    -24.022
364    0.9380001
365    39.899002
366    0.49500012
367    3.8400002
368    6.8900003
369    8.344
370    6.6540003
371    2.588
372    2.2310002
373    4.908
374    42.621
375    4.6140003
376    23.888
377    5.139
378    5.731
379    5.37
380    5.425
381    -2.2759998
382    -1.5899997
383    31.163
384    4.821
385    -1.0969999
386    2.085
387    -2.9659998
388    1.0
389    -45.19
390    43.081
391    4.668
392    -47.164
393    6.237
394    3.7370002
395    -9.973
396    -5.279
397    -6.453
398    47.295
399    6.0030003
400    4.291
401    -11.033
402    0.55500007
403    6.585
404    3.696
405    8.315001
406    5.0290003
407    6.867
408    4.561
409    30.767
410    3.9050002
411    -15.914
412    4.466
413    6.2040005
414    -5.7749996
415    6.833
416    11.074
417    -13.975
418    41.101
419    3.328
420    14.208
421    3.7730002
422    8.132
423    4.006
424    3.815
425    2.4610002
426    11.959
427    -7.4529996
428    5.047
429    2.6620002
430    2.352
431    -0.17799985
432    2.989
433    3.269
434    3.2660003
435    -0.48799992
436    28.029
437    -20.659
438    4.234
439    2.8660002
440    7.334
441    7.951
442    8.614
443    4.252
444    1.4590001
445    -9.561
446    -1.5699999
447    -0.45699978
448    4.6280003
449    18.947
450    5.4560003
451    2.114
452    0.33900023
453    8.232
454    2.413
455    -45.906998
456    -3.3309999
457    -0.38199997
458    7.432
459    1.1550002
460    -46.913
461    3.039
462    1.621
463    2.6560001
464    0.16700006
465    7.208
466    3.0340002
467    14.632
468    -14.252
469    26.569
470    1.5120001
471    -1.0479999
472    0.6480001
473    -26.029
474    0.062000036
475    -1.0339999
476    -1.1609998
477    -0.85099983
478    -0.806
479    -3.4209998
480    25.279
481    4.829
482    2.3700001
483    -0.19499993
484    0.227
485    1.5500002
486    0.8360002
487    -7.1639996
488    -4.594
489    1.3270001
490    1.042
491    -4.969
492    0.7420001
493    -0.07799995
494    -3.711
495    1.6200001
496    4.429
497    -3.679
498    -0.40399992
499    0.97700024
500    -3.8799999
501    1.5670002
502    15.297
503    -3.146
504    3.108
505    -0.0069998503
506    3.344
507    1.3610001
508    3.414
509    -0.51
510    -1.7889998
511    21.445
512    2.2480001
513    -15.948999
514    -10.226
515    14.856
516    -3.475
517    -2.6469998
518    24.019001
519    3.5110002
520    7.2770004
521    2.2110002
522    2.6220002
523    0.77400017
524    0.8750001
525    -2.763
526    -1.5569999
527    3.489
528    2.509
529    2.111
530    -1.4629998
531    -23.987999
532    0.37400007
533    -0.06899977
534    1.8490001
535    3.1520002
536    -1.55
537    -0.4529996
538    -0.6409999
539    5.992
540    1.6890001
541    3.2760003
542    2.298
543    0.4510002
544    -1.119
545    1.491
546    -0.67199993
547    1.692
548    2.7840002
549    1.006
550    -9.999275E-4
551    0.5300002
552    10.664
553    2.788
554    0.6
555    -0.08899987
556    -8.367
557    1.5730001
558    3.441
559    -3.343
560    3.048
561    -21.787
562    -12.19
563    0.22300005
564    1.2840002
565    2.619
566    -0.74699974
567    2.045
568    0.31500006
569    3.506
570    -0.645
571    -2.593
572    1.0180001
573    1.059
574    3.7740002
575    -0.747
576    2.0820003
577    1.8060001
578    2.6820002
579    -0.7349999
580    1.1010001
581    2.033
582    1.705
583    -4.578
584    -4.6759996
585    4.9550004
586    -53.132
587    -2.169
588    0.6010001
589    2.9580002
590    -0.42499995
591    6.5810003
592    3.4540002
593    0.582
594    2.426
595    -2.2919998
596    1.8640001
597    1.5240002
598    -16.605
599    0.86300004
600    -7.404
601    -5.772
602    -1.1689999
603    2.3170002
604    3.7610002
605    -1.0489999
606    0.171
607    3.298
608    2.779
609    1.7490001
610    4.126
611    2.93
612    2.469
613    -0.33099997
614    0.07400012
615    1.9780002
616    1.0220001
617    6.8120003
618    -1.908
619    2.8220003
620    2.482
621    1.398
622    2.7580001
623    2.7110002
624    0.24800014
625    3.0900002
626    2.8780003
627    -1.6109998
628    -0.24699974
629    3.736
630    -2.1239998
631    2.7170005
632    0.80200005
633    3.5980003
634    2.0030003
635    1.69
636    2.3880002
637    0.5580001
638    4.4090004
639    0.5930002
640    3.611
641    2.5410001
642    -0.15199995
