0    -6.542
1    -6.21
2    -6.561
3    -6.906
4    -12.799
5    -7.515
6    -10.573
7    -7.966
8    -7.934
9    -7.687
10    -7.664
11    -7.635
12    -9.11
13    -7.6099997
14    -10.652
15    -25.413
16    -25.948
17    -25.508
18    -25.978
19    -25.765999
20    -24.757
21    -25.722
22    -26.571
23    -23.17
24    -27.931
25    -26.0
26    -25.65
27    -26.232
28    -26.624
29    -26.241
30    -25.5
31    -24.986
32    -25.01
33    -25.832
34    -25.714
35    -26.548
36    -31.067
37    -28.161
38    -28.036
39    -28.226
40    -27.746
41    -27.579
42    -28.176
43    -28.009
44    -30.996
45    -27.729
46    -28.341
47    -27.918
48    -27.793
49    -28.042
50    -30.795
51    -30.94
52    -28.275
53    -28.026
54    -30.344
55    -22.204
56    -22.501
57    -22.479
58    -22.607
59    -22.795
60    -22.48
61    -22.883
62    -22.831
63    -22.896
64    -21.417
65    -22.746
66    -22.884
67    -21.855
68    -19.326
69    -19.404999
70    -19.862999
71    -19.433
72    -20.209
73    -21.122
74    -24.038
75    -18.99
76    -20.409
77    -16.275
78    -16.637
79    -16.913
80    -16.848999
81    -16.937
82    -16.572
83    -16.991
84    -16.642
85    -17.024
86    -19.178
87    -16.469
88    -22.605
89    -22.584
90    -22.703
91    -22.57
92    -22.375
93    -22.883
94    -22.694
95    -22.69
96    -22.837
97    -22.537
98    -31.419
99    -25.112
100    -25.04
101    -25.139
102    -24.225
103    -30.701
104    -24.835
105    -25.492
106    -25.176
107    -24.371
108    -22.752
109    -25.651
110    -25.544
111    -22.067
112    -25.675
113    -25.748
114    -25.67
115    -21.683
116    -22.399
117    -22.647
118    -21.887
119    -22.394
120    -22.341
121    -22.517
122    -22.809
123    -22.886
124    -25.733
125    -22.47
126    -22.415
127    -22.69
128    -25.611
129    -22.847
130    -22.405
131    -22.747
132    -22.652
133    -22.642
134    -22.826
135    -25.572
136    -22.246
137    -22.446
138    -25.817
139    -22.888
140    -22.521
141    -22.595
142    -21.187
143    -22.855999
144    -25.603
145    -22.456
146    -25.827
147    -22.088
148    -22.791
149    -17.671
150    -17.705
151    -17.98
152    -17.584
153    -17.659
154    -17.905
155    -17.913
156    -17.009
157    -17.654
158    -17.361
159    -16.507
160    -17.871
161    -17.956
162    -20.948
163    -20.787
164    -20.788
165    -20.908
166    -16.876
167    -17.764
168    -17.689
169    -17.862
170    -18.008
171    -21.058
172    -17.449
173    -17.944
174    -17.742
175    -17.941
176    -17.609
177    -19.77
178    -17.818
179    -17.925
180    -17.676
181    -17.933
182    -17.922
183    -17.284
184    -17.947
185    -18.029
186    -20.958
187    -19.882
188    -17.708
189    -17.968
190    -16.647
191    -20.759
192    -17.923
193    -17.956
194    -20.987999
195    -17.772
196    -17.899
197    -17.419
198    -17.967
199    -17.827
200    -17.782
201    -21.094
202    -17.794
203    -20.391
204    -20.593
205    -20.355999
206    -17.1
207    -17.487
208    -18.05
209    -17.875
210    -17.862999
211    -17.763
212    -17.753
213    -17.918
214    -17.76
215    -17.464
216    -17.281
217    -17.815
218    -17.582
219    -17.544
220    -17.42
221    -17.587
222    -17.365
223    -17.832
224    -21.022
225    -17.119
226    -17.705
227    -17.126999
228    -17.327
229    -17.725
230    -20.199
231    -16.604
232    -17.553
233    -18.592
234    -20.469
235    -17.744
236    -21.101
237    -17.774
238    -17.687
239    -17.828
240    -17.51
241    -17.569
242    -17.282999
243    -17.735
244    -17.662
245    -17.59
246    -17.625
247    -17.115
248    -17.85
249    -17.742
250    -17.253
251    -17.997
252    -17.914
253    -17.973999
254    -17.573
255    -18.107
256    -18.665
257    -20.948
258    -17.665
259    -17.913
260    -17.674
261    -17.454
262    -17.487999
263    -22.715
264    -26.707
265    -22.697
266    -22.86
267    -25.736
268    -25.323
269    -22.815
270    -25.822
271    -25.858
272    -22.189
273    -25.336
274    -25.572
275    -14.904
276    -15.122
277    -15.026
278    -22.44
279    -26.028
280    -22.499
281    -14.014999
282    -15.078
283    -15.182
284    -21.442
285    -22.744999
286    -24.382
287    -22.081
288    -21.797
289    -21.701
290    -15.153
291    -18.088
292    -14.663
293    -14.985
294    -17.94
295    -15.16
296    -22.472
297    -22.323
298    -25.841
299    -22.813
300    -22.47
301    -23.073
302    -22.92
303    -22.934
304    -22.639
305    -25.723999
306    -22.862999
307    -22.337
308    -22.743
309    -22.371
310    -22.713
311    -25.777
312    -22.167
313    -22.073
314    -22.708
315    -22.78
316    -22.536
317    -25.766
318    -22.466
319    -22.579
320    -22.894
321    -22.365
322    -22.899
323    -23.568
324    -22.857
325    -22.372
326    -22.654
327    -22.265
328    -22.432
329    -22.709
330    -22.874
331    -22.855999
332    -22.472
333    -22.437
334    -22.507
335    -22.908
336    -22.243
337    -22.774
338    -22.424
339    -25.662
340    -22.741
341    -25.301
342    -31.216
343    -25.096
344    -22.405
345    -25.767
346    -22.868
347    -22.737999
348    -25.827
349    -22.312
350    -25.345
351    -22.97
352    -25.766
353    -22.317
354    -22.527
355    -21.967
356    -23.119
357    -22.696
358    -22.685
359    -19.407
360    -19.01
361    -19.773
362    -22.855999
363    -22.688
364    -22.88
365    -19.778
366    -22.324
367    -22.818
368    -22.886
369    -19.317
370    -19.139
371    -17.393
372    -19.23
373    -19.4
374    -19.827
375    -19.221
376    -19.191
377    -22.761
378    -22.752
379    -22.798
380    -22.803
381    -22.788
382    -22.769
383    -22.836
384    -22.825
385    -22.771
386    -22.791
387    -22.813
388    -22.695
389    -22.723
390    -22.851
391    -22.75
392    -27.631
393    -24.406
394    -27.334
395    -24.721
396    -27.54
397    -24.559
398    -23.480999
399    -20.957
400    -23.889
401    -20.922
402    -20.425
403    -23.309
404    -20.596
405    -24.685
406    -27.344
407    -28.604
408    -28.296
409    -28.368
410    -27.828
411    -28.282
412    -28.046
413    -24.729
414    -23.797
415    -24.56
416    -28.322
417    -28.041
418    -28.269
419    -24.226
420    -24.393
421    -19.846
422    -28.262
423    -28.042
424    -28.476
425    -24.042
426    -24.708
427    -24.507
428    -27.916
429    -22.571
430    -22.171
431    -22.739
432    -27.515999
433    -22.480999
434    -24.598
435    -24.544
436    -24.57
437    -24.664
438    -27.345
439    -23.207
440    -28.387
441    -28.2
442    -27.517
443    -18.87
444    -18.365
445    -21.713
446    -18.911
447    -18.012
448    -28.619999
449    -28.673
450    -28.388
451    -28.452
452    -27.675
453    -31.507
454    -22.673
455    -28.213
456    -28.054
457    -27.944
458    -28.366
459    -28.51
460    -28.298
461    -28.554
462    -28.566
463    -22.5
464    -28.48
465    -28.636
466    -28.691
467    -28.676
468    -28.798
469    -28.511
470    -31.52
471    -28.244
472    -31.569
473    -28.68
474    -28.605999
475    -27.876999
476    -27.842
477    -28.304
478    23.603
479    -28.483
480    -22.261
481    -23.765
482    -19.446
483    -20.568
484    -23.505
485    -23.378
486    -23.478
487    -21.91
488    -18.980999
489    -18.578
490    -22.582
491    -20.812
492    -14.792
493    -18.694
494    -18.694
495    -18.448
496    -18.33
497    -18.337
498    -18.747
499    -18.764
500    -18.615
501    -18.66
502    -18.716
503    -18.883
504    -18.734
505    -22.333
506    -22.737
507    -21.929
508    -18.965
509    -18.653
510    -18.902
511    -12.981
512    -12.931
513    -13.154
514    -22.61
515    -22.432
516    -22.808
517    -25.298
518    -25.522
519    -22.767
520    -13.234
521    -12.43
522    -13.019
523    -13.174
524    -13.162
525    -20.888
526    -20.88
527    -28.522
528    -28.489
529    -19.999
530    -27.965
531    -12.741
532    -13.165
533    -12.403
534    -12.858
535    -13.229
536    -12.865
537    -13.125
538    -28.362999
539    -28.453
540    -28.691
541    -28.312
542    -28.413
543    -28.558
544    -28.359
545    -28.605999
546    -28.324
547    -28.401
548    -28.332
549    -28.159
550    -28.395
551    -28.38
552    -28.057
553    -14.93
554    -14.719
555    -23.794
556    -28.4
557    -27.354
558    -20.749
559    -22.657
560    -22.748
561    -25.759
562    -22.664
563    -28.235
564    -28.243
565    -22.809
566    -22.013
567    -27.946
568    -25.203
569    -25.743
570    27.838001
571    -21.997
572    -28.212
573    -22.77
574    -22.699
575    -20.937
576    -27.899
577    -22.819
578    -22.54
579    -19.964
580    -22.681
581    -22.818
582    -22.839
583    -22.514
584    -25.809
585    -21.907
586    -20.47
587    -22.746
588    -20.244
589    -22.747
590    -15.332
591    -25.687
592    -14.471
593    -24.012
594    -28.372
595    -15.043
596    -14.957
597    -27.996
598    -25.605
599    -22.696
600    -22.577
601    -22.612
602    -22.503
603    -22.624
604    -28.709
605    -20.665
606    -28.604
607    1.079
608    -42.376
609    -28.554
610    -28.647
611    -28.471
612    -28.459
613    -23.641
614    -28.589
615    -28.699
616    -28.623
617    -28.502
618    -28.838
619    -22.421
620    -22.159
621    -28.494
622    -22.194
623    -22.49
624    -22.388
625    -28.739
626    -22.018
627    -12.696
628    -15.868
629    -8.94
630    -20.781
631    -28.657
632    -21.985
633    -28.376
634    -22.77
635    -22.476
636    -15.586
637    -12.874
638    -12.835
639    -12.859
640    -22.206
641    -22.362
642    -21.868
643    -22.462
644    -22.486
645    -12.1
646    -11.936
647    -12.543
648    -22.516
649    -22.565
650    -22.32
651    -22.727
652    -22.498
653    -22.425
654    -20.469
655    -20.409
656    -20.66
657    -22.49
658    -20.516
659    -20.664
660    -22.279
661    -20.813
662    -22.459
663    -10.014
664    -12.718
665    -15.65
666    -15.809
667    -8.452
668    -12.704
669    -16.456
670    -16.086
671    -15.717
672    -16.314
673    -16.65
674    -20.445
675    -20.388
676    -16.483
677    -16.175
678    -22.351
679    -22.542
680    -22.435
681    -22.265
682    -22.487999
683    -22.298
684    -22.559
685    -22.538
686    -22.658
687    -18.837
688    -19.015
689    -18.822
690    -18.976
691    -18.578
692    -18.914
693    -18.846
694    -18.871
695    -18.67
696    -18.93
697    -19.049
698    -18.925
699    -18.619
700    -18.592
701    -18.612999
702    -18.701
703    -18.537
704    -18.983
705    -11.835
706    -9.248
707    -8.809
708    -15.673
709    -22.761
710    -12.21
711    -13.7439995
712    -13.1189995
713    -13.153
714    -13.66
715    -13.326
716    -13.095
717    -12.892
718    -13.416
719    -13.746
720    -13.695
721    -13.173
722    -13.412
723    -13.819
724    -13.0789995
725    -13.781
726    -13.328
727    -13.828
728    -13.651
729    -13.637
730    -18.273
731    -13.363
732    -13.764
733    -18.368
734    -13.216
735    -12.482
736    -13.734
737    -13.463
738    -13.356
739    -13.321
740    -13.616
741    -13.102
742    -13.135
743    -13.422
744    -13.77
745    -13.171
746    -18.515
747    -18.916
748    -18.948
749    -18.561
750    -18.631
751    -18.612999
752    -18.699
753    -19.091
754    -12.339
755    -15.773
756    -15.706
757    -15.847
758    -18.596
759    -18.592
760    -18.983
761    -18.622
762    -18.984
763    -18.998
764    -22.52
765    -22.673
766    -22.468
767    -18.969
768    -18.889
769    -18.895
770    -18.975
771    -18.889
772    -17.995
773    -18.866
774    -18.949
775    -18.848
776    -18.982
777    -18.838
778    -17.848
779    -16.987
780    -18.916
781    -17.868
782    -17.853
783    -17.859
784    -18.842
785    -18.967
786    -18.948
787    -8.715
788    -8.52
789    -8.915
790    -7.6940002
791    -8.777
792    -8.813
793    -28.112
794    -23.442
795    -18.661
796    -9.052
797    -7.507
798    -8.913
799    -25.054
800    -21.592
801    -21.484
802    -8.9869995
803    -11.919
804    -15.895
805    -14.173
806    -29.317
807    -23.369999
808    -13.029
809    -9.206
810    -9.392
811    -9.123
812    -9.105
813    -12.19
814    -8.868
815    -3.332
816    -8.845
817    -0.84599996
818    -19.387
819    -19.541
820    -8.856
821    -8.776
822    -3.279
823    -17.524
824    -0.422
825    -19.755
826    -3.0279999
827    -3.432
828    -3.2389998
829    -19.64
830    -19.418
831    -2.875
832    -8.092
833    -8.892
834    -6.023
835    -18.555
836    -19.358
837    -18.614
838    -9.276
839    -3.444
840    -3.499
841    -12.198999
842    -11.79
843    -12.415
844    -15.725
845    -17.985
846    -11.848
847    -13.635
848    -4.3389997
849    -19.65
850    -13.718
851    -19.504
852    -19.44
853    -19.425
854    -19.581
855    -19.426
856    -3.4759998
857    -16.733
858    -16.762
859    -19.484
860    -12.387
861    -19.52
862    -6.7799997
863    -3.1139998
864    -8.834
865    -21.982
866    -19.79
867    -12.77
868    -3.958
869    -13.559999
870    -18.426
871    -20.151
872    -3.533
873    -20.273
874    -18.487
875    -12.621
876    -12.599
877    -3.542
878    -9.3029995
879    -20.151
880    -13.672
881    -11.379
882    -13.750999
883    -12.186
884    -3.332
885    -8.815
886    -13.809
887    -13.659
888    22.778002
889    -13.781
890    -12.732
891    -3.604
892    -13.695
893    -13.88
894    -16.562
895    -19.572
896    -13.605
897    -19.411
898    -1.04
899    -12.627
900    -1.0339999
901    -19.443
902    -2.336
903    -12.722
904    -19.592
905    -4.526
906    -13.813
907    -9.325
908    -9.037
909    -9.117
910    -6.932
911    -8.959
912    -8.797
913    -9.023
914    -8.901
915    -3.441
916    -19.546
917    -19.344
918    -19.538
919    -1.184
920    -13.769
921    -19.483
922    -2.185
923    -19.531
924    -13.592
925    -13.575
926    -19.557
927    -17.554
928    -1.085
929    -19.511
930    -19.405
931    -13.634
932    -13.655
933    -19.547
934    -9.129
935    -8.989
936    -9.007
937    -8.849
938    -9.146
939    -8.854
940    -8.591
941    -8.538
942    -9.092
943    -30.258999
944    -4.634
945    -11.867
946    -3.87
947    -23.044
948    -12.142
949    -4.8389997
950    -11.002
951    -12.0529995
952    -12.121
953    -12.483
954    -12.136
955    -2.405
956    -25.232
957    -12.436
958    -12.593
959    -13.569
960    -13.622
961    -9.033
962    -8.916
963    -9.171
964    -19.594
965    -12.609
966    -19.588
967    -13.644
968    -19.593
969    -21.011
970    -13.658
971    -23.944
972    -2.6769998
973    -18.511
974    -19.52
975    -13.521
976    -4.3389997
977    -12.551
978    -12.361
979    -2.584
980    -2.543
981    -2.623
982    -2.093
983    -2.5089998
984    -2.585
985    -14.007
986    -15.08
987    -12.697
988    -12.34
989    -12.594
990    -13.661
991    -14.925
992    -19.552
993    -15.18
994    -15.024
995    -14.179
996    -14.097
997    -15.031
998    -40.443
999    -14.8029995
1000    -12.313
1001    -15.017
1002    -13.848
1003    -19.487
1004    -14.831
1005    -14.887
1006    -15.154
1007    -15.051
1008    -12.233
1009    -13.814
1010    -11.446
1011    -13.904
1012    -13.818
1013    -14.1
1014    -12.308
1015    -15.05
1016    -14.031
1017    -15.142
1018    -8.527
1019    -11.943
1020    -9.292
1021    -3.099
1022    -8.79
1023    -8.98
1024    -9.18
1025    -3.381
1026    -8.88
1027    -15.115
1028    -14.954
1029    -13.635
1030    -9.12
1031    -8.578
1032    -12.1
1033    -13.851
1034    -14.026
1035    -13.645
1036    -9.086
1037    -8.968
1038    -9.146
1039    -7.8190002
1040    -8.367
1041    -9.189
1042    -14.9869995
1043    -13.922
1044    -14.802
1045    -14.193
1046    -13.973
1047    -14.8619995
1048    -14.887
1049    -2.461
1050    -8.908
1051    -9.041
1052    -9.142
1053    -9.023
1054    -9.251
1055    -11.767
1056    -3.204
1057    -14.668
1058    -15.088
1059    -14.904
1060    -14.874
1061    -13.448999
1062    -13.927
1063    -15.039
1064    -15.142
1065    -14.087
1066    -14.841
1067    -14.337
1068    -14.757999
1069    -13.103
1070    -14.966
1071    -15.148
1072    -13.849
1073    -15.1119995
1074    -14.051
1075    -5.451
1076    -5.371
1077    -5.485
1078    -5.196
1079    -4.199
1080    -3.883
1081    -4.4
1082    -4.373
1083    -4.396
1084    -5.144
1085    -5.0369997
1086    -4.552
1087    -4.369
1088    -4.366
1089    -3.5149999
1090    -5.5
1091    -5.371
1092    -5.534
1093    -5.193
1094    -5.258
1095    -5.044
1096    -5.531
1097    -5.473
1098    -5.329
1099    -5.152
1100    -5.315
1101    -5.3719997
1102    -14.844
1103    -14.855
1104    -15.064
1105    -14.058
1106    -13.889
1107    -13.777
1108    -12.2369995
1109    -12.391
1110    -15.697
1111    -13.977
1112    -16.776
1113    -14.702
1114    -3.223
1115    -6.4309998
1116    -5.196
1117    -4.705
1118    -3.4759998
1119    -6.208
1120    -7.186
1121    -5.364
1122    -6.363
1123    -11.911
1124    -12.34
1125    -8.891
1126    -12.989
1127    -13.052
1128    -12.887
1129    -15.945
1130    -12.63
1131    -15.96
1132    -16.038
1133    -8.705
1134    -12.801
1135    -14.1119995
1136    -14.113
1137    -15.703
1138    -12.867
1139    -14.788
1140    -14.085
1141    -4.157
1142    -5.378
1143    -5.263
1144    -4.493
1145    -4.506
1146    -4.5
1147    -12.056
1148    -12.25
1149    -12.351
1150    -12.535
1151    -12.384
1152    -12.364
1153    -2.6539998
1154    -2.927
1155    -2.6999998
1156    -4.369
1157    -5.3389997
1158    -4.308
1159    -14.531
1160    -14.068
1161    -15.000999
1162    -15.161
1163    -14.601
1164    -14.958
1165    -14.117
1166    -14.115
1167    -14.051
1168    -13.086
1169    -15.105
1170    -14.097
1171    -14.742
1172    -14.073
1173    -13.96
1174    -13.995
1175    -14.371
1176    -13.965
1177    -14.156
1178    -14.21
1179    -15.446
1180    -14.746
1181    -14.309999
1182    -14.871
1183    -14.614
1184    -14.617
1185    -14.696
1186    -21.583
1187    -14.835
1188    -14.978
1189    -14.395
1190    -14.875999
1191    -14.859
1192    -14.576
1193    -14.491
1194    -14.676
1195    -14.802
1196    -14.738
1197    -14.867
1198    -4.976
1199    -5.316
1200    -5.062
1201    -5.105
1202    -5.242
1203    -10.081
1204    -14.639
1205    -15.039
1206    -14.469
1207    -14.645
1208    -14.569
1209    -14.75
1210    -14.638
1211    -14.727
1212    -14.821
1213    -14.809999
1214    -14.827
1215    -14.542
1216    -14.818
1217    -14.954
1218    -14.789
1219    -14.597
1220    -14.779
1221    -15.026
1222    -28.618
1223    -14.853
1224    -14.872
1225    -14.64
1226    -14.627
1227    -14.729
1228    -14.765
1229    -14.828
1230    -14.929
1231    -14.568
1232    -14.597
1233    -14.588
1234    -14.812
1235    -14.601
1236    -21.584
1237    -14.684999
1238    -14.878
1239    -14.621
1240    -14.301
1241    -14.999
1242    -14.727
1243    -14.922
1244    -14.657
1245    -14.894
1246    -14.665
1247    -17.638
1248    -14.438
1249    -14.895
1250    -14.658
1251    -14.896
1252    -14.755
1253    -14.809
1254    -17.662
1255    -14.62
1256    -20.482
1257    -14.517
1258    -14.6189995
1259    -14.695
1260    -14.511
1261    -6.689
1262    -12.875999
1263    -9.006
1264    -5.005
1265    -4.959
1266    -4.882
1267    -5.255
1268    -5.206
1269    -5.31
1270    -5.18
1271    -4.967
1272    -5.139
1273    -14.18
1274    -16.728
1275    -14.809
1276    -15.111
1277    -18.78
1278    -19.339
1279    -14.895
1280    -15.056
1281    -20.463
1282    -14.891
1283    -14.728
1284    -14.598
1285    -14.805
1286    -14.6
1287    -14.882999
1288    -20.219
1289    -15.015
1290    -14.702
1291    -14.873
1292    -14.515
1293    -14.845
1294    -14.703
1295    -14.885
1296    -14.546
1297    -18.676
1298    -14.615
1299    -19.482
1300    -14.933
1301    -19.839
1302    -14.092
1303    -18.835
1304    -16.695
1305    -14.601
1306    -20.123
1307    -14.912
1308    -14.841
1309    -14.866
1310    -14.914
1311    -17.641
1312    -14.246
1313    -16.643
1314    -14.749
1315    -11.895
1316    -12.035
1317    -12.439
1318    -11.819
1319    -12.516
1320    -12.602
1321    -4.927
1322    -2.487
1323    -2.645
1324    -1.4279995
1325    -0.08199978
1326    -2.679
1327    -24.509
1328    -23.532
1329    -26.652
1330    -20.776
1331    -10.479
1332    -20.81
1333    -20.491
1334    -20.543
1335    -20.55
1336    -22.334
1337    -23.105999
1338    -14.414
1339    -14.566999
1340    -22.337
1341    -23.328
1342    -11.105
1343    -22.361
1344    -14.568
1345    -16.342
1346    -15.947
1347    -16.384
1348    -32.327
1349    -32.889
1350    -25.197
1351    -36.395
1352    -32.153
1353    -33.01
1354    -14.166
1355    -15.853
1356    -16.332
1357    -15.996
1358    -18.331
1359    -15.752
1360    -5.708
1361    -5.719
1362    -13.479
1363    -13.022
1364    -5.664
1365    -13.021
1366    -5.715
1367    -5.71
1368    -13.47
1369    -25.256
1370    -25.230999
1371    -25.249
1372    -5.698
1373    -4.501
1374    -5.709
1375    -5.522
1376    -5.708
1377    -4.5889997
1378    -13.012
1379    -8.48
1380    -13.319
1381    -2.75
1382    0.42900002
1383    -7.975
1384    -12.991
1385    -8.503
1386    -26.973
1387    -19.325
1388    -18.98
1389    -19.043
1390    -19.28
1391    -18.279
1392    -19.097
1393    -19.3
1394    -19.208
1395    -26.914
1396    1.0
1397    -19.027
1398    1.0
1399    -5.847
1400    -24.775
1401    -25.237
1402    -24.454
1403    -5.943
1404    -6.702
1405    -6.123
1406    -5.864
1407    -6.699
1408    -6.222
1409    -4.977
1410    -5.803
1411    -6.666
1412    -6.696
1413    -24.265
1414    -6.692
1415    -6.595
1416    -6.63
1417    -24.362
1418    -24.928
1419    -6.616
1420    -6.71
1421    -5.772
1422    -6.7139997
1423    -25.112
1424    -6.518
1425    -6.708
1426    -8.151
1427    -7.664
1428    -7.739
1429    -7.717
1430    -6.7139997
1431    -31.532
1432    -7.62
1433    -6.698
1434    -7.621
1435    -3.375
1436    -3.638
1437    -22.203
1438    -21.477
1439    -3.727
1440    -22.07
1441    -21.923
1442    -29.803
1443    -3.728
1444    -3.803
1445    -3.684
1446    -22.276
1447    -3.736
1448    -4.928
1449    -29.768
1450    -22.245
1451    -3.737
1452    -3.736
1453    -3.626
1454    -21.355
1455    -3.2849998
1456    -11.427
1457    -3.899
1458    -3.721
1459    -3.531
1460    -3.718
1461    -3.455
1462    -3.712
1463    -3.558
1464    -4.547
1465    -5.579
1466    -5.585
1467    -5.502
1468    -5.184
1469    -4.526
1470    -3.736
1471    -3.733
1472    -3.533
1473    -5.398
1474    -5.351
1475    -5.197
1476    -8.462
1477    -8.263
1478    -5.323
1479    -5.515
1480    -8.296
1481    -4.824
1482    -5.711
1483    -5.737
1484    -5.726
1485    -5.649
1486    -11.478
1487    -3.7189999
1488    -3.468
1489    -5.177
1490    -5.401
1491    -5.163
1492    -5.161
1493    -3.724
1494    -22.156
1495    -22.121
1496    -22.2
1497    -29.898
1498    -29.755
1499    -22.23
1500    -22.166
1501    -22.225
1502    -29.969
1503    -22.211
1504    -22.264
1505    -22.02
1506    -21.814
1507    -22.211
1508    -22.221
1509    -22.241
1510    -21.791
1511    -22.165
1512    -22.230999
1513    -22.143
1514    -22.032
1515    -22.105
1516    -22.162
1517    -22.217
1518    -22.196
1519    -22.186
1520    -22.176
1521    -22.185
1522    -22.242
1523    -22.241
1524    -22.196
1525    -22.054
1526    -22.128
1527    -22.183
1528    -22.21
1529    -22.186
1530    -22.174
1531    -22.09
1532    -22.196
1533    -22.194
1534    -22.226
1535    -22.211
1536    -21.788
1537    -22.194
1538    -22.208
1539    -13.05
1540    -21.747
1541    -22.082
1542    -5.236
1543    -22.057
1544    -21.775
1545    -29.744999
1546    -5.709
1547    -5.504
1548    -4.87
1549    -29.842
1550    -5.71
1551    -29.905
1552    -5.245
1553    -29.435
1554    -3.415
1555    -3.7319999
1556    -3.679
1557    -3.715
1558    -3.746
1559    -3.485
1560    -11.416
1561    -3.7189999
1562    -3.723
1563    -11.384
1564    -3.203
1565    -3.133
1566    -3.738
1567    -11.435
1568    -3.729
1569    -3.58
1570    -3.681
1571    -3.249
1572    -3.725
1573    -3.424
1574    -3.699
1575    -3.7319999
1576    -3.731
1577    -3.695
1578    -3.725
1579    -3.22
1580    -11.383
1581    -11.326
1582    -3.547
1583    -3.706
1584    -3.725
1585    -3.722
1586    -3.725
1587    -3.657
1588    -3.73
1589    -11.462
1590    -11.242
1591    -3.5149999
1592    -3.633
1593    -3.706
1594    -3.692
1595    -3.722
1596    -3.615
1597    -11.412
1598    -3.683
1599    -3.726
1600    -3.728
1601    -3.713
1602    -3.509
1603    -2.992
1604    -3.663
1605    -0.9359999
1606    -3.729
1607    -3.73
1608    -3.487
1609    -3.2129998
1610    -3.728
1611    -3.718
1612    -11.455
1613    -3.715
1614    -5.751
1615    -8.886
1616    -5.225
1617    -5.369
1618    -5.784
1619    -5.008
1620    -12.679
1621    -12.731
1622    -22.276
1623    -4.457
1624    -21.737999
1625    -5.26
1626    -5.187
1627    -21.934
1628    -22.264
1629    -21.963
1630    -4.679
1631    -4.566
1632    -21.978
1633    -21.898
1634    -1.986
1635    -1.984
1636    -5.153
1637    -4.71
1638    -4.6359997
1639    -4.619
1640    -5.159
1641    -22.067
1642    -22.163
1643    -5.067
1644    -22.0
1645    -21.79
1646    -22.007
1647    -22.13
1648    -5.007
1649    -8.411
1650    -22.028
1651    -21.964
1652    -5.201
1653    -21.96
1654    -21.89
1655    -4.907
1656    -29.595
1657    -22.145
1658    -5.568
1659    -5.145
1660    -21.980999
1661    -12.797
1662    -5.348
1663    -5.146
1664    -5.35
1665    -4.736
1666    -5.149
1667    -21.99
1668    -4.976
1669    -21.93
1670    -21.898
1671    -21.931
1672    -5.033
1673    -22.039
1674    -8.896
1675    -9.932
1676    -8.153999
1677    -8.4
1678    -5.486
1679    -13.058
1680    -5.311
1681    -2.652
1682    -5.337
1683    -4.9309998
1684    -5.867
1685    -5.6949997
1686    -5.077
1687    -3.662
1688    -13.343
1689    -13.476
1690    -28.312
1691    -37.793
1692    -39.849
1693    -29.14
1694    -12.441
1695    -30.471
1696    -28.609
1697    -17.108
1698    -12.986
1699    -29.454
1700    -30.385
1701    -18.168
1702    -31.354
1703    -11.966
1704    -32.51
1705    -11.979
1706    -29.182
1707    -29.374
1708    -29.397
1709    -17.171
1710    -29.633
1711    -29.272
1712    -29.33
1713    -17.201
1714    -12.287
1715    -21.33
1716    -28.696
1717    -30.35
1718    -19.233
1719    -28.494999
1720    -36.947
1721    -12.285
1722    -13.58
1723    -28.234
1724    -28.468
1725    -12.055
1726    -29.341
1727    -29.267
1728    -17.159
1729    -13.667
1730    -12.756
1731    -13.389999
1732    -29.012
1733    -18.181
1734    -30.375
1735    -29.327
1736    -17.22
1737    -13.617
1738    -17.189
1739    -30.141
1740    -13.615
1741    -28.414
1742    -29.694
1743    -12.725
1744    -36.063
1745    -28.407
1746    -34.829
1747    -12.189
1748    -13.559
1749    -17.268
1750    -30.255
1751    -11.073
1752    -9.407
1753    -9.415
1754    -8.429
1755    -9.363
1756    -16.844
1757    -10.159
1758    -9.444
1759    -9.377
1760    -9.192
1761    -9.166
1762    -9.374
1763    -9.38
1764    -8.984
1765    -9.423
1766    -9.433
1767    -9.425
1768    -8.313
1769    -9.268
1770    -10.102
1771    -9.208
1772    -9.423
1773    -17.112
1774    -9.198
1775    -10.432
1776    -11.475
1777    -12.294
1778    -12.333
1779    -11.000999
1780    -12.532
1781    -12.819
1782    -12.933
1783    -11.772
1784    -10.376
1785    -11.929
1786    -11.205
1787    -11.642
1788    -11.469
1789    -11.476
1790    -11.264
1791    -11.021
1792    -12.09
1793    -12.027
1794    -11.259
1795    -12.167
1796    -14.64
1797    -12.242
1798    -13.305
1799    -10.576
1800    -26.188
1801    -27.212
1802    -28.186
1803    -28.198
1804    -27.615
1805    -26.072
1806    -26.407999
1807    -28.087
1808    -27.987
1809    -26.194
1810    -26.955
1811    -28.232
1812    -26.123
1813    -27.312
1814    -26.831
1815    -27.089
1816    -27.173
1817    -27.069
1818    -24.95
1819    -27.71
1820    -25.98
1821    -27.758
1822    -29.147
1823    -28.221
1824    -26.201
1825    -27.686
1826    -27.915
1827    -26.249
1828    -26.593
1829    -26.24
1830    -29.123
1831    -28.725
1832    -28.209
1833    -31.089
1834    -28.104
1835    -27.136
1836    -28.0
1837    -27.753
1838    -27.108
1839    -27.171
1840    -28.204
1841    -28.141
1842    -29.161
1843    -28.0
1844    -28.125
1845    -27.128
1846    -28.156
1847    -27.997
1848    -26.996
1849    -29.174
1850    -29.147
1851    -26.944
1852    -25.196
1853    -28.188
