0    -3.538
1    -4.7539997
2    -3.57
3    -3.855
4    -2.822
5    -3.622
6    -2.745
7    -3.405
8    -3.9069998
9    -7.222
10    -3.6139998
11    -6.33
12    -2.754
13    -2.7059999
14    -3.44
15    -4.257
16    -5.586
17    -3.4759998
18    -8.811
19    -3.025
20    -3.8009999
21    -4.779
22    -2.7459998
23    -0.2479999
24    -6.203
25    -7.338
26    -5.595
27    -1.1209999
28    -1.3039999
29    -1.0339999
30    -1.559
31    -1.0149999
32    -0.9599999
33    -1.1589999
34    -0.99099994
35    -1.1789999
36    -1.346
37    -0.9039999
38    -1.1259999
39    -1.276
40    -1.0649999
41    -1.206
42    -0.92499995
43    -0.99099994
44    -1.198
45    -1.0149999
46    -0.99399996
47    -1.0569999
48    -1.127
49    -0.84799993
50    -1.0189999
51    -1.0649999
52    -1.1689999
53    -1.16
54    -1.2479999
55    -0.9109999
56    -1.147
57    -1.223
58    -0.75
59    -0.83799994
60    -1.013
61    -1.068
62    -1.148
63    -1.01
64    -1.06
65    -1.135
66    -1.436
67    -1.403
68    -1.111
69    -1.071
70    -1.102
71    -1.164
72    -1.309
73    -1.127
74    -1.31
75    -1.3199999
76    -1.333
77    -1.257
78    -1.3009999
79    -1.216
80    -1.046
81    -1.173
82    -1.175
83    -0.9499999
84    -1.129
85    -1.279
86    -1.269
87    -1.1259999
88    -1.119
89    -1.085
90    -1.3239999
91    -1.184
92    -0.8829999
93    -1.217
94    -1.1299999
95    -1.302
96    -1.426
97    -1.16
98    -0.41799998
99    -1.3149999
100    -0.6739999
101    -1.099
102    -0.849
103    -1.2129999
104    -1.14
105    -6.7229996
106    -7.6899996
107    -6.326
108    -6.344
109    -7.684
110    -9.278999
111    -6.4449997
112    -6.371
113    -12.783
114    -7.935
115    -7.711
116    -7.941
117    -7.382
118    -7.094
119    -7.167
120    -7.559
121    -7.656
122    -7.5369997
123    -7.666
124    -27.187
125    -26.624
126    -25.994999
127    -25.934
128    -26.036
129    -25.649
130    -25.857
131    -26.024
132    -26.776
133    -25.529999
134    -25.775
135    -25.556
136    -26.204
137    -30.017
138    -25.865
139    -25.709
140    -26.415
141    -26.318
142    -26.119999
143    -26.204
144    -28.273
145    -27.983
146    -28.005
147    -28.14
148    -28.29
149    -27.383
150    -31.027
151    -28.236
152    -27.831
153    -28.225
154    -28.309
155    -27.653
156    -31.086
157    -28.126999
158    -28.093
159    -27.939
160    -27.931
161    -31.073
162    -28.17
163    -28.237999
164    -17.789
165    -19.730999
166    -18.002
167    -16.638
168    -20.812
169    -17.697
170    -17.507
171    -20.574
172    -22.579
173    -22.211
174    -22.554
175    -22.294
176    -22.579
177    -22.327
178    -22.964
179    -25.796
180    -22.225
181    -22.507
182    -21.765999
183    -22.637
184    -22.792
185    -22.82
186    -22.306
187    -22.889
188    -21.237
189    -19.521
190    -21.322
191    -19.081
192    -20.153
193    -19.263
194    -22.076
195    -18.347
196    -20.131
197    -19.608
198    -16.652
199    -16.836
200    -16.625
201    -19.787
202    -16.747
203    -16.937
204    -16.776
205    -16.777
206    -16.933
207    -16.902
208    -22.658
209    -22.543
210    -22.385
211    -22.498
212    -22.074
213    -22.214
214    -22.451
215    -22.319
216    -22.852
217    -22.635
218    -30.718
219    -24.987999
220    -25.074
221    -24.57
222    -25.325
223    -24.807
224    -24.501999
225    -31.399
226    -25.024
227    -24.15
228    -22.223
229    -22.8
230    -25.389
231    -22.59
232    -22.629
233    -22.61
234    -22.107
235    -25.281
236    -22.505
237    -24.423
238    -25.33
239    -22.457
240    -25.588
241    -22.74
242    -22.352
243    -22.176
244    -22.827
245    -22.551
246    -25.719
247    -22.693
248    -22.455
249    -22.483
250    -22.717
251    -25.707
252    -22.664
253    -22.669
254    -22.494
255    -22.809
256    -22.576
257    -22.432
258    -21.039
259    -16.455
260    -17.847
261    -17.2
262    -17.892
263    -17.686
264    -17.355
265    -17.605
266    -17.926
267    -21.164
268    -20.476
269    -20.973999
270    -20.998
271    -17.045
272    -17.794
273    -17.561
274    -20.496
275    -17.519
276    -17.928
277    -20.774
278    -17.156
279    -17.778
280    -18.015
281    -17.705
282    -17.723
283    -17.706
284    -17.221
285    -17.48
286    -17.727
287    -18.11
288    -17.11
289    -20.202
290    -20.83
291    -17.833
292    -17.949
293    -17.793
294    -17.756
295    -17.638
296    -20.957
297    -17.321
298    -17.678
299    -18.633
300    -17.784
301    -17.717
302    -17.84
303    -17.77
304    -16.038
305    -20.783
306    -18.015
307    -15.993
308    -20.736
309    -17.755
310    -17.92
311    -17.335
312    -17.858
313    -17.792
314    -20.893
315    -20.347
316    -17.735
317    -16.364
318    -17.777
319    -17.535
320    -17.905
321    -17.323
322    -17.665
323    -17.42
324    -17.8
325    -20.718
326    -17.446
327    -17.941
328    -17.912
329    -17.795
330    -17.774
331    -17.701
332    -17.253
333    -17.55
334    -17.586
335    -16.587
336    -17.431
337    -17.616
338    -20.769
339    -16.491
340    -17.653
341    -17.783
342    -19.76
343    -21.88
344    -17.595
345    -20.616
346    -17.793
347    -17.736
348    -17.839
349    -17.677
350    -17.808
351    -17.958
352    -17.71
353    -17.619
354    -17.35
355    -17.629
356    -17.675
357    -17.744999
358    -17.879
359    -17.473999
360    -17.891
361    -17.34
362    -17.076
363    -20.987999
364    -17.29
365    -21.005
366    -17.901
367    -17.943
368    -17.982
369    -17.76
370    -20.85
371    -17.97
372    -18.086
373    -21.979
374    -22.117
375    -24.211
376    -21.973999
377    -25.095
378    -22.122
379    -22.527
380    -22.435
381    -25.565
382    -21.954
383    -22.46
384    -25.686
385    -18.039
386    -15.025
387    -14.372
388    -14.767
389    -14.372
390    -18.056
391    -22.677
392    -22.121
393    -25.883
394    -22.473999
395    -25.715
396    -22.552
397    -14.973
398    -15.067
399    -17.433
400    -22.686
401    -22.72
402    -22.771
403    -15.188
404    -15.125
405    -17.98
406    -25.304
407    -25.332
408    -25.694
409    -22.807
410    -22.921
411    -22.661
412    -22.552
413    -22.677
414    -22.912
415    -22.667
416    -22.502
417    -22.834
418    -22.576
419    -22.453
420    -25.254
421    -25.448
422    -25.644
423    -25.719
424    -22.548
425    -22.692
426    -22.808
427    -22.757
428    -22.621
429    -22.843
430    -22.784
431    -22.716
432    -22.777
433    -25.744999
434    -22.097
435    -22.662
436    -25.88
437    -22.751
438    -25.723999
439    -24.727
440    -24.777
441    -25.477
442    -24.876999
443    -24.528
444    -23.505
445    -22.273
446    -22.11
447    -22.366
448    -22.315
449    -22.285
450    -22.736
451    -22.506
452    -22.511
453    -22.589
454    -19.436
455    -18.88
456    -19.715
457    -22.671
458    -27.022
459    -22.685
460    -19.449
461    -19.319
462    -19.672
463    -22.13
464    -22.659
465    -25.855999
466    -25.878
467    -22.793
468    -21.894
469    -19.098999
470    -19.723999
471    -19.619
472    -18.85
473    -19.514
474    -21.754
475    -22.748
476    -21.785
477    -22.951
478    -22.769
479    -22.819
480    -22.707
481    -22.858
482    -21.79
483    -22.713
484    -22.554
485    -22.628
486    -22.778
487    -21.918
488    -22.663
489    -18.632
490    -18.92
491    -18.309
492    -24.426
493    -24.426
494    -24.141
495    -23.793
496    -24.062
497    -24.44
498    -24.379
499    -20.559
500    -20.798
501    -23.573
502    -23.753
503    -23.909
504    -20.833
505    -23.848999
506    -24.194
507    -24.634
508    -27.471
509    -27.979
510    -28.457
511    -20.451
512    -26.462
513    -24.639
514    28.931004
515    -27.829
516    -28.378
517    -24.64
518    -23.248
519    -24.593
520    -27.614
521    -28.052
522    -27.493
523    -24.321
524    -24.41
525    -24.358
526    -27.091
527    -22.206
528    -28.611
529    -25.583
530    -27.483
531    -27.278
532    -22.209
533    -28.407
534    -28.132
535    -27.54
536    -27.23
537    -26.444
538    -24.445
539    -24.359
540    -24.566
541    -23.848
542    -24.441
543    -24.416
544    -18.435
545    -17.626999
546    -24.234
547    -28.221
548    -28.372
549    -28.001999
550    -28.202
551    -28.506
552    -28.188
553    -28.168
554    -27.994999
555    -28.498
556    -28.133
557    -28.695
558    -28.629
559    -28.735
560    -26.522999
561    -28.445
562    -31.263
563    -28.582
564    -28.591
565    -27.786
566    -28.374
567    -28.44
568    -28.423
569    -28.697
570    -28.297
571    -28.264
572    -28.465
573    -28.425
574    -28.293
575    -28.598
576    -23.591
577    -22.107
578    -22.77
579    -23.492
580    -20.53
581    -19.617
582    -20.003
583    -20.681
584    -20.6
585    -23.722
586    -18.684
587    -18.727
588    -21.919
589    -22.625
590    -22.506
591    -22.751
592    -18.596
593    -18.102
594    -21.875
595    -25.333
596    -25.591
597    -22.554
598    -18.605999
599    -18.997
600    -18.786
601    -22.804
602    -22.64
603    -22.908
604    -22.733
605    -22.846
606    -25.809
607    -22.569
608    -22.775
609    -22.259
610    -12.98
611    -13.025
612    -13.153
613    -12.949
614    -12.85
615    -28.09
616    -20.148
617    -23.815
618    -12.721
619    -12.889
620    -12.941999
621    -13.005
622    -13.141
623    -12.1119995
624    -12.759
625    -28.574
626    -28.66
627    -28.176
628    -28.332
629    -28.232
630    -28.779
631    -28.67
632    -28.763
633    -28.633
634    -28.547
635    -28.414
636    -28.436
637    -28.55
638    -28.513
639    -27.368
640    -28.42
641    -28.589
642    -28.478
643    -20.728
644    -20.646
645    -20.803
646    -19.05
647    -20.941
648    -20.871
649    -22.746
650    -20.815
651    -14.22
652    -22.583
653    -21.009
654    -28.551
655    -21.222
656    -27.929
657    -28.235
658    -22.342
659    -25.654
660    -25.862999
661    -22.811
662    -22.604
663    -23.976
664    -22.14
665    -22.86
666    -22.749
667    -22.602
668    -22.958
669    -22.809
670    -25.722
671    -22.548
672    -22.785
673    -15.072
674    -25.739
675    -25.737999
676    -22.912
677    -12.749
678    -22.827
679    -15.116
680    -21.97
681    -14.94
682    -20.792
683    -19.032
684    -14.842
685    -14.315
686    -27.390999
687    -21.523
688    -22.316
689    -25.687
690    -23.679
691    -22.631
692    -22.304
693    -21.617
694    -28.623
695    -27.435
696    -28.581
697    -40.38
698    1.079
699    -19.980999
700    -28.398
701    -31.594
702    -28.456
703    -20.911
704    -28.459
705    -22.53
706    -22.519
707    -28.499
708    -22.414
709    -22.451
710    -27.365
711    -28.362999
712    -22.41
713    -28.627
714    -19.895
715    -22.3
716    -28.709
717    -9.103
718    -12.773
719    -12.904
720    -22.626
721    -28.247
722    -22.515
723    -28.487
724    -22.498
725    -22.392
726    -28.578
727    -18.989
728    -21.997
729    -12.962
730    -12.948
731    -15.972
732    -22.059
733    -21.893
734    -22.43
735    -22.126
736    -22.374
737    -24.832
738    -12.319
739    -13.432
740    -15.808
741    -7.401
742    -15.283
743    -7.342
744    -20.896
745    -22.427
746    -22.531
747    -20.465
748    -20.718
749    -20.431
750    -22.446
751    -22.544
752    -17.086
753    -20.817
754    -20.53
755    -20.733
756    -12.609
757    -12.915
758    -9.274
759    -16.584
760    -15.899
761    -16.301
762    -16.383
763    -16.208
764    -16.41
765    -16.353
766    -16.346
767    -16.254
768    -22.695
769    -21.607
770    -22.467
771    -22.781
772    -22.31
773    -22.714
774    -22.625
775    -22.456
776    -22.532999
777    -22.57
778    -22.628
779    -21.897
780    -21.853
781    -18.583
782    -18.999
783    -18.912
784    -18.585
785    -19.097
786    -18.926
787    -18.912
788    -21.924
789    -18.633
790    -19.037
791    -18.457
792    -18.795
793    -18.667
794    -18.618
795    -11.901
796    -9.131
797    -12.125
798    -18.614
799    -18.511
800    -18.933
801    -13.279
802    -11.474
803    -9.14
804    -13.469
805    -13.236
806    -13.485
807    -13.556
808    -13.703
809    -13.338
810    -13.146
811    -13.255
812    -13.784
813    -13.528
814    -13.643
815    -13.694
816    -13.826
817    -13.273
818    -13.936
819    -13.666
820    -13.674
821    -13.754
822    -13.309999
823    -13.615
824    -13.655
825    -13.422
826    -12.924
827    -13.627
828    -18.366
829    -13.125999
830    -13.763
831    -13.312
832    -13.2369995
833    -13.308
834    -13.548
835    -13.516
836    -13.206
837    -12.99
838    -13.687
839    -13.8029995
840    -13.615
841    -18.534
842    -18.506
843    -18.604
844    -18.868
845    -18.859
846    -18.507
847    -12.915
848    -15.895
849    -15.715
850    -19.07
851    -18.506
852    -18.55
853    -18.615
854    -18.508
855    -18.845
856    -19.007
857    -18.732
858    -18.862
859    -22.611
860    -22.708
861    -22.282999
862    -12.8689995
863    -9.216
864    -8.855
865    -8.311
866    -9.959
867    -12.694
868    -24.047
869    -26.928
870    -23.126
871    -9.07
872    -8.918
873    -9.313
874    -24.243
875    -21.362999
876    -27.673
877    -7.013
878    -8.894
879    -11.059
880    -11.539
881    -24.353
882    -23.904
883    -8.793
884    -8.175
885    -9.224
886    -9.024
887    -3.026
888    -8.532
889    -0.31499994
890    -19.519
891    -17.688
892    -6.561
893    -6.147
894    -6.326
895    -0.08699995
896    -18.946
897    -17.805
898    -3.198
899    -6.32
900    -3.553
901    -18.454
902    -18.594
903    -19.693
904    -7.2269998
905    -8.249
906    -3.3769999
907    -18.584
908    -19.54
909    -19.593
910    -3.42
911    -3.3309999
912    -9.309999
913    -12.397
914    -12.429
915    -8.495
916    -12.268
917    -3.742
918    -11.782
919    -3.7069998
920    -11.851
921    -13.638
922    -13.625999
923    -3.712
924    -13.486
925    -13.781
926    -19.484
927    -12.235
928    -8.684
929    -17.327
930    -9.357
931    -13.68
932    -17.912
933    -19.472
934    -9.028
935    -9.058
936    -8.6119995
937    -12.453
938    -18.548
939    -19.459
940    -13.681
941    -18.098
942    -13.683
943    -3.5349998
944    -9.149
945    -9.215
946    -3.1599998
947    -13.66
948    -18.146
949    -17.061
950    -9.15
951    -9.29
952    -1.211
953    -13.697
954    -18.36
955    -12.223
956    -19.541
957    -11.334
958    -13.604
959    -13.713
960    -19.407
961    -13.659
962    -18.53
963    -13.724
964    -13.658
965    -19.63
966    -19.652
967    -13.784
968    -13.57
969    -1.279
970    -19.521
971    -2.293
972    -19.686
973    -19.411
974    -19.688
975    -13.592
976    -8.917
977    -9.272
978    -9.416
979    -8.808
980    -9.122
981    -9.253
982    -9.166
983    -9.107
984    -9.133
985    -8.824
986    -9.003
987    -17.392
988    -13.86
989    -18.142
990    -13.647
991    -9.051
992    -9.048
993    -9.022
994    -1.157
995    -12.424
996    -13.725
997    -2.3009999
998    -13.611
999    -1.3629999
1000    -13.733
1001    -12.721
1002    -13.514
1003    -13.741
1004    -19.728
1005    -4.772
1006    -9.093
1007    -9.09
1008    -8.877
1009    -6.903
1010    -8.953
1011    -8.875
1012    -12.715
1013    -19.47
1014    -4.8719997
1015    -8.7439995
1016    -8.068
1017    -9.1189995
1018    -12.282
1019    -16.102
1020    -4.526
1021    -9.069
1022    -8.958
1023    -9.161
1024    -9.265
1025    -9.124
1026    -8.983
1027    -11.858
1028    -12.634
1029    -24.227
1030    -30.111
1031    -14.781
1032    -31.328
1033    -11.712
1034    -5.697
1035    -25.939
1036    -20.827
1037    -24.459
1038    -12.01
1039    -4.2539997
1040    -12.409
1041    -13.824
1042    -8.974
1043    -9.15
1044    -9.154
1045    -9.029
1046    -9.21
1047    -9.152
1048    -13.731
1049    -12.509
1050    -19.655
1051    -9.184
1052    -9.195
1053    -3.244
1054    -13.505
1055    -16.358
1056    -19.48
1057    -12.667
1058    -19.556
1059    -13.765
1060    -19.525
1061    -12.571
1062    -19.666
1063    -12.545
1064    -13.717
1065    -12.555
1066    -12.473
1067    -12.32
1068    -12.063
1069    -2.6
1070    -2.348
1071    -4.614
1072    -2.277
1073    -2.381
1074    -2.475
1075    -14.856
1076    -14.752
1077    -14.058
1078    -13.721
1079    -12.539
1080    -14.824
1081    -14.161
1082    -12.017
1083    -14.93
1084    -13.855
1085    -14.97
1086    -13.755
1087    -14.794
1088    -15.074
1089    -13.836
1090    -15.087
1091    -15.13
1092    -14.7
1093    -14.192
1094    -14.96
1095    -14.76
1096    -12.707
1097    -17.371
1098    -14.999
1099    -14.000999
1100    -15.051
1101    -14.974
1102    -14.84
1103    -13.469
1104    -14.152
1105    -15.752
1106    -14.995
1107    -19.518
1108    -12.184
1109    -8.719
1110    -9.179
1111    -9.219
1112    -9.22
1113    -9.4279995
1114    -9.126
1115    -7.8719997
1116    -8.851
1117    -13.2439995
1118    -12.485
1119    -16.118
1120    -9.037
1121    -9.087
1122    -8.46
1123    -15.068
1124    -11.864
1125    -4.817
1126    -8.322
1127    -3.291
1128    -8.709
1129    -9.093
1130    -9.266
1131    -7.0109997
1132    -14.568
1133    -15.054
1134    -15.002
1135    -3.204
1136    -8.615
1137    -9.331
1138    -15.072
1139    -14.853
1140    -15.786
1141    -9.126
1142    -8.849
1143    -9.312
1144    -15.123
1145    -14.986
1146    -14.804
1147    -13.039
1148    -8.941999
1149    -10.775
1150    -14.933
1151    -15.165
1152    -14.02
1153    -14.97
1154    -14.707
1155    -13.536
1156    -14.000999
1157    -14.227
1158    -14.013
1159    -14.989
1160    -14.757
1161    -15.14
1162    -15.238
1163    -15.109
1164    -14.872
1165    -14.171
1166    -15.21
1167    -14.773
1168    -5.348
1169    -4.659
1170    -4.5299997
1171    -5.365
1172    -4.837
1173    -5.525
1174    -5.2869997
1175    -5.275
1176    -5.561
1177    -3.501
1178    -4.661
1179    -5.263
1180    -4.977
1181    -3.9559999
1182    -5.274
1183    -4.706
1184    -5.349
1185    -5.178
1186    -5.363
1187    -5.322
1188    -5.367
1189    -5.334
1190    -5.453
1191    -5.223
1192    -3.9109998
1193    -5.402
1194    -4.976
1195    -15.165
1196    -14.931
1197    -14.750999
1198    -14.912
1199    -13.98
1200    -14.0529995
1201    -14.514
1202    -12.429
1203    -9.933
1204    -15.578
1205    -13.654
1206    -9.629
1207    -5.392
1208    -4.42
1209    -4.637
1210    -6.909
1211    -7.186
1212    -6.0039997
1213    -5.308
1214    -6.053
1215    -3.875
1216    -11.738
1217    -12.203
1218    -12.374
1219    -12.674
1220    -15.995
1221    -12.912
1222    -9.304
1223    -13.105
1224    -16.104
1225    -12.924
1226    -13.138
1227    -12.904
1228    -16.379
1229    -16.573
1230    -15.416
1231    -13.951
1232    -13.909
1233    -13.177
1234    -5.125
1235    -5.036
1236    -5.479
1237    -4.349
1238    -3.9829998
1239    -4.48
1240    -11.555
1241    -13.37
1242    -12.34
1243    -11.21
1244    -12.389999
1245    -12.051
1246    -2.642
1247    -2.71
1248    -2.6009998
1249    -4.895
1250    -4.332
1251    -4.377
1252    -14.757
1253    -14.67
1254    -15.105
1255    -12.921
1256    -14.974
1257    -13.84
1258    -14.005
1259    -13.99
1260    -14.94
1261    -15.097
1262    -14.917
1263    -14.019
1264    -14.815
1265    -14.907
1266    -14.946
1267    -14.315
1268    -14.76
1269    -14.003
1270    -9.729
1271    -16.832
1272    -12.288
1273    -14.575
1274    -14.726
1275    -14.824
1276    -15.126
1277    -15.0529995
1278    -14.771
1279    -19.753
1280    -14.738
1281    -15.005
1282    -14.714
1283    -14.85
1284    -14.878
1285    -14.761
1286    -14.948
1287    -14.77
1288    -14.698999
1289    -14.832
1290    -14.654
1291    -12.457
1292    -12.411
1293    -12.173
1294    -12.24
1295    -12.503
1296    -12.169
1297    -2.7919998
1298    -2.3049998
1299    -2.747
1300    -2.677
1301    -2.578
1302    -2.204
1303    -6.0659995
1304    1.0
1305    -8.938999
1306    -27.425
1307    -24.789
1308    -23.542
1309    -20.821
1310    -20.516
1311    -20.554
1312    -20.557
1313    -22.494
1314    -20.657
1315    -14.463
1316    -22.382
1317    -14.396
1318    -14.391
1319    -14.392
1320    -14.532
1321    -9.93
1322    -22.207
1323    -14.491
1324    -15.131
1325    -15.148
1326    -12.703
1327    -15.13
1328    -24.168
1329    -24.331
1330    -16.469
1331    -16.452
1332    -15.867
1333    -25.238
1334    -32.864
1335    -33.025
1336    -32.697
1337    -32.064
1338    -32.536
1339    -16.087
1340    -15.74
1341    -16.07
1342    -18.705
1343    -20.687
1344    -15.967
1345    -5.716
1346    -5.384
1347    -13.491
1348    -5.7139997
1349    -5.709
1350    -13.438
1351    -5.698
1352    -5.685
1353    -5.5889997
1354    -25.244
1355    -24.906
1356    -24.903
1357    -5.71
1358    -8.718
1359    -8.73
1360    -4.925
1361    -5.726
1362    -5.583
1363    -8.44
1364    -7.924
1365    0.549
1366    0.305
1367    -8.205
1368    -2.641
1369    -27.063
1370    -19.165
1371    -19.169
1372    -19.23
1373    -19.08
1374    -19.2
1375    -19.183
1376    -19.22
1377    -19.3
1378    1.0
1379    -9.674
1380    1.0
1381    -6.596
1382    -25.218
1383    -25.146
1384    -24.285
1385    -28.453
1386    -25.115
1387    -25.145
1388    -6.15
1389    -5.966
1390    -27.583
1391    -6.71
1392    -4.977
1393    -6.708
1394    -32.61
1395    -6.552
1396    -32.865
1397    -24.436
1398    -25.191
1399    -25.229
1400    -6.098
1401    -24.406
1402    -25.186
1403    -5.93
1404    -6.679
1405    -32.956
1406    -6.37
1407    -6.7
1408    -5.823
1409    -5.858
1410    -5.856
1411    -6.715
1412    -25.206
1413    -6.719
1414    -6.683
1415    -7.524
1416    -15.485
1417    -22.302
1418    -22.292
1419    -3.715
1420    -3.6269999
1421    -3.721
1422    -3.72
1423    -3.569
1424    -22.281
1425    -22.255
1426    -3.734
1427    -3.74
1428    -22.149
1429    -22.296
1430    -3.729
1431    -3.118
1432    -3.735
1433    -3.716
1434    -22.241
1435    -22.261
1436    -3.738
1437    -3.198
1438    -3.728
1439    -3.723
1440    -3.567
1441    -3.598
1442    -22.27
1443    -3.71
1444    -22.26
1445    -3.735
1446    -3.72
1447    -5.165
1448    -5.2269998
1449    -5.302
1450    -12.819
1451    -8.554
1452    -3.714
1453    -3.214
1454    -3.718
1455    -3.725
1456    -3.735
1457    -3.73
1458    -8.048
1459    -4.249
1460    -5.468
1461    -5.365
1462    -5.4
1463    -5.003
1464    -4.999
1465    -5.05
1466    -5.426
1467    -7.981
1468    -5.295
1469    -5.482
1470    -5.46
1471    -5.386
1472    -4.9119997
1473    -5.38
1474    -16.453
1475    -5.25
1476    -3.033
1477    -3.491
1478    -3.733
1479    -3.7189999
1480    -3.738
1481    -3.723
1482    -2.9559999
1483    -5.047
1484    -3.007
1485    -3.729
1486    -3.03
1487    -13.077
1488    -3.728
1489    -4.967
1490    -3.708
1491    -22.226
1492    -22.221
1493    -30.016
1494    -22.066
1495    -22.216
1496    -29.96
1497    -22.214
1498    -22.218
1499    -22.232
1500    -22.168
1501    -21.948
1502    -22.205
1503    -22.166
1504    -22.051
1505    -22.136
1506    -22.221
1507    -22.236
1508    -22.241
1509    -21.778
1510    -21.932
1511    -22.164
1512    -22.218
1513    -22.164
1514    -22.182
1515    -22.211
1516    -22.077
1517    -22.246
1518    -22.183
1519    -22.22
1520    -22.237
1521    -22.144
1522    -22.126
1523    -22.176
1524    -22.174
1525    -22.117
1526    -22.199
1527    -22.188
1528    -22.211
1529    -22.049
1530    -22.129
1531    -21.784
1532    -22.168
1533    -22.207
1534    -22.169
1535    -30.002
1536    -5.333
1537    -5.369
1538    -22.183
1539    -21.991
1540    -4.838
1541    -29.934
1542    -22.112
1543    -29.932
1544    -21.881
1545    -22.111
1546    -22.153
1547    -5.709
1548    -2.665
1549    -3.729
1550    -3.718
1551    -3.725
1552    -11.519
1553    -3.711
1554    -4.625
1555    -3.717
1556    -11.432
1557    -3.725
1558    -11.04
1559    -3.731
1560    -3.741
1561    -3.71
1562    -3.433
1563    -3.7319999
1564    -3.705
1565    -3.6729999
1566    -3.521
1567    -3.644
1568    -11.481
1569    -3.3769999
1570    -3.506
1571    -2.3449998
1572    -3.603
1573    -11.502
1574    -3.734
1575    -2.834
1576    -3.712
1577    -3.616
1578    -3.725
1579    -3.728
1580    -3.227
1581    -3.632
1582    -3.733
1583    -3.72
1584    -3.722
1585    -3.731
1586    -3.225
1587    -3.731
1588    -3.733
1589    -3.245
1590    -3.725
1591    -3.706
1592    -3.257
1593    -11.334
1594    -3.645
1595    -11.478
1596    -3.729
1597    -11.445
1598    -3.544
1599    -11.461
1600    -3.74
1601    -3.518
1602    -3.726
1603    -3.501
1604    -3.668
1605    -3.525
1606    -3.617
1607    -3.724
1608    -3.635
1609    -11.302
1610    -3.7
1611    -3.451
1612    -3.726
1613    -3.679
1614    -5.75
1615    -5.527
1616    -4.842
1617    -5.082
1618    -5.529
1619    -5.327
1620    -21.877
1621    -21.93
1622    -5.124
1623    -4.738
1624    -5.33
1625    -5.033
1626    -1.977
1627    -21.953
1628    -22.072
1629    -1.986
1630    -5.172
1631    -21.615
1632    -22.004
1633    -22.13
1634    -22.036
1635    -22.056
1636    -5.0369997
1637    -1.985
1638    -21.973999
1639    -22.278
1640    -12.248
1641    -8.361
1642    -5.343
1643    -5.338
1644    -4.789
1645    -5.469
1646    -4.398
1647    -21.919
1648    -22.145
1649    -5.436
1650    -4.897
1651    -4.755
1652    -21.605
1653    -22.046
1654    -4.861
1655    -4.929
1656    -4.599
1657    -4.891
1658    -12.833
1659    -22.138
1660    -22.067
1661    -5.169
1662    -21.862999
1663    -12.972
1664    -5.222
1665    -22.13
1666    -21.921
1667    -22.061
1668    -4.709
1669    -5.262
1670    -21.94
1671    -29.637
1672    -29.645
1673    -5.077
1674    -8.386
1675    -8.958
1676    -9.796
1677    -4.759
1678    -6.927
1679    -5.29
1680    -5.584
1681    -4.996
1682    -5.404
1683    -5.182
1684    -5.216
1685    -5.4379997
1686    -5.172
1687    -5.134
1688    -7.724
1689    -11.492
1690    -29.379
1691    -27.112
1692    -28.962
1693    -28.412
1694    -13.485
1695    -17.328
1696    -36.804
1697    -18.166
1698    -30.189
1699    -18.017
1700    -29.501
1701    -17.201
1702    -21.06
1703    -12.46
1704    -18.061
1705    -15.51
1706    -29.498
1707    -30.198
1708    -14.603
1709    -28.304
1710    -16.695
1711    -29.447
1712    -12.54
1713    -20.879
1714    -30.33
1715    -30.272
1716    -11.157
1717    -30.441
1718    -15.764
1719    -13.500999
1720    -31.501
1721    -17.296
1722    -21.159
1723    -29.391
1724    -11.919
1725    -29.522
1726    -18.216
1727    -14.687
1728    -20.227
1729    -11.326
1730    -17.159
1731    -11.454
1732    -9.234
1733    -20.226
1734    -8.241
1735    -9.421
1736    -9.433
1737    -9.059999
1738    -11.412
1739    -9.426
1740    -8.418
1741    -9.225
1742    -10.048
1743    -8.429
1744    -9.223
1745    -10.4
1746    -8.417
1747    -9.446
1748    -9.409
1749    -9.381
1750    -9.25
1751    -9.4279995
1752    -9.23
1753    -8.241
1754    -10.003
1755    -11.387
1756    -12.171
1757    -10.656
1758    -11.954
1759    -11.711
1760    -9.147
1761    -10.666
1762    -10.813
1763    -11.83
1764    -11.383
1765    -10.826
1766    -11.152
1767    -9.785
1768    -10.314
1769    -11.96
1770    -12.924
1771    -11.074
1772    -10.736
1773    -11.796
1774    -11.067
1775    -12.233
1776    -11.21
1777    -10.236
1778    -10.246
1779    -28.02
1780    -29.175
1781    -28.086
1782    -29.165
1783    -26.694
1784    -27.907
1785    -27.192
1786    -27.06
1787    -28.103
1788    -29.139
1789    -28.888
1790    -27.917
1791    -27.118
1792    -28.098
1793    -29.212
1794    -27.037
1795    -26.018
1796    -28.218
1797    -28.893
1798    -27.753
1799    -27.639
1800    -27.904
1801    -27.86
1802    -27.985
1803    -28.227
1804    -29.1
1805    -28.167
1806    -27.077
1807    -27.985
1808    -27.768
1809    -27.984
1810    -29.175
1811    -27.169
1812    -27.854
1813    -27.99
1814    -25.008
1815    -29.113
1816    -28.199
1817    -28.952
1818    -28.126
1819    -28.172
1820    -27.996
1821    -27.736
1822    -27.002
1823    -27.19
1824    -28.991
1825    -28.182
1826    -27.159
1827    -26.18
