0    -4.576
1    -5.0839996
2    -0.54999995
3    -3.939
4    -3.721
5    -1.395
6    -4.341
7    -4.661
8    -4.1029997
9    -4.785
10    -1.0379999
11    -1.967
12    -5.877
13    -3.941
14    -5.5039997
15    1.0930002
16    -3.45
17    -1.1369998
18    -3.347
19    -6.98
20    0.87100005
21    -4.502
22    -2.2139997
23    -1.789
24    -4.062
25    -2.6699998
26    -1.893
27    -3.616
28    -2.9959998
29    -1.7219999
30    -2.842
31    -3.3379998
32    -4.463
33    -8.169
34    -4.411
35    7.237
36    -2.843
37    -2.767
38    -4.638
39    -3.756
40    -4.718
41    -4.533
42    -6.489
43    -4.259
44    -4.111
45    -3.697
46    3.351
47    1.6480001
48    -9.097
49    -3.34
50    -2.786
51    -3.6009998
52    2.055
53    -4.9309998
54    -4.2
55    -4.723
56    -3.52
57    -4.887
58    -2.4029999
59    -4.337
60    -9.378
61    -9.089
62    -3.253
63    -3.544
64    -4.156
65    -4.692
66    -5.754
67    -4.994
68    -2.9169998
69    -3.843
70    -3.82
71    -5.572
72    -1.392
73    4.892
74    -5.191
75    -0.362
76    -3.532
77    -4.665
78    -3.77
79    -4.726
80    -2.99
81    -10.72
82    -0.5769999
83    2.48
84    3.277
85    4.1330004
86    -1.813
87    -4.248
88    -2.462
89    0.17200005
90    -3.6299999
91    -4.435
92    -2.185
93    -4.828
94    -4.342
95    -0.719
96    -0.049999952
97    2.134
98    -4.27
99    -2.772
100    -2.716
101    -5.359
102    -3.797
103    -4.66
104    -4.341
105    -4.604
106    -1.329
107    -5.4779997
108    0.71000004
109    5.927
110    8.033
111    -6.784
112    -3.209
113    -0.46699995
114    -0.27499998
115    -4.252
116    2.4900002
117    -1.168
118    -3.745
119    -8.205
120    0.89800006
121    -4.308
122    -2.238
123    2.2340002
124    -4.241
125    0.41500008
126    0.20700026
127    -1.8529999
128    -1.427
129    -5.7139997
130    3.9120002
131    -4.12
132    -0.008999944
133    -3.605
134    -2.831
135    -0.6589999
136    -8.407
137    -2.211
138    -0.44
139    -1.775
140    -1.7419999
141    -4.984
142    -3.11
143    -0.71299994
144    0.87700003
145    2.5110002
146    -5.663
147    -5.659
148    -3.62
149    -4.232
150    -0.79499996
151    0.0200001
152    -2.727
153    -1.762
154    -1.8729999
155    -5.767
156    -6.491
157    -2.393
158    -2.6729999
159    -4.7
160    -0.65
161    -1.7019999
162    6.829
163    4.458
164    -3.8009999
165    -5.71
166    -3.777
167    -2.07
168    -5.804
169    -5.586
170    -3.533
171    -2.378
172    -2.3849998
173    0.74300003
174    -1.214
175    -1.26
176    -2.222
177    -3.9559999
178    -2.346
179    -2.178
180    -2.203
181    1.3510001
182    -1.438
183    -3.446
184    -1.749
185    -3.221
186    -3.499
187    -3.2979999
188    -5.395
189    -2.289
190    -0.41199994
191    -6.093
192    -0.8069997
193    -0.8629999
194    2.7350001
195    -4.822
196    -2.757
197    -0.7099999
198    1.4910002
199    -0.15799975
200    -5.411
201    1.5630001
202    -4.295
203    -1.7879999
204    -1.3689997
205    -2.688
206    -3.5279999
207    -2.087
208    0.5560001
209    -3.354
210    6.2440004
211    -3.688
212    -0.64699984
213    -5.106
214    -5.617
215    -0.84899974
216    -3.855
217    -3.245
218    -5.669
219    -0.66199994
220    1.2770002
221    -3.524
222    -3.9569998
223    -6.8199997
224    -4.6949997
225    -2.412
226    -3.025
227    -11.8220005
228    -4.014
229    -9.474
230    -3.333
231    4.223
232    -4.411
233    -0.9569999
234    -9.353
235    -3.648
236    -1.5029999
237    -10.863
238    -1.6589999
239    -6.516
240    -5.327
241    -4.268
242    -1.071
243    -1.984
244    -10.746
245    -9.84
246    -9.59
247    -3.644
248    -3.288
249    -4.694
250    -3.835
251    -0.6529999
252    -4.798
253    -15.83
254    -4.626
255    -3.348
256    -3.792
257    2.725
258    -1.5279999
259    -2.8309999
260    -4.711
261    -3.437
262    -3.557
263    -3.427
264    -2.902
265    -2.2719998
266    1.6760001
267    -3.7989998
268    -2.4699998
269    -4.817
270    -2.096
271    -7.5759997
272    -5.413
273    -5.038
274    -1.135
275    -3.428
276    -4.848
277    -4.368
278    -4.3789997
279    -2.2129998
280    -2.807
281    -3.395
282    -1.8429999
283    -4.1879997
284    -5.566
285    -4.738
286    -4.382
287    -4.043
288    1.6150001
289    -1.1479999
290    -6.433
291    -6.576
292    -2.54
293    2.48
294    -3.869
295    -2.643
296    -3.442
297    -5.803
298    -3.59
299    -3.019
300    -1.7479999
301    -4.571
302    -6.409
303    5.563
304    -2.788
305    -5.879
306    -8.467
307    -2.68
308    -5.015
309    -4.068
310    -2.224
311    -5.299
312    -3.703
313    -0.34399998
314    -8.227
315    -15.877
316    -4.561
317    -3.113
318    -5.152
319    -6.22
320    -6.098
321    3.404
322    -5.069
323    -0.20899987
324    -7.744
325    -3.2259998
326    -6.5509996
327    -9.009
328    -6.91
329    -7.311
330    -2.014
331    -4.75
332    -2.6009998
333    -6.093
334    -4.69
335    -4.0629997
336    -0.47599983
337    -4.888
338    -5.408
339    -5.332
340    -4.0699997
341    -8.464
342    -8.133
343    -5.354
344    -6.604
345    -8.353
346    -4.302
347    -6.394
348    -1.981
349    -2.1999998
350    -2.984
351    -5.032
352    -3.4659998
353    -2.695
354    -5.795
355    -1.16
356    -4.007
357    -7.343
358    -5.731
359    -11.796
360    -10.461
361    -4.37
362    -6.6359997
363    -5.383
364    -11.087
365    -10.0529995
366    -10.315
367    -10.387
368    -8.172
369    -5.72
370    -7.858
371    -11.049
372    -4.267
373    -12.782
374    -4.88
375    -8.201
376    -9.468
377    -6.989
378    -3.428
379    -5.307
380    -6.797
381    -7.05
382    -7.6549997
383    -5.837
384    -3.5349998
385    -5.717
386    -7.044
387    -5.043
388    -7.937
389    -4.664
390    -7.667
391    -7.7209997
392    -8.747
393    -2.9139998
394    -4.988
395    -10.566
396    -4.408
397    -7.6029997
398    -7.883
399    -9.359
400    -7.663
401    -8.069
402    -9.107
403    -13.197
404    1.5430001
405    1.376
406    6.042
407    5.532
408    -1.0539999
409    -0.8989999
410    -2.001
411    1.9290001
412    1.872
413    2.075
414    2.693
415    1.8240001
416    0.019000053
417    -6.2539997
418    2.7710001
419    1.252
420    1.2040001
421    6.103
422    -0.18899995
423    1.71
424    3.331
425    2.395
426    2.3700001
427    3.3200002
428    -4.1289997
429    1.73
430    1.9160001
431    4.2200003
432    1.623
433    3.4940002
434    3.5430002
435    5.627
436    1.835
437    2.0630002
438    -0.8929999
439    -0.06699991
440    -1.482
441    -0.31699997
442    0.5350001
443    -4.584
444    -6.7019997
445    -2.8049998
446    -0.88899994
447    0.16700006
448    -0.58099985
449    -2.0279999
450    -2.065
451    -3.072
452    -0.18899995
453    1.6420002
454    -0.362
455    -0.81499994
456    -0.13599998
457    -0.969
458    -1.214
459    3.249
460    -0.16399992
461    3.16
462    2.4210002
463    -0.5129999
464    -1.8279998
465    1.7110002
466    -1.0239999
467    -5.477
468    0.26900005
469    -4.1359997
470    -7.258
471    -4.168
472    -3.1299999
473    -2.925
474    3.4950001
475    -3.42
476    -0.048999965
477    -2.808
478    -2.524
479    -3.082
480    -0.92499995
481    -2.564
482    -1.8579999
483    -2.5509999
484    0.13800025
485    2.6720002
486    -1.293
487    -2.221
488    -2.6609998
489    -4.114
490    1.5690001
491    -4.522
492    0.14400005
493    0.90700006
494    2.9580002
495    4.072
496    1.0830002
497    -1.908
498    -0.79299974
499    0.58500004
500    -2.194
501    1.051
502    1.937
503    0.55700004
504    -0.15399998
505    0.6730001
506    3.9250002
507    -1.3659999
508    2.5900002
509    0.4560001
510    -3.07
511    1.713
512    -1.805
513    -1.615
514    -0.28099996
515    1.243
516    2.8260002
517    -2.1799998
518    0.18600035
519    -3.506
520    3.213
521    -0.8909998
522    1.2360001
523    11.045
524    3.7150002
525    2.259
526    1.457
527    1.464
528    -3.5279999
529    2.151
530    7.502
531    1.368
532    5.624
533    2.6490002
534    0.136
535    1.554
536    3.3990002
537    -0.49399996
538    6.554
539    -0.061999977
540    1.896
541    1.557
542    1.751
543    4.096
544    1.544
545    3.132
546    2.0570002
547    3.726
548    1.56
549    1.843
550    1.5710001
551    2.5110002
552    4.804
553    0.526
554    1.1220002
555    2.14
556    3.0370002
557    2.512
558    3.108
559    2.147
560    1.313
561    -9.891
562    3.286
563    1.245
564    2.295
565    -4.807
566    0.61200005
567    -0.577
568    3.2800002
569    -4.924
570    3.663
571    2.2910001
572    6.771
573    4.982
574    1.528
575    2.655
576    3.527
577    1.823
578    1.9820001
579    5.2770004
580    0.27
581    2.6940002
582    5.2920003
583    2.251
584    2.411
585    4.151
586    1.465
587    0.528
588    4.781
589    7.4300003
590    4.484
591    7.299
592    4.229
593    3.1820002
594    1.117
595    5.076
596    0.544
597    6.3500004
598    2.44
599    4.19
600    2.493
601    4.501
602    7.29
603    3.736
604    3.7610002
605    1.983
606    3.679
607    2.725
608    4.682
609    3.561
610    2.4060001
611    0.35300002
612    0.135
613    3.869
614    2.162
615    0.22900002
616    2.138
617    5.289
618    3.266
619    2.546
620    -0.552
621    4.177
622    1.212
623    4.959
624    4.144
625    1.707
626    2.319
627    0.28
628    0.27600002
629    4.816
630    5.9300003
631    0.22500001
632    4.086
633    1.698
634    1.631
635    2.194
636    4.771
637    -0.845
638    5.972
639    6.649
640    4.61
641    1.598
642    2.1420002
643    0.58000004
644    1.1110001
645    1.504
646    2.309
647    3.4770002
648    8.419
649    -4.781
650    2.169
651    1.274
652    2.407
653    10.831
654    3.507
655    1.247
656    2.395
657    -3.15
658    3.536
659    2.4190001
660    1.216
661    -3.158
662    7.587
663    1.406
664    2.183
665    1.301
666    2.943
667    4.184
668    2.489
669    7.032
670    0.062000036
671    3.9720001
672    1.154
673    1.8360001
674    1.598
675    2.0
676    1.363
677    1.4540001
678    2.941
679    -0.99899995
680    0.68000007
681    -1.513
682    -5.967
683    -0.5289999
684    39.293
685    1.756
686    -1.831
687    -2.683
688    -1.359
689    -3.958
690    -3.244
691    1.0860001
692    1.491
693    2.1290002
694    -5.083
695    6.312
696    22.088
697    -5.9519997
698    -32.808
699    0.5640001
700    1.171
701    -7.495
702    -8.103
703    -0.16399992
704    2.256
705    -23.676
706    -9.875999
707    -6.804
708    -2.493
709    -2.497
710    -4.139
711    -4.068
712    -3.8379998
713    -3.859
714    -4.1619997
715    -4.128
716    -6.183
717    -2.758
718    -0.969
719    0.9150001
720    0.19800007
721    -1.002
722    -3.784
723    -1.285
724    -8.955
725    -1.4449999
726    -1.0899999
727    0.758
728    -0.45799994
729    -2.409
730    -2.478
731    -9.366
732    -2.261
733    -1.397
734    -2.84
735    1.678
736    -2.728
737    2.466
738    2.341
739    5.907
740    -6.49
741    1.978
742    -3.157
743    0.91300005
744    0.625
745    -2.044
746    -1.378
747    1.194
748    1.7990001
749    1.3740001
750    0.9620001
751    2.903
752    0.11400008
753    1.6520002
754    0.74
755    0.517
756    -1.43
757    2.601
758    1.4050001
759    -5.275
760    -0.581
761    -0.649
762    -1.302
763    -0.06999993
764    0.8010001
765    1.8040001
766    2.742
767    1.955
768    -2.508
769    3.013
770    1.569
771    -1.3299999
772    1.4810001
773    -12.205999
774    -0.4849999
775    -1.951
776    -2.106
777    -3.645
778    4.077
779    2.16
780    3.673
781    -1.063
782    1.297
783    4.1200004
784    -1.4369999
785    -0.10699993
786    -0.895
787    -1.6509999
788    1.1570001
789    2.1780002
790    -1.325
791    2.19
792    0.6990001
793    0.45700002
794    6.0340004
795    -1.012
796    1.3670001
797    0.69200003
798    -1.1719999
799    4.514
800    -2.663
801    -7.63
802    0.81900007
803    0.058000088
804    14.839
805    -0.46699995
806    1.434
807    -3.466
808    3.45
809    40.651
810    -3.386
811    3.862
812    0.78000003
813    1.6400001
814    0.47000003
815    1.8470001
816    1.2010002
817    2.887
818    1.4330001
819    2.7730002
820    -0.5999999
821    -0.7609999
822    3.6
823    -6.725
824    -0.47099996
825    -0.52699995
826    44.37
827    2.6950002
828    -0.39599997
829    -2.463
830    -1.499
831    99.726
832    70.813
833    -0.36899996
834    10.187
835    2.394
836    33.45
837    1.4300001
838    2.0700002
839    -1.8199999
840    -0.13799995
841    -2.745
842    71.347
843    -0.63399994
844    1.2250001
845    -1.817
846    24.835001
847    -0.496
848    -1.497
849    -0.678
850    17.622
851    0.814
852    -0.43399996
853    0.62700003
854    1.3290001
855    -1.6829998
856    0.5020001
857    -3.117
858    0.59800005
859    0.30000007
860    -1.513
861    -1.4139999
862    0.0070000887
863    0.37800002
864    -3.464
865    1.9330001
866    1.6680002
867    0.13800001
868    -1.331
869    2.078
870    -0.58599997
871    1.543
872    0.45600003
873    0.6430001
874    6.747
875    -0.64
876    0.68700004
877    -0.678
878    -0.674
879    8.231
880    2.3140001
881    -11.146
882    -1.635
883    3.415
884    3.4110003
885    -1.4089999
886    -0.83799994
887    2.387
888    4.137
889    0.395
890    1.6940002
891    -6.516
892    4.4
893    -3.1859999
894    -2.585
895    1.8390002
896    -5.615
897    1.9360001
898    2.2940001
899    0.559
900    3.105
901    0.69900006
902    -0.09199995
903    0.5850003
904    0.61700004
905    0.089000106
906    0.032000065
907    0.384
908    1.697
909    1.297
910    1.2620001
911    -0.23999995
912    1.241
913    0.70500004
914    -0.9599999
915    5.721
916    -0.45999992
917    3.6
918    0.34600008
919    3.4490001
920    2.1430001
921    1.5320001
922    -0.8189999
923    1.914
924    -3.433
925    2.3530002
926    0.10100007
927    3.0140002
928    0.62600005
929    0.30900002
930    1.0780001
931    2.7410002
932    0.57600003
933    0.48300004
934    -2.49
935    0.284
936    0.89900005
937    -1.4449999
938    0.153
939    -3.3209999
940    2.519
941    -0.422
942    4.594
943    -0.72
944    -2.726
945    -0.311
946    2.7480001
947    1.319
948    -1.0669999
949    3.851
950    1.779
951    1.7390001
952    -1.688
953    -2.0479999
954    -0.26799995
955    7.451
956    0.316
957    1.3410001
958    1.465
959    -5.144
960    -1.377
961    -2.294
962    2.9980001
963    2.8470001
964    1.5180001
965    3.5890002
966    1.2550001
