0    1.543
1    1.183
2    1.809
3    -0.11799997
4    -0.936
5    0.513
6    1.0580001
7    -1.223
8    0.268
9    1.347
10    1.432
11    -3.211
12    -1.4399998
13    1.299
14    0.38100004
15    1.3640001
16    1.293
17    1.189
18    -1.523
19    0.6120002
20    2.1060002
21    -1.3269999
22    0.37
23    -1.448
24    1.84
25    -3.1069999
26    -0.47399998
27    2.9110003
28    -0.51699996
29    5.019
30    -0.74199986
31    4.1060004
32    1.3180001
33    1.067
34    1.149
35    -1.698
36    1.187
37    0.42700002
38    -0.589
39    -4.414
40    -1.981
41    1.4200001
42    0.514
43    -1.273
44    -1.597
45    -1.581
46    1.252
47    100.189
48    -3.887
49    -3.82
50    2.0260003
51    2.8000002
52    -0.59599996
53    -2.5279999
54    1.3840001
55    -1.096
56    1.6810001
57    -8.077
58    -8.903
59    1.1370001
60    1.279
61    0.6860001
62    -1.9069998
63    1.4350001
64    0.9760001
65    -1.4679999
66    0.99200004
67    -4.56
68    0.78700006
69    0.33600008
70    -1.161
71    -0.463
72    -4.029
73    1.284
74    1.668
75    1.054
76    -6.163
77    -0.21599984
78    0.9200001
79    42.333
80    0.48800004
81    -5.106
82    -3.2389998
83    1.31
84    0.549
85    101.866
86    1.669
87    -2.0619998
88    2.751
89    -1.4529998
90    0.8880001
91    0.44000003
92    -1.5929999
93    0.469
94    3.6450002
95    0.47000003
96    102.699
97    1.2030001
98    1.8110001
99    2.528
100    -3.1169999
101    1.465
102    2.7810001
103    -6.675
104    -25.204
105    0.1450001
106    -8.352
107    1.2639999
108    3.013
109    3.334
110    1.2620001
111    38.261
112    -6.9779997
113    -4.8339996
114    0.0010000467
115    1.493
116    -0.528
117    1.457
118    2.753
119    -7.41
120    -7.323
121    2.0400002
122    -0.464
123    1.9640001
124    -3.827
125    -7.369
126    1.294
127    0.476
128    -5.2139997
129    -0.30199993
130    6.5350003
131    4.907
132    -0.61399996
133    -7.373
134    4.303
135    0.33100003
136    -6.242
137    0.08000004
138    1.4510002
139    2.8370001
140    -12.033
141    2.322
142    1.0
143    -0.19199991
144    -3.004
145    1.273
146    -7.246
147    3.5410001
148    -0.55999994
149    1.279
150    71.013
151    1.227
152    -12.041
153    -11.997
154    10.096001
155    1.562
156    1.265
157    -1.6529999
158    -0.56299996
159    1.413
160    1.2160001
161    -0.831
162    -2.257
163    1.5020001
164    5.191
165    -0.626
166    -6.936
167    2.19
168    -4.154
169    2.344
170    99.064
171    -2.446
172    -11.0789995
173    -6.374
174    0.3620001
175    1.051
176    2.621
177    -18.068
178    -6.359
179    -7.244
180    1.7090001
181    2.154
182    1.28
183    -0.1739999
184    -7.388
185    0.53000003
186    0.42000008
187    0.57600003
188    -0.69299996
189    -7.32
190    3.6980002
191    1.376
192    -0.674
193    -1.1629999
194    -1.675
195    -1.675
196    0.40600002
197    1.3
198    -2.749
199    -1.5
200    2.657
201    1.9990001
202    -0.594
203    -0.676
204    -7.359
205    -0.14799988
206    0.45000002
207    1.248
208    -10.375
209    0.38400006
210    0.768
211    3.2250001
212    2.304
213    -6.338
214    0.51600003
215    -6.189
216    1.858
217    -7.33
218    1.9860001
219    -0.28199995
220    1.299
221    -10.334
222    -4.518
223    2.398
224    -0.33699995
225    -7.363
226    102.604004
227    0.43400002
228    2.1290002
229    2.257
230    0.60200006
231    2.5440001
232    -10.177
233    1.5450001
234    1.3850001
235    4.992
236    -2.767
237    0.47300002
238    -8.159
239    0.92800003
240    -0.311
241    101.353
242    -12.2439995
243    0.40600002
244    0.326
245    -10.239
246    -0.334
247    -11.259
248    1.484
249    4.2430005
250    0.397
251    1.671
252    -30.134
253    -1.509
254    7.807
255    0.34600002
256    0.37300003
257    -1.362
258    1.359
259    0.36800003
260    1.536
261    2.249
262    -0.5539999
263    -0.58
264    2.8920002
265    1.391
266    0.45000002
267    -3.597
268    -12.0789995
269    1.7590001
270    0.3850001
271    0.9250001
272    -1.4419999
273    -23.894
274    1.148
275    -1.4899998
276    0.55300003
277    0.6660001
278    3.6910002
279    -0.18099993
280    0.425
281    4.672
282    1.008
283    -4.421
284    0.522
285    0.51500005
286    1.3740001
287    0.31300008
288    -5.245
289    0.379
290    -6.35
291    -0.28999996
292    1.644
293    0.45900002
294    -27.390999
295    3.9510002
296    2.527
297    -5.382
298    2.091
299    -0.27699995
300    2.8330002
301    -1.4849999
302    -22.709
303    0.794
304    4.256
305    -6.362
306    -6.228
307    1.478
308    2.6580002
309    0.432
310    -0.40199995
311    -0.648
312    2.3930001
313    2.2410002
314    1.2210001
315    -2.396
316    0.73
317    1.222
318    -1.309
319    -0.27799994
320    -0.20299995
321    -0.28499997
322    1.325
323    1.9590001
324    -0.52699995
325    0.5460001
326    0.753
327    1.023
328    1.667
329    -1.351
330    0.2550001
331    96.031
332    -6.932
333    -0.19199997
334    3.2900004
335    6.9150004
336    0.446
337    -5.321
338    -1.562
339    1.5840001
340    0.565
341    0.86100006
342    3.5
343    1.478
344    5.8680005
345    0.17500001
346    -0.57
347    1.737
348    3.275
349    99.328
350    -0.71599984
351    1.51
352    50.139
353    -1.4569998
354    0.42100003
355    3.3920002
356    7.804
357    -3.412
358    0.503
359    1.365
360    -0.478
361    1.399
362    1.425
363    101.328
364    5.539
365    -2.3009999
366    102.211
367    -2.323
368    -2.7269998
369    0.0040000677
370    -0.010999978
371    0.25300026
372    0.64900017
373    3.7660003
374    1.446
375    -1.1699998
376    2.282
377    0.933
378    3.6050003
379    -0.23699999
380    2.413
381    1.6450002
382    -1.267
383    1.214
384    -1.3699999
385    2.183
386    -1.9319999
387    -2.152
388    3.2840002
389    1.447
390    -2.108
391    1.3510001
392    -2.587
393    -2.659
394    1.043
395    24.223999
396    3.9500003
397    1.163
398    -3.572
399    0.652
400    6.0420003
401    -4.38
402    3.104
403    0.15400004
404    7.5380006
405    1.011
406    -10.465
407    1.269
408    1.0610001
409    2.3330002
410    2.319
411    0.46200013
412    -0.28899997
413    2.8270001
414    3.6060002
415    1.255
416    -4.417
417    0.99600005
418    -1.458
419    -3.53
420    0.57500005
421    0.6150001
422    1.2060001
423    5.484
424    -0.59799993
425    -2.517
426    8.117001
427    -1.0969999
428    1.081
429    -2.17
430    -0.59499997
431    -1.861
432    0.272
433    1.36
434    -1.504
435    0.453
436    1.0
437    1.539
438    1.507
439    -1.992
440    1.388
441    -0.594
442    1.1850002
443    2.7020001
444    0.629
445    0.94500005
446    2.154
447    0.25
448    0.58500004
449    2.443
450    1.375
451    1.8640001
452    0.23000002
453    3.105
454    3.413
455    -2.1069999
456    -2.2719998
457    -0.292
458    1.493
459    6.184
460    1.0700002
461    -1.569
462    -3.2
463    1.0
464    0.656
465    0.273
466    -0.43899995
467    0.41200006
468    3.5340002
469    1.314
470    6.2970004
471    2.147
472    1.0
473    1.3800001
474    0.89300007
475    1.7
476    0.33
477    -0.45299995
478    -4.133
479    1.287
480    -2.725
481    0.21800001
482    -1.1199999
483    -1.435
484    -0.585
485    0.81000006
486    0.674
487    3.8560002
488    -0.697
489    0.303
490    -0.26699996
491    -0.45999998
492    1.0440001
493    1.367
494    3.111
495    1.207
496    -1.512
497    0.734
498    -0.602
499    -1.3959999
500    1.279
501    -0.25699997
502    1.416
503    2.151
504    1.3640001
505    -0.35599995
506    -0.50399995
507    -5.406
508    99.785
509    0.40300003
510    -2.359
511    0.53200006
512    -0.40099996
513    -1.21
514    1.293
515    2.905
516    -3.887
517    -3.82
518    -3.393
519    1.122
520    -2.316
521    1.8290001
522    1.296
523    -0.10199988
524    -1.138
525    1.2850001
526    1.428
527    0.36600003
528    0.554
529    0.36600003
530    -1.003
531    3.706
532    -0.36099994
533    1.417
534    -0.9419999
535    0.648
536    -0.18499994
537    3.3680003
538    3.3560002
539    -1.2549999
540    0.545
541    -0.371
542    1.751
543    0.37100005
544    -7.8529997
545    0.56200004
546    0.07300001
547    -0.84899974
548    6.407
549    4.4150004
550    0.92700005
551    2.414
552    6.373
553    1.0550001
554    8.188
555    -2.306
556    0.536
557    10.753
558    1.8000001
559    0.555
560    1.2490001
561    0.56200004
562    0.56200004
563    -1.6309998
564    2.585
565    0.7650001
566    1.278
567    5.835
568    0.57600003
569    0.57600003
570    0.623
571    -0.352
572    -0.283
573    0.651
574    0.69000006
575    1.628
576    0.411
577    1.284
578    2.0900002
579    5.0730004
580    0.70500004
581    3.705
582    -0.14799994
583    -0.473
584    0.49500003
585    1.3110001
586    0.40600014
587    0.72400004
588    -1.033
589    1.737
590    2.742
591    0.72200006
592    -0.39599997
593    0.625
594    -0.8759999
595    4.5360003
596    -1.348
597    -0.034999967
598    -2.418
599    -3.31
600    0.5250001
601    1.314
602    2.7150002
603    -4.283
604    -4.314
605    -0.42899996
606    0.78400004
607    4.73
608    0.36100003
609    0.2880001
610    -0.905
611    -1.492
612    -0.60599995
613    0.85200006
614    -1.549
615    2.22
616    2.504
617    -1.193
618    1.714
619    -1.2679999
620    0.554
621    15.685
622    2.4580002
623    -1.877
624    -0.122999966
625    2.71
626    3.917
627    -0.664
628    -1.2019999
629    9.799001
630    -3.29
631    0.80200005
632    1.4920001
633    0.467
634    -0.008999944
635    -3.367
636    -3.387
637    2.4390001
638    -0.64
639    2.381
640    -3.521
641    1.181
642    1.862
643    -1.214
644    2.35
645    -1.2129999
646    1.014
647    1.495
648    -0.551
649    -3.304
650    0.402
651    -0.9
652    2.184
653    0.016000032
654    -0.46499997
655    1.2590001
656    1.414
657    -0.007999957
658    1.429
659    -1.249
660    -0.53699994
661    -0.6359999
662    0.15900004
663    1.213
664    0.349
665    -0.81299996
666    0.47700003
667    0.089000106
668    -0.25599998
669    -1.584
670    0.642
671    -0.577
672    -0.817
673    -3.11
674    -0.24099994
675    2.5240002
676    -1.697
677    -0.21199995
678    0.40600002
679    0.55
680    -0.48899996
681    -1.381
682    1.307
683    1.004
684    -1.356
685    -0.19999999
686    -1.5929999
687    101.299
688    -1.598
689    3.6220002
690    -1.269
691    -0.329
692    101.304
693    2.546
694    -0.728
695    3.348
696    -1.4089999
697    -3.314
698    -0.055999935
699    -0.658
700    1.1040001
701    -0.51399994
702    -0.636
703    2.1220002
704    0.93500006
705    1.872
706    0.57900006
707    -1.425
708    0.194
709    0.73600006
710    0.33000004
711    -1.2709999
712    -1.412
713    0.266
714    1.357
715    0.35000002
716    -0.32
717    1.553
718    1.779
719    1.588
720    -0.31799996
721    0.18300009
722    0.72200006
723    0.038000107
724    1.546
725    0.565
726    -4.451
727    0.2930001
728    0.33200002
729    0.23900001
730    -4.415
731    0.51600003
732    -0.22599995
733    0.30400002
734    3.3530002
735    0.143
736    0.333
737    1.437
738    2.3600001
739    1.497
740    0.13900018
741    -0.18699998
742    -0.068999946
743    0.42900002
744    1.5660001
745    1.855
746    2.555
747    0.55200005
748    1.846
749    1.5710001
750    1.7490001
751    1.248
752    1.284
753    0.3850001
754    0.14400005
755    2.3460002
756    99.743
757    1.7700001
758    1.491
759    -2.447
760    2.0010002
761    -11.99
762    -0.61099994
763    -2.1009998
764    -5.548
765    -0.22799999
766    0.418
767    -2.197
768    0.294
769    1.1000001
770    5.738
771    2.4620001
772    1.768
773    2.612
774    1.898
775    0.30900002
776    2.2010002
777    1.876
778    0.37400007
779    0.16000009
780    -0.724
781    2.18
782    1.204
783    0.74700004
784    -0.017999947
785    0.5250001
786    -0.536
787    0.52500004
788    1.78
789    0.75200003
790    0.41200003
791    -0.6149999
792    0.246
793    -1.0339999
794    -0.17299998
795    4.817
796    1.288
797    1.472
798    -0.52599996
799    3.104
800    0.874
801    -17.702
802    -0.049999952
803    0.08100009
804    -2.791
805    -0.29799998
806    1.449
807    0.94100004
808    -10.212
809    -9.995
810    0.22600001
811    -0.031999946
812    -10.284
813    -9.166
814    -8.318
815    2.839
816    -0.29899997
817    -8.4279995
818    0.514
819    -0.19399995
820    2.414
821    -10.434
822    0.588
823    1.9360001
824    2.5630002
825    0.21600008
826    2.5100002
827    -0.19899994
828    -0.18999994
829    -12.319
830    1.905
831    -0.496
832    2.0240002
833    1.3410001
834    0.61
835    0.014000058
836    0.69900006
837    -3.2129998
838    -2.3309999
839    2.121
840    -0.513
841    -1.4779999
842    -0.478
843    2.2770002
844    -3.003
845    -4.363
846    -2.0089998
847    -0.375
848    -0.11599994
849    -0.39999998
850    1.2060001
851    4.3160005
852    57.311
853    -0.25399995
854    0.291
855    -3.846
856    2.0960002
857    -0.30499995
858    -0.8399999
859    0.966
860    2.338
861    4.224
862    1.4580001
863    0.63000005
864    1.223
865    1.381
866    3.457
867    4.083
868    -0.34599996
869    1.243
870    -2.388
871    -0.59799993
872    4.2630005
873    4.764
874    5.434
875    1.0170001
876    2.082
877    58.472
878    5.123
879    1.0
880    2.559
881    2.0270002
882    -2.634
883    2.5300002
884    -0.44099998
885    1.906
886    -4.111
887    1.401
888    1.401
889    -0.709
890    2.851
891    -0.806
892    2.598
893    -0.30999994
894    3.2970002
895    5.3710003
896    6.578
897    -0.24999994
898    3.13
899    3.539
900    6.689
901    2.875
902    -5.442
903    -1.1159999
904    -0.29899997
905    0.69600004
906    2.658
907    2.321
908    0.483
909    7.38
910    -0.44599998
911    1.345
912    0.34500003
913    0.20600009
914    -0.054999948
915    3.8980002
916    1.5020001
917    1.473
918    9.79
919    2.601
920    1.174
921    -0.25499994
922    0.628
923    4.1260004
924    0.625
925    2.2540002
926    2.098
927    1.7420001
928    1.62
929    4.4360003
930    0.09200001
931    1.204
932    0.67
933    1.817
934    1.1280003
935    1.769
936    -2.1209998
937    0.70600003
938    0.63500005
939    1.757
940    -0.362
941    1.319
942    2.0200002
943    5.2780004
944    -1.4289999
945    8.363001
946    0.80500007
947    -1.865
948    4.063
949    -0.31299996
950    -0.17199993
951    2.4850001
952    3.223
953    -2.243
954    9.576
955    -0.30999994
956    0.058000088
957    -7.021
958    5.6790004
959    3.0570002
960    -0.14399993
961    2.5970001
962    2.8300002
963    2.102
964    1.812
965    -0.10399997
966    3.7350001
967    1.9410001
968    -3.034
969    -2.1599998
970    1.6680001
971    -3.1079998
972    -0.21999979
973    4.1190004
974    0.055000067
975    6.5230002
976    -3.584
977    0.91900015
978    -2.254
979    0.22000001
980    -0.23699999
981    1.59
982    0.80300003
983    14.742
984    2.3130002
985    4.091
986    4.289
987    1.9060001
988    2.811
989    0.04000008
990    1.996
991    2.822
992    2.9060001
993    4.0230002
994    -0.7299999
995    5.769
996    2.3700001
997    3.088
998    1.4860001
999    -0.348
1000    2.1990001
1001    -0.16199994
1002    2.3400002
1003    1.1360002
1004    2.2730002
1005    -0.36999995
1006    2.877
1007    60.277
1008    0.7770002
1009    0.82900006
1010    2.144
1011    3.131
1012    -4.825
1013    0.46600008
1014    1.7650001
1015    -1.3379998
1016    -1.48
1017    3.2970004
1018    -7.239
1019    2.6330001
1020    4.123
1021    1.613
1022    1.9030001
1023    -0.27999997
1024    -0.46199995
1025    1.424
1026    -1.313
1027    0.79400015
1028    2.956
1029    0.503
1030    1.1470001
1031    101.542
1032    -0.42999995
1033    2.3790002
1034    3.196
1035    0.42700002
1036    -1.148
1037    -0.982
1038    -319.32098
1039    6.556
1040    1.315
1041    -0.9829999
1042    0.43800002
1043    -0.34399998
1044    -3.991
1045    99.887
1046    -1.418
1047    0.272
1048    1.596
1049    103.187
1050    0.40300003
1051    0.0710001
1052    -1.8779999
1053    2.8720002
1054    2.8160002
1055    1.618
1056    2.5430002
1057    2.02
1058    3.091
1059    2.9650002
1060    -5.073
1061    1.2740002
1062    1.313
1063    1.789
1064    1.7680001
1065    1.054
1066    3.8590002
1067    4.8450003
1068    98.497
1069    2.095
1070    3.9320002
1071    3.206
1072    -0.8219999
1073    1.0
1074    6.9030004
1075    -2.467
1076    0.446
1077    -0.33399987
1078    2.066
1079    1.4200001
1080    0.818
1081    -2.435
1082    0.44500002
1083    -0.38799995
1084    3.0900002
1085    2.8200002
1086    0.09500003
1087    -1.129
1088    1.5970001
1089    -0.16499996
1090    3.298
1091    0.497
1092    1.819
1093    1.0940001
1094    3.7940001
1095    -2.0279999
1096    0.16900003
1097    3.572
1098    2.829
1099    1.2720001
1100    1.439
1101    2.786
1102    -0.28999996
1103    5.8570004
1104    1.784
1105    -0.9989996
1106    1.0560002
1107    -0.02399993
1108    2.23
1109    0.59900004
1110    -1.9319999
1111    1.0
1112    4.9480004
1113    -2.38
1114    -0.33799994
1115    -2.3179998
1116    -2.395
1117    1.7450001
1118    -1.2179999
1119    -4.203
1120    0.52700007
1121    -0.28199995
1122    -0.468
1123    4.162
1124    3.191
1125    1.667
1126    1.0
1127    0.814
1128    -0.0069999695
1129    -0.399
1130    5.906
1131    1.668
1132    0.3900001
1133    -0.28199995
1134    1.0
1135    1.381
1136    -1.2779999
1137    1.6140001
1138    4.691
1139    2.8320003
1140    -0.048999965
1141    -2.299
1142    -3.968
1143    2.536
1144    -3.026
1145    1.3200002
1146    -2.337
1147    1.908
1148    13.191
1149    3.116
1150    2.127
1151    4.148
1152    2.243
1153    1.09
1154    1.052
1155    1.48
1156    1.048
1157    1.059
1158    1.057
1159    1.049
1160    1.097
1161    2.102
1162    1.069
1163    1.132
1164    1.074
1165    1.022
1166    1.018
1167    1.005
1168    1.039
1169    2.108
1170    1.018
1171    1.018
1172    1.065
1173    1.048
1174    2.068
1175    0.120000005
1176    1.069
1177    1.091
1178    1.059
1179    1.21
1180    1.017
1181    1.061
1182    1.068
1183    1.049
1184    2.069
1185    3.092
1186    1.055
1187    1.071
1188    2.105
1189    1.132
1190    2.098
1191    2.06
1192    1.066
1193    1.06
1194    1.062
1195    1.068
1196    1.124
1197    1.133
1198    3.175
1199    1.158
1200    1.07
1201    2.192
1202    1.146
1203    2.126
1204    1.139
1205    1.064
1206    1.112
1207    1.1570001
1208    1.168
1209    1.073
1210    1.148
1211    1.1340001
1212    1.075
1213    1.089
1214    1.073
1215    1.108
1216    3.704
1217    1.244
1218    -0.6559999
1219    0.93100005
1220    0.23700002
1221    -0.010999978
1222    0.469
1223    -0.9849999
1224    9.689
1225    101.014
1226    4.809
1227    0.26000002
1228    1.793
1229    1.3180001
1230    21.467001
1231    0.65000004
1232    4.856
1233    4.404
1234    1.7
1235    1.8000001
1236    2.2930002
1237    1.079
1238    1.471
1239    2.705
1240    0.33200002
1241    49.673
1242    1.165
1243    15.766
1244    3.876
1245    1.7020001
1246    -9.222
1247    -3.922
1248    -2.9
1249    -2.788
1250    0.80100006
1251    1.945
1252    -1.118
1253    2.035
1254    6.372
1255    0.70300007
1256    -0.27399993
1257    -0.91199994
1258    1.6430001
1259    2.459
1260    2.931
1261    4.552
1262    -2.519
1263    7.954
1264    9.273
1265    -0.51
1266    -1.9289999
1267    2.2350001
1268    2.897
1269    1.385
1270    2.6360002
1271    1.753
1272    -2.1599998
1273    2.593
1274    -1.0539999
1275    -1.0929999
1276    2.488
1277    -3.481
1278    -2.9229999
1279    2.6360002
1280    23.647
1281    -4.8269997
1282    -5.667
1283    -6.436
1284    10.067
1285    -2.3839998
1286    -0.7429999
1287    -0.8759999
1288    -7.332
1289    -4.387
1290    1.0500002
1291    -4.901
1292    0.10000014
1293    -6.081
1294    -1.731
1295    -1.9009999
1296    -1.854
1297    0.26200008
1298    -0.556
1299    0.22500001
1300    -2.882
1301    -1.38
1302    -2.922
1303    -3.466
1304    2.277
1305    -4.1879997
1306    -2.393
1307    -0.52
1308    0.2830001
1309    0.6850004
1310    0.73300004
1311    1.455
1312    1.2290001
1313    -2.322
1314    -2.378
1315    0.40300003
1316    -0.43699992
1317    -1.714
1318    -1.1279999
1319    -0.59
1320    1.492
1321    0.67700005
1322    1.373
1323    2.731
1324    1.232
1325    1.4120001
1326    -6.419
1327    -0.501
1328    -1.627
1329    -0.376
1330    3.3270001
1331    -6.266
1332    -2.3
1333    1.238
1334    1.636
1335    0.27100003
1336    -1.6589999
1337    -0.25399995
1338    1.155
1339    0.35200003
1340    -6.304
1341    -8.211
1342    6.62
1343    -1.207
1344    3.343
1345    2.14
1346    1.767
1347    0.86500007
1348    -13.514
1349    -13.531
1350    2.335
1351    3.484
1352    -0.487
1353    -0.40599996
1354    1.2340001
1355    0.26700008
1356    5.731
1357    -0.22599995
1358    -1.3159999
1359    2.8140001
1360    3.338
1361    -8.224
1362    -1.0639999
1363    -0.714
1364    -4.223
1365    -0.8569999
1366    -0.3649999
1367    -1.013
1368    3.601
1369    2.408
1370    85.4
1371    1.967
1372    1.5610001
1373    5.167
1374    7.67
1375    2.6220002
1376    4.1990004
1377    102.403
1378    -0.674
1379    47.741
1380    -0.53699994
1381    8.093
1382    -1.456
1383    -1.9679999
1384    2.547
1385    2.4120002
1386    -4.3389997
1387    -0.695
1388    3.252
1389    -0.36799997
1390    76.184
1391    -2.404
1392    6.308
1393    0.527
1394    1.569
1395    -0.787
1396    2.0440001
1397    -1.665
1398    2.69
1399    -0.623
1400    -3.103
1401    9.883
1402    23.902
1403    1.645
1404    1.573
1405    1.461
1406    2.527
1407    2.501
1408    1.0
1409    60.062
1410    1.546
1411    -0.528
1412    0.31
1413    0.018000007
1414    -3.017
1415    5.306
1416    2.547
1417    23.349
1418    -2.6
1419    15.253
1420    0.48600003
1421    1.56
1422    0.34900022
1423    4.6210003
1424    -1.471
1425    4.144
1426    -4.266
1427    1.403
1428    2.074
1429    4.676
1430    4.405
1431    15.129
1432    1.2880001
1433    10.816
1434    1.612
1435    36.005
1436    0.40500003
1437    0.156
1438    1.638
1439    3.834
1440    2.8330002
1441    0.025000095
1442    -0.23799998
1443    0.018000007
1444    -0.39299995
1445    0.845
1446    0.771
1447    -15.071
1448    8.302
1449    7.917
1450    5.868
1451    9.123
1452    -0.17999995
1453    1.438
1454    1.566
1455    -0.27199996
1456    0.81500006
1457    -1.059
1458    2.8860002
1459    1.563
1460    4.705
1461    93.885
1462    52.329
1463    8.341
1464    0.1960001
1465    0.85600007
1466    0.558
1467    -0.486
1468    100.405
1469    46.408
1470    91.395
1471    2.527
1472    -4.467
1473    0.69900006
1474    0.625
1475    -1.333
1476    -6.677
1477    -6.673
1478    1.357
1479    -12.878
1480    -0.635
1481    4.24
1482    1.803
1483    2.4060001
1484    1.228
1485    1.513
1486    0.85600007
1487    -2.9959998
1488    3.0630002
1489    2.252
1490    -0.486
1491    -2.9959998
1492    2.25
1493    -4.516
1494    -12.907
1495    2.242
1496    1.127
1497    1.5870001
1498    -5.398
1499    -5.265
1500    100.896
1501    -12.905
1502    0.45100003
1503    99.841
1504    0.344
1505    0.4970001
1506    -0.607
1507    -1.342
1508    1.0
1509    1.0
1510    -5.398
1511    -5.265
1512    4.5290003
1513    -0.329
1514    2.486
1515    -0.329
1516    -0.32
1517    -0.607
1518    -0.605
1519    -5.265
1520    3.1150002
1521    1.413
1522    -0.265
1523    -0.22899997
1524    -0.265
1525    0.77000004
1526    -0.605
1527    -0.607
1528    -0.605
1529    101.377
1530    -0.07799995
1531    0.59900004
1532    1.747
1533    1.562
1534    -0.26599997
1535    -0.26
1536    5.6200004
1537    1.3970001
1538    -2.48
1539    11.647
1540    101.088
1541    3.8430004
1542    1.395
1543    4.727
1544    1.603
1545    5.613
1546    1.0
1547    2.352
1548    -0.605
1549    -0.607
1550    -0.32
1551    -0.329
1552    -2.29
1553    0.75600004
1554    1.767
1555    0.77000004
1556    2.7350001
1557    101.396
1558    2.323
1559    20.393
1560    8.395
1561    2.7
1562    0.707
1563    1.7090001
1564    6.653
1565    99.821
1566    98.986
1567    1.6470001
1568    6.273
1569    100.845
1570    1.0
1571    -98.567
1572    5.3450003
1573    -0.20599985
1574    0.57100004
1575    1.0
1576    7.142
1577    2.388
1578    1.439
1579    99.409
1580    102.832
1581    1.255
1582    1.367
1583    1.454
1584    -1.2249999
1585    2.8290002
1586    2.2380002
1587    1.0
1588    4.409
1589    -6.245
1590    -0.6869999
1591    2.818
1592    -7.531
1593    -2.083
1594    1.333
1595    3.516
1596    1.565
1597    101.218
1598    1.1400001
1599    3.6220002
1600    1.395
1601    0.708
1602    -0.623
1603    1.8560001
1604    2.375
1605    0.416
1606    1.58
1607    24.056
1608    -1.666
1609    1.0
1610    2.396
1611    86.305
1612    7.962
1613    2.7810001
1614    1.0
1615    100.876
1616    1.0
1617    2.947
1618    -5.772
1619    0.75600004
1620    -5.578
1621    3.844
1622    -4.36
1623    -1.529
1624    3.729
1625    1.0
1626    2.391
1627    1.5530001
1628    -29.088
1629    -6.392
1630    -10.485
1631    1.0
1632    4.422
1633    1.0
1634    1.0
1635    -1.9389999
1636    2.664
1637    -1.477
1638    1.0
1639    1.8050001
1640    1.0
1641    1.1980001
1642    1.687
1643    1.0
1644    1.0
1645    -0.4389999
1646    1.0
1647    1.0
1648    -0.5309999
1649    4.5550003
1650    1.0
1651    2.026
1652    -6.513
1653    2.1610003
1654    11.27
1655    -27.098999
1656    3.334
1657    -12.093
1658    -4.791
1659    1.0
1660    1.853
1661    1.0
1662    2.41
1663    3.923
1664    1.0
1665    1.0
1666    1.0
1667    1.0
1668    1.0
1669    1.0
1670    2.599
1671    1.0
1672    1.0
1673    -1.437
1674    -1.434
1675    -14.996
1676    -1.1719999
1677    1.179
1678    1.0
1679    102.562
1680    -18.472
1681    0.21600008
1682    -12.149
1683    -12.936
1684    -11.962
1685    -12.0789995
1686    -12.012
1687    -13.094
1688    0.40900004
1689    -18.125
1690    0.882
1691    0.66700006
1692    1.103
1693    0.9490001
1694    4.69
1695    -15.605
1696    2.1510003
1697    1.1800001
1698    -12.384
1699    3.8140001
1700    -6.134
1701    1.0
1702    1.0
1703    1.0
1704    -1.382
1705    -9.333
1706    -11.133
1707    -12.899
1708    0.63400006
1709    -0.6
1710    -18.118
1711    0.785
1712    -12.481
1713    -0.46699995
1714    0.365
1715    2.5180001
1716    -0.030999899
1717    0.284
1718    1.206
1719    -1.709
1720    1.098
1721    1.0730001
1722    3.592
1723    -3.367
1724    -0.62899995
1725    -0.51399994
1726    2.3990002
1727    -2.621
1728    1.25
1729    0.349
1730    -1.254
1731    4.571
1732    -1.7429999
1733    -15.88
1734    -4.178
1735    -3.3109999
1736    -1.5209999
1737    -2.6079998
1738    -0.48399997
1739    1.932
1740    -14.363
1741    1.276
1742    1.2490001
1743    1.275
1744    -6.373
1745    -1.344
1746    -3.222
1747    -8.501
1748    1.115
1749    0.26500002
1750    0.437
1751    -10.756
1752    -10.704
1753    -0.6989999
1754    -0.49899995
