0    -1.503
1    -1.654
2    -0.76699996
3    -1.632
4    -0.612
5    -1.394
6    -1.1559999
7    -1.6819999
8    -1.421
9    -1.242
10    -1.492
11    -23.355
12    -23.587
13    -23.712
14    -23.256
15    -22.968
16    -23.718
17    -23.672
18    -23.763
19    -23.588
20    -23.661
21    -22.626999
22    -23.29
23    -23.557
24    -23.605999
25    -22.95
26    -6.132
27    -0.22699994
28    -9.104
29    -6.423
30    -0.16099995
31    -6.829
32    -52.651
33    0.469
34    -8.376
35    -0.36299998
36    -23.29
37    -23.424
38    -23.542
39    -23.549
40    -23.733
41    -7.9849997
42    -8.364
43    -6.375
44    0.096000075
45    -0.26699996
46    -0.49699998
47    -0.232
48    -8.148
49    -3.87
50    -0.18599999
51    -23.677
52    -23.432
53    -23.536
54    -23.594
55    -23.372
56    -0.32199997
57    -9.037
58    -8.373
59    -8.373
60    -0.20699996
61    -23.713
62    -23.321
63    -23.499
64    -23.434
65    -23.71
66    -6.3789997
67    -9.11
68    -8.257
69    -7.711
70    -3.876
71    -23.727
72    -6.849
73    0.51600003
74    -23.748
75    -3.795
76    -7.809
77    -8.399
78    -52.702
79    -8.285
80    -8.155
81    -3.822
82    -9.241
83    -3.822
84    -6.758
85    -5.724
86    -3.854
87    0.51000005
88    -8.182
89    -8.295
90    -7.864
91    -9.219
92    -0.54399997
93    -8.395
94    -9.284
95    -47.926
96    -24.473
97    -24.622
98    -24.081
99    -24.382
100    -24.671
101    -6.358
102    -8.341
103    -0.26699996
104    -9.16
105    -7.8859997
106    -24.01
107    -24.617
108    -24.282999
109    -24.332
110    -22.862
111    -7.117
112    -47.711998
113    -0.30099994
114    -8.363
115    -9.203
116    -25.154
117    -24.385
118    -24.607
119    -24.621
120    -20.925999
121    -7.777
122    0.09000003
123    0.26700008
124    -8.052
125    -7.408
126    -23.129
127    -23.957
128    -24.175
129    -21.043
130    -22.774
131    -52.664
132    0.06500006
133    -7.088
134    -8.355
135    0.497
136    -0.32699996
137    -3.856
138    -9.181
139    -3.827
140    -3.836
141    -24.674
142    -24.053
143    -24.256
144    -24.464
145    -23.514
146    -3.869
147    -9.173
148    -9.071
149    -0.12099993
150    -52.483
151    -24.818
152    -24.68
153    -24.493
154    -24.515
155    -24.499
156    -9.409
157    -7.613
158    -3.845
159    -8.436
160    -9.203
161    -5.991
162    -9.136
163    -9.2369995
164    -7.234
165    -3.813
166    -24.509
167    -24.572
168    -24.712
169    -23.778
170    -24.621
171    0.526
172    -3.877
173    -3.899
174    -7.727
175    -3.819
176    -8.068
177    -9.095
178    0.58000004
179    0.559
180    -8.054
181    -22.980999
182    -24.675
183    -24.204
184    -23.484
185    -24.005
186    -3.859
187    -3.836
188    -3.873
189    -3.898
190    -9.371
191    -24.702
192    -24.544
193    -23.61
194    -24.323
195    -24.651
196    -8.016
197    -0.32699996
198    -0.29499996
199    -0.35499996
200    -3.802
201    -23.361
202    -24.625
203    -22.551
204    -24.447
205    -24.477
206    -0.20899999
207    -6.419
208    -9.106
209    -0.03699994
210    0.37800002
211    -24.584
212    -24.615
213    -24.605
214    -24.713
215    -24.406
216    -3.863
217    -8.219
218    -9.195
219    -6.312
220    -3.88
221    -24.48
222    -24.151
223    -24.69
224    -24.191
225    -24.665
226    -0.348
227    -0.45799994
228    0.15900004
229    -47.729
230    -9.295
231    -24.730999
232    -24.559
233    -24.019
234    -24.014
235    -24.037
236    -0.47899997
237    0.16900003
238    0.5530001
239    1.4070001
240    0.2850001
241    -24.389
242    -24.704
243    -24.503
244    -24.691
245    -24.541
246    -0.11099994
247    -0.23399997
248    -8.371
249    -3.845
250    -9.096
251    -25.386
252    -25.483
253    -25.794
254    -26.141
255    -24.983
256    -9.315
257    1.4160001
258    -3.82
259    -3.867
260    -3.881
261    -25.346
262    -25.132
263    -25.683
264    -23.135
265    -25.635
266    -3.848
267    0.003000021
268    -3.798
269    -3.815
270    -3.831
271    -25.293
272    -25.651
273    -25.492
274    -26.667
275    -25.594
276    -24.549
277    -23.473999
278    -24.543
279    -23.691
280    -24.723999
281    -3.82
282    -3.845
283    -3.851
284    -3.917
285    -3.826
286    -3.853
287    -24.228
288    -3.85
289    -24.782
290    -3.856
291    0.84300005
292    0.647
293    1.0730001
294    0.81900007
295    0.689
296    0.50200003
297    2.3600001
298    0.70500004
299    0.84900004
300    0.98200005
301    0.601
302    0.85300004
303    0.625
304    0.657
305    0.59300005
306    0.92100006
307    0.72900003
308    0.77500004
309    0.749
310    0.63100004
311    0.81000006
312    0.703
313    0.70500004
314    0.878
315    0.563
316    0.748
317    0.73600006
318    0.65800005
319    0.87900007
320    0.582
321    1.075
322    0.808
323    0.609
324    1.01
325    0.84300005
326    0.675
327    1.2540001
328    0.675
329    0.57000005
330    0.66800004
331    0.76000005
332    0.82000005
333    0.83400005
334    0.79
335    0.89500004
336    0.89900005
337    2.9050002
338    0.74100006
339    1.501
340    0.781
341    0.605
342    0.708
343    1.7780001
344    0.629
345    0.81000006
346    0.762
347    0.64100003
348    -3.847
349    0.762
350    -3.854
351    -8.317
352    -9.173
353    -9.16
354    -8.058
355    -8.346
356    -3.8
357    -9.351
358    -6.341
359    -8.361
360    -0.27499998
361    0.624
362    -8.386
363    -7.5889997
364    -52.58
365    -7.713
366    -7.724
367    -3.818
368    -8.283
369    -6.424
370    -9.2
371    -6.41
372    -47.869
373    -9.238
374    -47.942
375    -9.163
376    -32.471
377    -32.234
378    -31.78
379    -32.156
380    -31.528
381    -7.674
382    -8.349
383    0.753
384    -3.796
385    -8.084
386    -31.633999
387    -31.612999
388    -31.636
389    -5.197
390    -9.195
391    -8.445
392    -5.437
393    -7.185
394    -32.203
395    -31.658
396    -31.507
397    -29.936
398    -32.315
399    -32.296
400    -31.218
401    -31.876
402    -32.149
403    -31.637
404    -32.217
405    -32.213
406    -32.209
407    -32.257
408    -32.24
409    -31.605
410    -31.985
411    -31.98
412    -32.29
413    -29.924
414    -4.5039997
415    -52.35
416    -5.699
417    -8.165
418    0.30000007
419    -31.939
420    -30.937
421    -32.196
422    -32.219
423    -32.01
424    -32.078
425    -32.03
426    -32.061
427    -31.748
428    -31.896
429    -4.179
430    -4.549
431    -4.476
432    -4.275
433    -3.71
434    -4.476
435    -4.349
436    -4.1809998
437    -4.434
438    -4.265
439    -4.384
440    -4.475
441    -4.2209997
442    -4.45
443    -4.053
444    -4.328
445    -4.366
446    -4.449
447    -3.7649999
448    -4.447
449    -4.392
450    -4.399
451    -4.064
452    -4.37
453    -4.1619997
454    -4.082
455    -4.373
456    -4.345
457    -4.117
458    -4.44
459    -4.411
460    -4.165
461    -4.32
462    -4.302
463    -4.252
464    -4.3059998
465    -4.452
466    -4.38
467    -4.401
468    -3.9369998
469    -4.36
470    -4.429
471    -4.447
472    -4.384
473    -4.536
474    -4.335
475    -4.396
476    -4.449
477    -4.348
478    -2.2529998
479    -4.335
480    -4.426
481    -4.418
482    -4.459
483    -4.165
484    -3.8969998
485    -4.236
486    -4.189
487    -4.44
488    -4.301
489    -4.307
490    -4.376
491    -4.347
492    -4.257
493    -4.148
494    -4.357
495    -4.465
496    -4.324
497    -4.394
498    -4.479
499    -4.261
500    -4.425
501    -4.404
502    -4.194
503    -4.314
504    -4.146
505    -4.45
506    -4.514
507    -4.334
508    -4.38
509    -4.4969997
510    -3.874
511    -4.354
512    -4.294
513    -3.8249998
514    -4.092
515    -4.457
516    -4.406
517    -4.478
518    -4.299
519    -4.191
520    -4.197
521    -4.384
522    -4.369
523    -3.945
524    -4.171
525    -4.446
526    -4.402
527    -4.38
528    -4.479
529    -4.253
530    -4.506
531    -4.331
532    -4.349
533    -4.103
534    -4.2869997
535    -4.316
536    -4.376
537    -4.445
538    -4.318
539    -4.443
540    -3.941
541    -4.275
542    -4.4
543    -3.742
544    -3.949
545    -4.4309998
546    -4.044
547    -4.071
548    -3.6409998
549    -4.432
550    -4.018
551    -4.44
552    -4.167
553    -3.9559999
554    -4.245
555    -32.129
556    -4.189
557    -4.441
558    -3.8189998
559    -3.892
560    -4.3719997
561    -4.37
562    -4.337
563    -4.327
564    -4.326
565    -4.432
566    -4.4969997
567    -4.428
568    -4.167
569    -4.381
570    -4.503
571    -4.367
572    -4.098
573    -4.404
574    -4.36
575    -4.111
576    -4.423
577    -4.277
578    -4.192
579    -4.378
580    -4.368
581    -4.425
582    -4.217
583    -4.334
584    -34.684
585    -34.124
586    -35.866
587    -33.157
588    -35.072
589    -33.934
590    -34.299
591    -35.226
592    -35.265
593    -38.037
594    -35.275
595    -38.09
596    -35.133
597    -34.911
598    -34.918
599    -35.056
600    -34.982
601    -35.372
602    -34.878
603    -34.23
604    -34.973
605    -33.641
606    -38.1
607    -35.246
608    -35.218
609    -35.403
610    -38.190998
611    -34.555
612    -38.223
613    -35.162
614    -34.086
615    -33.273
616    -35.416
617    -34.974
618    -33.114
619    -35.07
620    -35.304
621    -38.164
622    -34.14
623    -35.135
624    -34.111
625    -35.401
626    -34.964
627    -35.103
628    -35.322998
629    -38.251
630    -35.263
631    -35.215
632    -34.304
633    -38.282
634    -37.988
635    -35.369
636    -33.986
637    -34.151
638    -35.175
639    -34.86
640    -34.993
641    -35.09
642    -35.252
643    -35.071
644    -34.525
645    -34.559
646    -35.091
647    -36.874
648    -35.05
649    -34.764
650    -35.217
651    -35.394
652    -34.176
653    -38.168
654    -33.473
655    -38.43
656    -37.017
657    -34.382
658    -33.495
659    -34.491
660    -38.046
661    -30.215
662    -34.993
663    -35.088
664    -38.014
665    -35.287
666    -35.082
667    -35.302
668    -35.275
669    -34.892
670    -34.145
671    -34.093
672    -34.151
673    -35.122
674    -34.318
675    -37.902
676    -37.905
677    -35.032
678    -35.409
679    -32.394
680    -34.949
681    -37.575
682    -34.231
683    -35.417
684    -37.778
685    -35.004
686    -34.504
687    -34.129
688    -33.25
689    -34.975998
690    -34.046
691    -35.027
692    -33.975998
693    -37.98
694    -34.78
695    -34.724
696    -35.053
697    -38.158
698    -34.708
699    -33.91
700    -36.806
701    -34.044
702    -33.923
703    -34.322998
704    -34.082
705    -34.281
706    -34.033
707    -34.78
708    -37.019
709    -27.916
710    -0.09099996
711    -3.838
712    -6.409
713    -3.825
714    0.59400004
715    0.57500005
716    -7.397
717    -9.192
718    -8.386
719    -33.2
720    -33.354
721    -32.572998
722    -32.917
723    -32.949
724    -33.162
725    -33.503
726    -32.304
727    -30.949
728    -33.237
729    -33.215
730    -29.01
731    -32.487
732    -33.197
733    -31.791
734    -31.019
735    -33.173
736    -33.113
737    -32.931
738    -33.358
739    -35.167
740    -33.333
741    -33.774
742    -32.921
743    -32.913
744    -33.21
745    -33.258
746    -33.133
747    -33.916
748    -32.295
749    -30.953
750    -33.432
751    -33.257
752    -33.082
753    -33.025
754    -33.884
755    -37.34
756    -34.025
757    -37.35
758    -37.385
759    -34.366
760    -33.996
761    -34.089
762    -36.57
763    -34.138
764    -0.45
765    -0.35099995
766    -0.16199994
767    -52.415
768    -7.0559998
769    -7.859
770    -0.15299994
771    -6.789
772    -8.254
773    0.34500003
774    -33.942
775    -34.062
776    -37.109
777    -34.11
778    -33.778
779    -6.182
780    -8.114
781    -47.866
782    -6.452
783    -0.32699996
784    -8.389
785    -9.368
786    -6.2269998
787    -7.117
788    0.25600004
789    0.9200001
790    0.49300003
791    0.006000042
792    -4.981
793    -7.967
794    -7.667
795    -6.342
796    -8.584
797    -3.843
798    -9.2039995
799    0.47400004
800    -7.894
801    -9.134
802    -34.242
803    -34.15
804    -35.868
805    -34.002
806    -33.802
807    -34.122
808    -33.736
809    -34.143
810    -37.32
811    -33.996
812    -37.353
813    -34.007
814    -33.711998
815    -33.893
816    -34.186
817    -34.077
818    -33.605
819    -33.917
820    -34.024
821    -33.455
822    -33.561
823    -34.075
824    -34.03
825    -33.923
826    -33.572998
827    -33.895
828    -33.882
829    -33.631
830    -33.904
831    -34.125
832    -6.418
833    -33.561
834    -34.328
835    -7.6549997
836    -34.132
837    -52.735
838    -6.441
839    -7.703
840    -8.304
841    -9.196
842    -33.846
843    -34.058
844    -34.111
845    -34.154
846    -37.232
847    -34.203
848    -33.84
849    -33.98
850    -34.086998
851    -33.915
852    -34.424
853    -33.805
854    -34.023
855    -34.091
856    -34.013
857    -32.526
858    -34.068
859    -34.236
860    -33.905
861    -33.425
862    -34.018
863    -33.658
864    -35.025
865    -37.292
866    -33.645
867    -3.796
868    -32.093
869    -32.142
870    -3.799
871    -3.803
872    -31.646
873    -32.039
874    -31.473999
875    -31.566
876    -32.226
877    -31.982
878    -32.214
879    -31.357
880    -31.547
881    -32.094
882    -31.944
883    -31.669
884    -32.12
885    -32.347
886    -32.227
887    -3.734
888    -3.793
889    -31.713
890    -30.968
891    -32.336998
892    0.36900002
893    0.58400005
894    0.78400004
895    0.30200002
896    0.73300004
897    0.33800003
898    0.574
899    0.57000005
900    0.48700002
901    0.39800003
902    -31.939
903    -32.078
904    -32.111
905    -31.861
906    -31.923
907    0.59000003
908    0.39600003
909    0.374
910    0.53900003
911    0.349
912    -32.194
913    -32.088
914    -31.646
915    -31.394
916    -32.249
917    -32.252
918    -31.236
919    -30.407
920    -32.06
921    -32.028
922    -31.896
923    -32.171
924    -29.965
925    -32.213
926    -31.793
927    -32.02
928    -32.202
929    -32.162
930    -32.157
931    -32.062
932    -32.243
933    -31.203
934    -32.155
935    -31.99
936    -32.237
937    -32.072
938    -32.1
939    -32.042
940    -32.144
941    -32.032
942    0.47800002
943    0.393
944    0.33100003
945    0.43400002
946    0.45200002
947    0.83900005
948    0.61
949    0.455
950    0.41500002
951    0.50200003
952    0.586
953    0.518
954    -31.92
955    0.36600003
956    0.39800003
957    0.63900006
958    0.42800003
959    0.36
960    0.48800004
961    0.38200003
962    0.36600003
963    0.749
964    0.38300002
965    0.372
966    0.344
967    0.634
968    0.45100003
969    0.545
970    0.40800002
971    0.49400002
972    0.50200003
973    0.3
974    0.31800002
975    0.41200003
976    0.44500002
977    1.6700001
978    0.48200002
979    0.47200003
980    0.56700003
981    0.33200002
982    0.384
983    0.72400004
984    0.29000002
985    0.39400002
986    0.41500002
987    0.707
988    0.395
989    0.44000003
990    0.34500003
991    -32.077
992    -32.093
993    -32.481
994    -32.008
995    -31.992
996    -31.980999
997    -32.232
998    -31.888
999    -32.264
1000    -31.837
1001    -31.846
1002    -32.035
1003    -31.878
1004    -32.185
1005    -32.155
1006    -32.027
1007    -32.36
1008    -32.256
1009    -31.951
1010    -32.308
1011    -32.046
1012    -31.499
1013    -33.775
1014    -32.319
1015    -31.943
1016    -32.062
1017    -32.294
1018    -32.094
1019    -31.991
1020    -31.94
1021    -31.587
1022    -31.508
1023    -32.146
1024    -31.942
1025    -32.064
1026    -32.25
1027    -32.152
1028    -31.707
1029    -31.9
1030    -31.925
1031    -31.851
1032    -32.182
1033    -31.901
1034    -32.158
1035    -31.98
1036    -31.980999
1037    -32.163
1038    -32.204
1039    -31.903
1040    -31.47
1041    -31.907
1042    -32.278
1043    -31.815
1044    -31.614
1045    -31.846
1046    -31.869999
1047    -32.109
1048    -32.084
1049    -31.622
1050    -32.169
1051    -32.074
1052    -32.007
1053    -32.213
1054    -31.907
1055    -31.775
1056    -32.029
1057    -31.674
1058    -31.928
1059    -32.068
1060    -31.166
1061    -32.051
1062    -32.109
1063    -31.972
1064    -32.303
1065    -32.122
1066    -32.136
1067    -32.16
1068    -32.015
1069    -31.876
1070    -32.052
1071    -31.228
1072    -31.532
1073    -32.021
1074    -32.101
1075    -32.071
1076    -31.695
1077    -31.746
1078    -32.362
1079    -31.915
1080    -32.001
1081    -32.203
1082    -32.15
1083    -31.938
1084    -32.263
1085    -30.983
1086    -32.206
1087    -32.193
1088    -31.714
1089    -32.167
1090    -31.924
1091    -32.315
1092    -32.173
1093    -31.131
1094    -31.401
1095    -32.184
1096    -31.586
1097    -31.548
1098    -32.06
1099    -32.187
1100    -31.851
1101    -32.067
1102    -30.857
1103    -31.788
1104    -32.035
1105    -31.428
1106    -32.592
1107    -30.397999
1108    -31.987999
1109    -32.195
1110    -31.512
1111    -32.207
1112    -31.666
1113    -32.147
1114    -32.175
1115    -31.792
1116    -31.85
1117    -32.718
1118    -31.894
1119    -31.997
1120    -32.075
1121    -31.925
1122    -32.251
1123    -32.227
1124    -32.21
1125    -32.025
1126    -31.628
1127    -31.632
1128    -31.918
1129    -31.882
1130    -31.663
1131    -32.129
1132    -31.987
1133    -32.055
1134    -32.199
1135    -32.042
1136    -31.853
1137    -31.923
1138    -32.105
1139    -32.056
1140    -32.091
1141    -32.079
1142    -31.952
1143    -32.071
1144    -31.841
1145    -31.457
1146    -32.267
1147    -32.209
1148    -31.803
1149    -32.151
1150    -32.216
1151    -31.557
1152    -31.595
1153    -31.9
1154    -32.182
1155    -31.736
1156    -32.909
1157    -31.321
1158    -31.348999
1159    -32.036
1160    -32.19
1161    -31.146
1162    -31.765999
1163    -32.108
1164    -31.3
1165    -32.319
1166    -31.959
1167    -31.079
1168    -32.072998
1169    -32.177
1170    -30.519
1171    -31.976
1172    -32.144
1173    -32.133
1174    -32.233
1175    -32.08
1176    -27.01
1177    -26.619999
1178    -26.112
1179    -26.962
1180    -27.289
1181    -26.794
1182    -27.021
1183    -26.832
1184    -26.932
1185    -27.011
1186    -26.632
1187    -27.112
1188    -27.751
1189    -27.177
1190    -27.024
1191    -31.978
1192    -32.013
1193    -31.772
1194    -32.031
1195    -31.559
1196    -31.968
1197    -32.036
1198    -31.698
1199    -32.357
1200    -31.918
1201    -32.054
1202    -32.205
1203    -32.125
1204    -32.012
1205    -30.341
1206    -32.234
1207    -31.723
1208    -31.249
1209    -31.841
1210    -32.317
1211    -31.883
1212    -31.723999
1213    -31.687
1214    -32.075
1215    -31.799
1216    -27.333
1217    -27.317
1218    -26.839
1219    -27.255
1220    -27.05
1221    -3.6219997
1222    -7.053
1223    -98.803
1224    -7.0
1225    -5.312
1226    -31.565
1227    -32.098
1228    -5.8079996
1229    -7.021
1230    -6.646
1231    -4.9049997
1232    -5.479
1233    -8.032
1234    -7.201
1235    25.075
1236    -6.989
1237    -6.857
1238    -6.957
1239    -6.455
1240    -6.75
1241    -4.567
1242    -7.021
1243    -7.178
1244    -5.649
1245    -5.64
1246    -5.7679996
1247    -7.506
1248    -31.741
1249    -32.186
1250    -31.741
1251    -32.042
1252    -32.298
1253    -7.008
1254    -7.169
1255    -5.6549997
1256    -6.988
1257    -7.487
1258    -5.3199997
1259    -6.719
1260    -6.337
1261    -7.055
1262    -5.303
1263    -32.076
1264    -32.197998
1265    -31.74
1266    -32.046
1267    -31.931
1268    -6.962
1269    -4.6779995
1270    -5.2159996
1271    -5.521
1272    -5.8079996
1273    -7.097
1274    -5.71
1275    -7.3599997
1276    -7.895
1277    -6.186
1278    -35.456
1279    -8.476
1280    -35.164
1281    -35.413
1282    -35.301
1283    -5.644
1284    -7.994
1285    -6.763
1286    -5.5389996
1287    -5.5129995
1288    -35.509
1289    -35.445
1290    -35.333
1291    -35.452
1292    -8.476
1293    -8.337
1294    -35.414
1295    -35.408
1296    -35.363
1297    -8.511
1298    -35.398
1299    -35.459
1300    -35.41
1301    -35.459
1302    -8.292
1303    -31.984
1304    -31.776
1305    -32.264
1306    -32.074
1307    -31.999
1308    -31.77
1309    -32.015
1310    -32.353
1311    -31.998
1312    -31.787
1313    -32.295
1314    -31.744
1315    -31.255
1316    -31.944
1317    -32.184
1318    -32.245
1319    -31.994999
1320    -32.005
1321    -32.131
1322    -32.15
1323    -31.946
1324    -32.147
1325    -32.167
1326    -32.232
1327    -31.77
1328    -31.857
1329    -32.03
1330    -32.317
1331    -30.755
1332    -32.403
1333    -31.728
1334    -31.883999
1335    -32.312
1336    -32.119
1337    -32.086
1338    -32.1
1339    -31.890999
1340    -31.796
1341    -32.284
1342    -32.049
1343    -31.629
1344    -32.072998
1345    -32.132
1346    -31.97
1347    -32.07
1348    -32.081
1349    -32.172
1350    -31.306
1351    -31.982
1352    -31.514
1353    -31.977
1354    -31.869999
1355    -28.617
1356    -32.113
1357    -31.508
1358    -32.081
1359    -31.749
1360    -32.068
1361    -31.654
1362    -32.175
1363    -31.747
1364    -31.655
1365    -31.854
1366    -32.19
1367    -32.083
1368    -31.869999
1369    -31.73
1370    -31.125
1371    -31.693
1372    -31.326
1373    -32.08
1374    -31.936
1375    -32.131
1376    -31.452
1377    -32.195
1378    -32.125
1379    -31.933
1380    -32.015
1381    -31.855999
1382    -31.483
1383    -32.118
1384    -31.923
1385    -32.195
1386    -32.245
1387    -32.048
1388    -31.296
1389    -31.983
1390    -32.104
1391    -31.648
1392    -31.924
1393    -31.654
1394    -31.692
1395    -32.017
1396    -32.013
1397    -32.028
1398    -32.138
1399    -32.004
1400    -32.236
1401    -32.197
1402    -32.121
1403    -32.185
1404    -31.167
1405    -32.159
1406    -31.568
1407    -32.135
1408    -31.515
1409    -32.105
1410    -31.802
1411    -31.980999
1412    -31.846
1413    -31.827
1414    -32.01
1415    -31.95
1416    -31.067
1417    -31.931
1418    -31.418
1419    -31.601
1420    -31.893
1421    -31.933
1422    -32.039
1423    -31.869999
1424    -32.019
1425    -31.821
1426    -32.145
1427    -31.82
1428    -32.108
1429    -31.188
1430    -31.807
1431    -32.113
1432    -32.16
1433    -31.525
1434    -32.179
1435    -32.283
1436    -31.376
1437    -32.057
1438    -12.773
1439    -13.201
1440    -13.305
1441    -13.207
1442    -13.109
1443    -13.498
1444    -12.797
1445    -13.407
1446    -13.566
1447    -13.346
1448    -13.616
1449    -12.295
1450    -13.359
1451    -13.404
1452    -13.507999
1453    -13.277
1454    -13.432
1455    -12.801
1456    -13.066
1457    -13.333
1458    -12.455999
1459    -13.578
1460    -12.986
1461    -13.326
1462    -13.455
1463    -13.5
1464    -13.62
1465    -13.013
1466    -13.314
1467    -13.062
1468    -12.543
1469    -13.194
1470    -12.846
1471    -13.13
1472    -13.273
1473    -13.423
1474    -13.611
1475    -13.1449995
1476    -13.113
1477    -13.2699995
1478    -13.142
1479    -13.04
1480    -13.271
1481    -13.354
1482    -13.419
1483    -13.241
1484    -13.603
1485    -13.399
1486    -13.48
1487    -13.231
1488    -9.356
1489    -13.294
1490    -13.473
1491    -13.451
1492    -13.557
1493    -13.398
1494    -13.115
1495    -13.634
1496    -13.217
1497    -13.481
1498    -13.358
1499    -13.401
1500    -13.387
1501    -13.398
1502    -13.1119995
1503    -13.561
1504    -13.631
1505    -13.04
1506    -12.989
1507    -13.401
1508    -13.483
1509    -12.5
1510    -13.267
1511    -13.151
1512    -13.398
1513    -13.225
1514    -13.193
1515    -13.295
1516    -12.641
1517    -13.393
1518    -13.114
1519    -13.358
1520    -13.128
1521    -13.586
1522    -12.911
1523    -13.471
1524    -12.628
1525    -13.1779995
1526    -13.335
1527    -13.0529995
1528    -13.389999
1529    -13.289
1530    -13.542
1531    -13.444
1532    -13.05
1533    -13.268
1534    -13.257999
1535    -12.514
1536    -13.005
1537    -13.381
1538    -13.0789995
1539    -13.239
1540    -13.032
1541    -13.077
1542    -12.704
1543    -12.642
1544    -13.127
1545    -12.775
1546    -12.648
1547    -13.309
1548    -12.611
1549    -13.323
1550    -13.361
1551    -13.07
1552    -13.425
1553    -13.73
1554    -13.194
1555    -13.437
1556    -13.298
1557    -13.349
1558    -13.489
1559    -13.089
1560    -12.8
1561    -13.359
1562    -13.195
1563    -13.559
1564    -13.1189995
1565    -12.962
1566    -13.517
1567    -13.453
1568    -13.583
1569    -13.19
1570    -13.498
1571    -13.318
1572    -13.309
1573    -13.458
1574    -12.481
1575    -13.141
1576    -13.382
1577    -12.632
1578    -12.993
1579    -13.424
1580    -13.298
1581    -13.363
1582    -13.1
1583    -13.594
1584    -13.259
1585    -12.989
1586    -13.414
1587    -13.305
1588    -13.407
1589    -13.250999
1590    -13.469
1591    -13.068
1592    -13.285
1593    -13.389
1594    -13.073999
1595    -13.332
1596    -13.172
1597    -13.273
1598    -13.156
1599    -13.2
1600    -13.311
1601    -12.891
1602    -13.356
1603    -13.136
1604    -13.366
1605    -13.414
1606    -13.373
1607    -12.596
1608    -13.327
1609    -13.347
1610    -13.264999
1611    -13.175
1612    -13.301
1613    -13.331
1614    -13.203
1615    -13.485
1616    -12.965
1617    -13.023
1618    -13.424
1619    -12.968
1620    -13.408
1621    -13.092
1622    -13.249
1623    -13.271
1624    -13.212
1625    -13.331
1626    -13.125
1627    -12.805
1628    -13.318
1629    -13.468
1630    -13.111
1631    -12.939
1632    -13.3689995
1633    -12.736
1634    -12.877
1635    -13.901
1636    -13.083
1637    -13.194
1638    -13.388
1639    -13.297
1640    -13.414
1641    -13.102
1642    -13.268
1643    -13.382
1644    -13.022
1645    -13.448999
1646    -13.163
1647    -13.434
1648    -13.250999
1649    -13.026
1650    -13.096
1651    -13.141
1652    -12.859
1653    -13.206
1654    -13.545
1655    -13.338
1656    -13.148
1657    -13.406
1658    -13.312
1659    -13.047
1660    -13.464
1661    -12.916
1662    -13.476
1663    -13.085
1664    -12.977
1665    -13.474
1666    -13.107
1667    -13.409
1668    -3.684
1669    -27.236
1670    1.577
1671    -5.0439997
1672    -27.355999
1673    -13.583
1674    -13.502
1675    -13.506
1676    -13.381
1677    -13.468
1678    -12.812
1679    -13.214
1680    -13.304
1681    -13.046
1682    -13.421
1683    -13.201
1684    -13.273
1685    -12.874
1686    -13.187
1687    -13.113
1688    -13.18
1689    -13.255
1690    -12.804
1691    -13.614
1692    -13.084
1693    -4.8259997
1694    -28.244999
1695    -27.392
1696    -28.018
1697    0.588
1698    -28.227
1699    -70.745
1700    -0.20099998
1701    -27.319
1702    -27.939
1703    -7.362
1704    -0.27299994
1705    -6.834
1706    -26.941
1707    -27.252
1708    -12.915
1709    -13.407
1710    -13.514
1711    -12.977
1712    -12.605
1713    -12.592
1714    -13.55
1715    -12.969999
1716    -13.239
1717    -12.267
1718    -13.194
1719    -12.034
1720    -13.49
1721    -13.36
1722    -13.26
1723    -13.176
1724    -13.236
1725    -13.274
1726    -13.2369995
1727    -13.007999
1728    -13.311
1729    -13.147
1730    -12.502
1731    -13.278
1732    -13.308
1733    -13.336
1734    -12.848
1735    -13.288
1736    -12.4
1737    -12.554
1738    -12.903999
1739    -12.398
1740    -13.028
1741    -13.507999
1742    -13.354
1743    -13.224
1744    -13.215
1745    -13.339
1746    -13.522
1747    -13.363
1748    -12.665
1749    -13.306
1750    -12.209
1751    -13.411
1752    -13.397
1753    -13.014999
1754    -13.496
1755    -13.402
1756    -12.691
1757    -13.441999
1758    -13.109
1759    -12.932
1760    -13.022
1761    -13.401
1762    -13.438
1763    -13.402
1764    -13.218
1765    -13.044
1766    -13.257999
1767    -13.047
1768    -13.15
1769    -13.187
1770    -13.238
1771    -13.123
1772    -12.533
1773    -13.347
1774    -12.919
1775    -13.406
1776    -12.906
1777    -13.089
1778    -13.227
1779    -13.262
1780    -13.319
1781    -13.212
1782    -13.221
1783    -13.104
1784    -13.2369995
1785    -13.394
1786    -13.111
1787    -13.014999
1788    -28.232
1789    -28.075
1790    -28.029
1791    -27.437
1792    -6.873
1793    -8.385
1794    -28.098
1795    -7.842
1796    -28.292
1797    -28.143
1798    -27.335
1799    -80.077
1800    -0.31499994
1801    -4.679
1802    -7.367
1803    -27.02
1804    -28.132
1805    -26.668999
1806    -27.188
1807    -28.152
1808    -28.304
1809    -7.345
1810    -27.443
1811    -27.973
1812    -27.499
1813    -13.45
1814    -13.348
1815    -13.0199995
1816    -13.296
1817    -13.339
1818    -13.023
1819    -13.455
1820    -13.253
1821    -13.512
1822    -13.3029995
1823    -13.252
1824    -13.226
1825    -13.266
1826    -13.309
1827    -13.139999
1828    -13.446
1829    -13.25
1830    -12.863
1831    -13.187
1832    -13.33
1833    -13.48
1834    -12.314
1835    -13.36
1836    -13.412
1837    -13.014
1838    -13.238
1839    -12.939
1840    -13.000999
1841    -13.082
1842    -13.363
1843    -13.2
1844    -13.083
1845    -13.294
1846    -11.842
1847    -13.441999
1848    -12.674
1849    -13.415
1850    -13.327
1851    -12.542
1852    -12.806
1853    -13.314
1854    -13.327
1855    -13.248
1856    -13.292
1857    -13.298
1858    -13.002
1859    -13.34
1860    -13.234
1861    -13.235
1862    -13.211
1863    -17.104
1864    -17.068
1865    -16.965
1866    -16.65
1867    -21.480999
1868    -16.574
1869    -17.068
1870    -17.016
1871    -17.144
1872    -17.142
1873    -16.908
1874    -17.257
1875    -17.297
1876    -16.733
1877    -16.466
1878    -17.207
1879    -16.76
1880    -17.027
1881    -17.223999
1882    -17.01
1883    -17.17
1884    -16.976
1885    -17.124
1886    -17.197
1887    -16.730999
1888    -16.935
1889    -17.28
1890    -17.16
1891    -17.168
1892    -17.19
1893    -17.134
1894    -17.071
1895    -17.201
1896    -17.168
1897    -16.451
1898    -17.244
1899    -17.105999
1900    -17.053
1901    -16.893
1902    -16.743
1903    -17.223
1904    -17.054
1905    -17.184
1906    -16.883
1907    -17.263
1908    -16.498
1909    -17.375
1910    -16.828
1911    -17.039
1912    -17.343
1913    -13.809999
1914    -11.824
1915    -11.597
1916    -11.926
1917    -10.969
1918    -11.625
1919    -11.899
1920    -11.816
1921    -11.257
1922    -11.838
1923    -11.755
1924    -11.711
1925    -17.133
1926    -16.729
1927    -17.034
1928    -17.1
1929    -17.327
1930    -11.97
1931    -11.798
1932    -10.968
1933    -11.006
1934    -10.871
1935    -11.757999
1936    -16.069
1937    -16.1
1938    -16.77
1939    -17.081
1940    -17.18
1941    -11.819
1942    -11.832
1943    -16.394
1944    -16.801
1945    -17.104
1946    -16.868
1947    -16.767
1948    -10.841
1949    -14.027
1950    -11.746
1951    -61.095
1952    -11.797
1953    -11.771
1954    -16.789
1955    -17.332
1956    -16.964
1957    -17.323
1958    -16.886
1959    -17.126999
1960    -16.501
1961    -17.072
1962    -17.153
1963    -17.154
1964    -16.961
1965    -16.997
1966    -16.992
1967    -16.959
1968    -17.241
1969    -17.261
1970    -16.782
1971    -16.612
1972    -16.99
1973    -17.038
1974    -17.376
1975    -17.109
1976    -16.271
1977    -17.056
1978    -17.08
1979    -16.725
1980    -17.133
1981    -16.61
1982    -17.392
1983    -16.949
1984    -16.57
1985    -17.098
1986    -16.929
1987    -16.76
1988    -16.862999
1989    -17.388
1990    -17.216
1991    -16.924
1992    -17.039
1993    -16.973
1994    -17.226
1995    -16.234
1996    -16.818
1997    -17.105
1998    -17.022
1999    -16.946
2000    -16.762
2001    -17.297
2002    -17.083
2003    -17.051
2004    -17.403
2005    -17.202
2006    -16.682
2007    -17.017
2008    -17.028
2009    -16.921
2010    -17.18
2011    -17.08
2012    -16.693
2013    -16.714
2014    -17.111
2015    -17.187
2016    -17.004
2017    -16.942
2018    -16.388
2019    -16.725
2020    -17.262
2021    -16.964
2022    -16.771
2023    -17.166
2024    -16.547
2025    -16.92
2026    -16.707
2027    -17.223
2028    -17.187
2029    -17.289
2030    -17.136
2031    -16.705
2032    -16.744
2033    -16.807
2034    -16.796
2035    -17.216
2036    -16.928
2037    -16.651
2038    -17.347
2039    -17.193
2040    -17.307
2041    -16.758999
2042    -17.058
2043    -17.234
2044    -16.69
2045    -17.107
2046    -16.836
2047    -16.852
2048    -17.269
2049    -17.133
2050    -17.275
2051    -16.769
2052    -16.491
2053    -16.978
2054    -16.857
2055    -17.1
2056    -13.934999
2057    -13.968
2058    -14.038
2059    -14.056
2060    -13.602
2061    -14.037
2062    -14.061
2063    -13.788
2064    -14.071
2065    -14.082
2066    -14.229
2067    -13.887
2068    -14.059
2069    -13.43
2070    -13.945
2071    -13.947
2072    -14.045
2073    -13.515
2074    -13.22
2075    -13.188
2076    -13.61
2077    -14.093
2078    -13.886
2079    -13.95
2080    -14.361
2081    -13.028
2082    -14.167
2083    -13.752
2084    -13.875999
2085    -12.892
2086    -12.843
2087    -14.328
2088    -13.997
2089    -13.167
2090    -13.684
2091    -13.98
2092    -14.157
2093    -14.311
2094    -14.101
2095    -13.444
2096    -14.145
2097    -14.021
2098    -14.011
2099    -14.1119995
2100    -13.47
2101    -13.84
2102    -13.852
2103    -14.287
2104    -13.518
2105    -14.052
2106    -13.919
2107    -14.246
2108    -13.742
2109    -13.966
2110    -13.904
2111    -14.086
2112    -14.319
2113    -13.781
2114    -12.882999
2115    -12.613
2116    -13.946
2117    -13.882
2118    -13.026
2119    -14.271
2120    -14.217
2121    -13.539
2122    -13.2039995
2123    -14.13
2124    -14.216
2125    -11.408
2126    -13.837
2127    -13.631
2128    -11.6779995
2129    -13.902
2130    -14.349
2131    -13.996
2132    -13.727
2133    -14.364
2134    -14.148
2135    -14.077
2136    -12.743
2137    -14.347
2138    -13.93
2139    -13.584
2140    -13.197
2141    -13.013
2142    -13.611
2143    -14.315
2144    -11.794
2145    -13.86
2146    -13.082
2147    -12.738
2148    -12.111
2149    -11.109
2150    -14.258
2151    -13.193
2152    -12.058
2153    -12.911
2154    -13.841
2155    -13.861
2156    -13.875999
2157    -14.201
2158    -14.042
2159    -13.403
2160    -14.322
2161    -14.219
2162    -13.359
2163    -13.047
2164    -13.794
2165    -14.029
2166    -12.25
2167    -11.101
2168    -13.93
2169    -13.882
2170    -13.498
2171    -13.573
2172    -12.323999
2173    -13.544
2174    -13.184
2175    -12.459
2176    -13.315
2177    -11.636
2178    -12.471
2179    -14.242
2180    -14.166
2181    -13.944
2182    -9.122
2183    -14.3
2184    -13.689
2185    -13.315
2186    -12.648
2187    -14.239
2188    -14.173
2189    -14.252
2190    -13.7439995
2191    -13.11
2192    -12.427
2193    -13.164
2194    -13.934999
2195    -14.113
2196    -13.212
2197    -12.7
2198    -14.37
2199    -13.724
2200    -14.355
2201    -14.18
2202    -13.846
2203    -14.084
2204    -14.212
2205    -14.148
2206    -14.283
2207    -13.750999
2208    -13.281
2209    -13.167
2210    -11.764999
2211    -11.479
2212    -14.242
2213    -13.993
2214    -14.033
2215    -13.964
2216    -13.904
2217    -14.055
2218    -11.766
2219    -13.331
2220    -14.366
2221    -14.302
2222    -13.191999
2223    -14.048
2224    -14.304
2225    -14.379
2226    -14.217
2227    -13.623
2228    -14.462
2229    -13.767
2230    -14.366
2231    -13.988
2232    -14.035
2233    -13.85
2234    -13.974
2235    -11.798
2236    -14.468
2237    -14.145
2238    -14.296
2239    -14.292
2240    -13.505
2241    -14.018
2242    -13.205
2243    -13.851
2244    -14.137
2245    -12.938
2246    -13.943
2247    -13.914
2248    -14.347
2249    -14.133
2250    -12.375999
2251    -13.897
2252    -14.313
2253    -13.57
2254    -7.084
2255    -14.184999
2256    -13.716
2257    -13.632
2258    -14.257
2259    -13.276
2260    -13.215
2261    -13.51
2262    -13.815
2263    -13.69
2264    -14.052
2265    -14.345
2266    -13.905
2267    -13.058
2268    -13.534
2269    -13.186
2270    -7.174
2271    -12.684
2272    -13.931
2273    -13.923
2274    -14.256
2275    -13.968
2276    -13.783
2277    -14.266
2278    -14.116
2279    -14.301
2280    -14.224
2281    -14.176
2282    -14.47
2283    -14.563
2284    -13.572
2285    -13.907
2286    -14.151
2287    -14.172
2288    -13.696
2289    -13.853
2290    -13.12
2291    -14.102
2292    -13.956
2293    -13.697
2294    -14.381
2295    -13.897
2296    -13.102
2297    -14.077
2298    -13.903
2299    -14.108
2300    -14.074
2301    -13.623
2302    -12.393
2303    -14.03
2304    -14.149
2305    -13.875999
2306    -14.107
2307    -14.27
2308    -14.03
2309    -14.349
2310    -14.308
2311    -14.437
2312    -14.139
2313    -14.089
2314    -14.473
2315    -14.188
2316    -14.082
2317    -14.404
2318    -14.339
2319    -14.3029995
2320    -13.444
2321    -14.075
2322    -14.478
2323    -13.903
2324    -13.826
2325    -13.807
2326    -13.925
2327    -13.366
2328    -13.83
2329    -14.165
2330    -14.309
2331    -14.25
2332    -11.622
2333    -14.151
2334    -14.081
2335    -14.201
2336    -13.958
2337    -14.055
2338    -13.595
2339    -14.534
2340    -13.379
2341    -14.024
2342    -14.323
2343    -13.907
2344    -14.2
2345    -12.522
2346    -13.962
2347    -14.796
2348    -16.455
2349    -17.274
2350    -15.721
2351    -19.542
2352    -15.377
2353    -20.697
2354    -17.343
2355    -17.705
2356    -15.455999
2357    -15.617
2358    -16.811
2359    -16.126
2360    -17.52
2361    -17.123
2362    -19.149
2363    -18.707
2364    -17.694
2365    -16.422
2366    -16.214
2367    -16.327
2368    -16.288
2369    -15.097
2370    -16.016
2371    -16.281
2372    -17.157
2373    -16.335
2374    -16.491
2375    -17.462
2376    -16.195
2377    -16.305
2378    -16.36
2379    -16.059
2380    -16.201
2381    -16.945
2382    -15.715
2383    -16.398
2384    -16.263
2385    -15.426
2386    -16.091
2387    -17.337
2388    -16.496
2389    -16.327
2390    -17.129
2391    -15.791
2392    -16.449
2393    -16.104
2394    -16.405
2395    -16.177
2396    -16.061
2397    -16.322
2398    -16.379
2399    -16.288
2400    -15.759
2401    -15.926
2402    -16.424
2403    -16.274
2404    -16.326
2405    -16.233
2406    -16.433
2407    -16.403
2408    -16.346
2409    -16.230999
2410    -16.226
2411    -16.334
2412    -16.315
2413    -16.194
2414    -16.269
2415    -16.095
2416    -16.458
2417    -16.387
2418    -16.345
2419    -16.55
2420    -16.15
2421    -16.278
2422    -16.288
2423    -16.532
2424    -16.141
2425    -16.376
2426    -16.543
2427    -16.046
2428    -17.242
2429    -16.121
2430    -16.421
2431    -16.415
2432    -16.531
2433    -16.093
2434    -16.074
2435    -16.444
2436    -16.498
2437    -16.311
2438    -15.355
2439    -16.480999
2440    -16.421
2441    -16.237999
2442    -15.871
2443    -15.681
2444    -16.401
2445    -16.275
2446    -16.119
2447    -15.829
2448    -16.286
2449    -16.348
2450    -16.275
2451    -15.142
2452    -16.313
2453    -16.415
2454    -15.201
2455    -16.183
2456    -16.289
2457    -16.295
2458    -17.259
2459    -16.138
2460    -16.284
2461    -15.443
2462    -17.416
2463    -16.278
2464    -16.358
2465    -17.295
2466    -16.35
2467    -16.34
2468    -16.519
2469    -16.008
2470    -16.035
2471    -16.335
2472    -16.205
2473    -16.031
2474    -16.09
2475    -16.141
2476    -15.691999
2477    -15.958
2478    -17.019
2479    -16.3
2480    -16.168
2481    -16.054
2482    -16.169
2483    -16.007
2484    -17.154
2485    -15.833
2486    -16.345
2487    -16.142
2488    -15.961
2489    -16.178
2490    -16.395
2491    -16.43
2492    -16.33
2493    -16.249
2494    -16.302
2495    -16.089
2496    -16.1
2497    -15.793
2498    -16.27
2499    -16.389
2500    -15.843
2501    -15.848
