0    -1.816
1    -4.276
2    -0.874
3    -2.324
4    -2.2139997
5    -1.53
6    0.26000002
7    -0.52599996
8    0.049000002
9    -31.806
10    -3.68
11    -11.738
12    -23.027
13    1.375
14    0.066
15    -2.742
16    1.034
17    -0.954
18    -485.021
19    -1.4649999
20    -0.7909999
21    -3.696
22    7.07
23    -1.2579999
24    3.726
25    -0.8089999
26    -3.246
27    2.372
28    -17.037
29    -2.908
30    -13.327
31    -2.256
32    -8.263
33    -12.684999
34    1.1170001
35    2.27
36    -9.094
37    -4.926
38    1.382
39    2.032
40    0.78900003
41    2.691
42    4.655
43    6.031
44    0.1680001
45    7.4480004
46    1.319
47    -8.248
48    3.045
49    6.167
50    12.490001
51    2.8600001
52    -19.732
53    16.482
54    5.677
55    4.644
56    9.96
57    3.88
58    3.333
59    1.0
60    -0.68499994
61    -0.11799991
62    0.49
63    0.16100001
64    -5.177
65    -3.225
66    -3.552
67    0.574
68    0.82500005
69    0.254
70    -1.5139999
71    0.59300005
72    -1.714
73    -0.765
74    -0.773
75    0.418
76    -0.20199996
77    1.7450001
78    0.544
79    2.478
80    -0.31199998
81    1.8110001
82    -0.302
83    -1.688
84    -1.43
85    -34.315998
86    -0.552
87    2.821
88    -0.34099996
89    0.44900003
90    -0.776
91    -0.987
92    0.49100003
93    1.144
94    -1.158
95    -1.833
96    -0.14899999
97    -0.6559999
98    2.81
99    -54.718
100    2.304
101    5.268
102    0.46300003
103    10.617001
104    -0.60899997
105    -1.69
106    0.81500006
107    -0.35799998
108    -0.626
109    -2.113
110    -12.71
111    -1.7679999
112    -0.826
113    3.497
114    -0.74099994
115    -0.25699997
116    -0.3959999
117    -5.783
118    -1.083
119    -5.502
120    1.33
121    -6.965
122    -1.3239999
123    -2.573
124    -5.392
125    -8.604
126    -2.01
127    0.16900001
128    -4.792
129    2.337
130    -180.186
131    -1.312
132    1.585
133    1.608
134    0.85200006
135    2.473
136    -2.847
137    6.768
138    -0.45499998
139    3.742
140    2.751
141    -4.519
142    1.5480001
143    2.533
144    -0.0539999
145    2.791
146    7.323
147    -0.42999995
148    1.167
149    0.514
150    -3.379
151    1.494
152    -155.161
153    -0.995
154    3.446
155    -2.136
156    -0.39799988
157    -2.449
158    2.6810002
159    3.1810002
160    16.186
161    -1.4419999
162    -1.333
163    -1.5669999
164    -1.5239999
165    -1.474
166    0.41200003
167    -0.569
168    -1.06
169    2.6620002
170    1.006
171    -2.44
172    -7.013
173    0.703
174    -2.355
175    0.79800004
176    0.26700002
177    0.82600003
178    3.075
179    -0.8
180    19.442001
181    26.339
182    2.4
183    0.34
184    1.2720001
185    -1.4909999
186    0.16000001
187    0.42100003
188    2.192
189    0.20300001
190    5.58
191    2.4160001
192    2.363
193    -3.262
194    -0.90199995
195    100.532
196    -6.2209997
197    -1.717
198    2.398
199    0.21000001
200    22.404001
201    4.6
202    -1.3989999
203    -4.158
204    -54.223
205    -20.778
206    -2.1599998
207    40.507
208    0.061000004
209    -0.79399997
210    -7.901
211    -1.26
212    0.892
213    -2.616
214    -0.60099995
215    1.224
216    1.131
217    1.083
218    -14.775
219    0.149
220    1.4280001
221    -5.355
222    -3.073
223    -0.672
224    -2.713
225    11.509
226    5.191
227    0.609
228    -0.724
229    3.593
230    -1.405
231    0.108
232    0.20500001
233    2.38
234    4.4110003
235    -0.34699994
236    -2.32
237    0.2420001
238    2.342
239    15.657
240    0.499
241    0.77300006
242    -0.0049999356
243    0.125
244    2.2080002
245    0.6090001
246    -7.595
247    -16.589
248    -81.392
249    -71.004
250    -3.3639998
251    6.19
252    5.442
253    41.664
254    98.623
255    0.30200002
256    1.464
257    2.223
258    0.23900001
259    0.48400003
260    -0.574
261    -2.123
262    -0.819
263    -47.014
264    -133.103
265    -0.636
266    2.099
267    -3.753
268    -4.673
269    0.36
270    6.4610004
271    0.91300005
272    1.0
273    -2.831
274    0.201
275    -0.20099998
276    -2.554
277    0.503
278    0.407
279    -8.885
280    0.162
281    0.091000006
282    0.625
283    1.8540001
284    -6.309
285    -40.678
286    1.2639999
287    7.236
288    1.3310001
289    0.333
290    1.207
291    0.17200017
292    -1.518
293    2.362
294    2.161
295    1.067
296    0.115
297    -0.752
298    -2.7319999
299    0.17500001
300    -4.544
301    -4.4
302    -1.193
303    -0.673
304    1.269
305    2.413
306    -0.677
307    1.53
308    -4.172
309    -27.326
310    -3.342
311    0.25300002
312    -2.401
313    1.128
314    1.162
315    0.38700002
316    0.16800001
317    -0.0069999695
318    0.093
319    0.93200004
320    -0.516
321    -2.133
322    10.419001
323    -9.984
324    -2.582
325    1.7290001
326    7.826
327    -0.724
328    -2.319
329    0.33800003
330    -2.559
331    -0.631
332    1.5040002
333    8.501
334    4.348
335    2.4220002
336    -26.061
337    -3.81
338    -5.4849997
339    0.45000005
340    1.586
341    1.8560001
342    0.95700026
343    -0.735
344    0.42600003
345    -0.689
346    1.0370001
347    0.351
348    0.25500003
349    0.40600002
350    0.546
351    0.407
352    1.572
353    0.78300005
354    -0.43799996
355    -0.4899999
356    -0.834
357    0.15200001
358    0.30900002
359    -3.797
360    -15.26
361    -12.625
362    1.474
363    -36.183
364    -0.50399995
365    -8.466
366    -0.37199998
367    -2.798
368    -1.543
369    1.087
370    1.487
371    0.29900002
372    0.781
373    0.179
374    -25.538
375    0.52500004
376    -2.72
377    -0.46899998
378    -0.831
379    0.49
380    2.415
381    -2.831
382    -0.73899996
383    -12.102
384    0.022000002
385    4.343
386    -0.926
387    1.239
388    0.254
389    0.291
390    -1.652
391    -0.35799992
392    1.417
393    0.628
394    0.26200002
395    7.359
396    -25.553
397    -6.197
398    0.29000002
399    0.22000001
400    -0.9089999
401    95.43
402    0.439
403    1.322
404    -0.329
405    -1.2709999
406    0.48000002
407    -0.07499993
408    3.44
409    -2.3049998
410    -0.8729999
411    1.947
412    1.451
413    1.3640001
414    -0.065999985
415    -63.898
416    47.855
417    -5.91
418    -0.44
419    0.609
420    -1.5339999
421    39.624
422    0.37800002
423    -2.3109999
424    -0.872
425    2.084
426    -5.476
427    5.5150003
428    -0.18299997
429    1.208
430    -2.302
431    -2.299
432    0.55600005
433    0.39100003
434    0.63500005
435    -4.5889997
436    1.4950001
437    18.828
438    -3.124
439    1.4970001
440    0.73300004
441    -2.3439999
442    -0.52199996
443    0.781
444    1.449
445    -4.478
446    -0.46699995
447    -0.59599996
448    0.70400006
449    1.565
450    0.52400005
451    1.638
452    -0.8499999
453    -0.27799994
454    0.27
455    2.982
456    -27.41
457    0.32900003
458    1.651
459    -0.13599998
460    -4.5
461    -1.244
462    -0.80799997
463    0.74200004
464    0.42000002
465    -4.417
466    -0.566
467    0.611
468    -1.585
469    -1.423
470    0.42100003
471    -0.30699998
472    -1.496
473    2.538
474    -0.715
475    -0.658
476    -0.22899997
477    1.871
478    -2.603
479    0.113000035
480    -0.725
481    20.128
482    -0.663
483    0.3390001
484    0.76000005
485    2.447
486    -7.783
487    2.001
488    0.69900036
489    0.224
490    -5.413
491    -1.5209999
492    1.2980001
493    -4.094
494    1.426
495    0.41900003
496    -0.39699996
497    -0.60899997
498    -0.797
499    0.284
500    0.45200002
501    0.5
502    0.46800002
503    -0.608
504    0.45600003
505    3.1890001
506    0.30800003
507    -3.722
508    -0.29599994
509    0.134
510    -1.5899999
511    -3.494
512    -8.546
513    -0.037999928
514    -1.8
515    -3.583
516    0.48000002
517    -1.8429999
518    -0.44299996
519    0.025000095
520    4.567
521    1.281
522    0.365
523    -0.701
524    2.4720001
525    -3.634
526    -1.7379999
527    -1.773
528    0.781
529    2.923
530    -1.168
531    -2.781
532    0.99600005
533    3.427
534    -2.428
535    0.291
536    0.40500003
537    0.93600005
538    -0.6
539    -17.52
540    -29.393
541    1.6010001
542    0.215
543    -2.2979999
544    0.28500003
545    -9.999275E-4
546    0.19000001
547    -0.76199996
548    0.18800008
549    1.2370001
550    -5.554
551    -4.723
552    -1.839
553    0.18900001
554    0.26500002
555    0.25
556    -1.016
557    0.33900002
558    -0.64699996
559    -0.40099996
560    -4.228
561    0.63100004
562    -0.473
563    -0.658
564    -1.46
565    0.76600003
566    -0.695
567    -0.77
568    18.224
569    -0.83299994
570    -0.491
571    -0.48999995
572    -2.1859999
573    -8.975
574    1.097
575    -1.223
576    -18.973999
577    1.368
578    -3.692
579    -1.233
580    -2.621
581    0.89000005
582    -2.371
583    0.179
584    0.35700002
585    -6.255
586    -0.75699997
587    -1.686
588    -0.682
589    -0.37399995
590    -2.343
591    5.646
592    1.284
593    46.012
594    -4.234
595    -1.47
596    0.61200005
597    2.828
598    0.15600002
599    0.39000002
600    3.239
601    -19.957
602    0.35000002
603    0.1
604    -0.28899997
605    0.284
606    -1.203
607    -1.56
608    0.33400002
609    5.528
610    0.326
611    1.4530001
612    -1.701
613    2.358
614    -0.34899998
615    0.72400004
616    0.44500002
617    0.80200005
618    -18.788
619    1.143
620    1.4
621    0.99600005
622    2.875
623    -0.83
624    1.095
625    -1.03
626    0.57900006
627    0.83900005
628    -0.58299994
629    1.0780001
630    0.08100009
631    2.18
632    1.256
633    -5.341
634    -0.13499993
635    -4.885
636    -8.871
637    0.192
638    -7.821
639    -21.74
640    -2.407
641    -18.424
642    0.508
643    -108.936
644    -2.689
645    0.256
646    -1.2459999
647    1.077
648    0.116000004
649    0.88800013
650    -0.6129999
651    -0.51199996
652    0.393
653    -1.8439999
654    -1.99
655    1.0320001
656    -2.3909998
657    -87.675
658    -336.813
659    3.0730002
660    -0.62899995
661    3.445
662    -7.0559998
663    -1.861
664    -38.06
665    -295.582
666    -388.643
667    -1.441
668    -46.883
669    -88.433
670    -26.87
671    -16.878
672    0.178
673    -364.71
674    -93.086
675    -55.66
676    -0.17199993
677    -76.931
678    -13.261
679    0.30900002
680    1.9330001
681    -180.939
682    -46.017
683    -185.495
684    2.173
685    -1.46
686    -1.072
687    2.0070002
688    1.4120001
689    -0.39599997
690    1.973
691    -0.62399995
692    -1.527
693    -0.12399995
694    0.293
695    0.40600002
696    0.711
697    -4.64
698    -32.952
699    0.328
700    -136.676
701    0.22700001
702    -8.051
703    0.49800003
704    -185.942
705    -3.024
706    -11.978
707    0.33200002
708    -1.426
709    1.6680001
710    -0.81799996
711    1.426
712    1.135
713    7.347
714    -1.335
715    -0.40399998
716    -12.855
717    -3.909
718    -0.845
719    0.328
720    1.806
721    -1.048
722    0.23
723    0.202
724    0.74200004
725    -0.622
726    0.19000001
727    -0.78
728    0.35900003
729    0.43700004
730    -0.68499994
731    0.629
732    1.5130001
733    92.407
734    -0.664
735    1.8790001
736    -0.48099995
737    -1.489
738    -0.49199998
739    -0.20399994
740    -0.832
741    3.512
742    -6.567
743    -0.95599985
744    0.8240001
745    -0.334
746    -4.417
747    -0.784
748    -23.532
749    -3.556
750    -0.60099995
751    132.749
752    0.483
753    -0.94499993
754    1.658
755    -0.449
756    -2.376
757    -8.812
758    -2.228
759    -3.1299999
760    -1.4059999
761    0.08400011
762    -0.42899996
763    -0.655
764    0.51500005
765    -0.65699995
766    1.031
767    0.013000011
768    -2.439
769    0.31800002
770    2.345
771    -1.395
772    66.664
773    1.235
774    -0.52
775    0.41700003
776    -9.776
777    -22.135
778    -10.182
779    -10.667
780    -8.1119995
781    -2.79
782    -9.309
783    -7.253
784    -4.554
785    1.2260001
786    -13.788
787    -10.058
788    -10.099
789    -2.55
790    0.1910001
791    -11.218
792    -0.718
793    -1.719
794    0.22100002
795    -0.38699996
796    0.74200004
797    0.38300002
798    -9.811
799    -4.246
800    1.0680001
801    0.91400003
802    -0.491
803    0.18200001
804    -0.59599996
805    -6.754
806    0.11000001
807    -425.319
808    -0.19099998
809    -1.0839999
810    -2.426
811    2.8960001
812    -5.959
813    -0.27899998
814    -0.769
815    -2.376
816    -0.40899998
817    0.21100008
818    -7.479
819    -0.845
820    0.124000005
821    -4.3
822    -6.256
823    -0.14799994
824    6.927
825    -0.856
826    0.32700002
827    1.9430001
828    2.512
829    0.133
830    -5.538
831    -10.044
832    1.054
833    -3.522
834    -7.63
835    -7.413
836    -5.586
837    -2.506
838    0.28100002
839    -24.048
840    -7.143
841    0.319
842    -1.204
843    -7.409
844    -2.728
845    0.791
846    -0.03999996
847    -5.862
848    -12.318
849    -0.895
850    -9.549
851    -8.501
852    -0.667
853    0.1170001
854    1.3740001
855    0.48800004
856    1.6040001
857    -1.5899999
858    -4.631
859    -7.875
860    -1.56
861    -6.385
862    0.319
863    0.128
864    -10.645
865    -289.335
866    0.73
867    -1.606
868    -36.818
869    -12.227
870    -8.081
871    0.42800003
872    3.466
873    1.517
874    1.1620001
875    1.572
876    -0.56499994
877    90.732
878    -0.641
879    -11.645
880    0.31800002
881    0.058000002
882    -2.507
883    8.411
884    0.90500003
885    0.48700002
886    0.044000003
887    0.305
888    -4.317
889    -0.653
890    -0.745
891    -7.489
892    -0.768
893    -5.33
894    -3.624
895    1.1810001
896    -1.6539999
897    5.427
898    -1.61
899    -0.76
900    -1.617
901    -3.383
902    -4.859
903    -1.4289999
904    0.79300004
905    -0.68499994
906    3.483
907    -0.20799994
908    0.6730001
909    -1.722
910    -2.185
911    0.156
912    -1.9219999
913    -2.626
914    -138.382
915    -1.7459999
916    0.33200002
917    0.55
918    -2.1299999
919    7.26
920    -2.601
921    -1.781
922    -1.45
923    -4.751
924    -2.994
925    -11.568
926    12.767
927    0.554
928    -0.27699995
929    -4.8859997
930    -2.295
931    3.7020001
932    -0.62399995
933    -3.692
934    0.8240001
935    5.3630004
936    0.55
937    0.58100003
938    1.9790001
939    0.085
940    -10.246
941    -0.459
942    2.563
943    -1.492
944    1.7650001
945    2.3
946    2.089
947    10.32
948    2.468
949    -0.644
950    0.32200003
951    0.9100001
952    -0.898
953    -2.427
954    5.5870004
955    -0.925
956    -11.224
957    0.503
958    0.119
959    8.759
960    -14.201
961    -5.986
962    0.321
963    -1.1759999
964    -4.0249996
965    -0.913
966    -0.903
967    0.7160001
968    -0.892
969    4.045
970    -12.714
971    0.22800002
972    -0.7609999
973    -2.144
974    0.21800001
975    -5.2159996
976    0.54700005
977    -5.357
978    0.39000002
979    0.238
980    0.574
981    -0.40099996
982    -1.3759999
983    -2.509
984    -1.316
985    -2.557
986    0.605
987    1.434
988    0.63800013
989    0.246
990    -1.444
991    -0.23499995
992    -1.716
993    1.4690001
994    -2.0939999
995    -0.76199996
996    6.0160003
997    -3.583
998    -1.51
999    1.866
1000    0.32800007
1001    0.38200003
1002    -9.29
1003    1.25
1004    0.669
1005    -0.95799994
1006    -1.754
1007    0.44500002
1008    0.108
1009    0.78400004
1010    -0.58299994
1011    -0.009999931
1012    2.354
1013    -0.36999995
1014    0.68500006
1015    0.57100004
1016    -0.539
1017    4.985
1018    -1.683
1019    -0.796
1020    0.499
1021    6.906
1022    -95.061
1023    -0.76199985
1024    -0.9779999
1025    0.67800003
1026    -1.994
1027    -1.39
1028    -0.695
1029    -0.923
1030    -7.47
1031    0.55300003
1032    -2.508
1033    0.75200003
1034    0.89800006
1035    3.0360003
1036    -2.307
1037    -1.174
1038    1.029
1039    -2.4819999
1040    -0.67999995
1041    -4.57
1042    -6.476
1043    2.31
1044    0.882
1045    -1.9799999
1046    0.42600003
1047    1.409
1048    0.46800002
1049    -0.45099998
1050    1.431
1051    1.421
1052    1.5580001
1053    0.303
1054    -0.29299998
1055    0.47100002
1056    -0.88699996
1057    -0.06099993
1058    1.748
1059    0.142
1060    -0.732
1061    0.18200001
1062    -0.66999996
1063    7.6870003
1064    0.97900003
1065    -1.369
1066    1.779
1067    -14.398
1068    -1.9269999
1069    0.256
1070    1.563
1071    0.42600003
1072    0.43700004
1073    1.098
1074    -23.407
1075    -18.482
1076    -1.538
1077    -1.6489999
1078    -1.359
1079    0.28500003
1080    0.418
1081    1.302
1082    -1.658
1083    0.518
1084    -0.13699996
1085    0.20600002
1086    -4.781
1087    0.238
1088    -0.677
1089    -5.12
1090    -0.528
1091    -1.684
1092    0.537
1093    0.342
1094    4.985
1095    0.33900002
1096    1.472
1097    -0.896
1098    -0.74399996
1099    -153.719
1100    1.238
1101    -0.65199995
1102    -0.529
1103    1.7160001
1104    1.279
1105    1.247
1106    0.984
1107    -2.643
1108    2.001
1109    -0.5129998
1110    1.633
1111    -4.334
1112    -0.66899997
1113    0.90800005
1114    -33.451
1115    0.74500006
1116    -0.495
1117    3.2700005
1118    1.386
1119    -0.66499996
1120    0.565
1121    -4.428
1122    0.22600001
1123    0.33100003
1124    0.84000003
1125    1.7810001
1126    0.38900003
1127    -1.3989999
1128    -0.656
1129    0.517
1130    0.499
1131    -0.77199996
1132    -0.607
1133    -0.44399995
1134    0.157
1135    1.655
1136    1.016
1137    1.4790001
1138    -1.259
1139    -4.567
1140    -10.567
1141    -0.86399996
1142    0.1170001
1143    0.587
1144    -0.709
1145    -3.699
1146    0.69100004
1147    -4.173
1148    2.345
1149    0.69100004
1150    2.179
1151    -2.473
1152    -3.745
1153    84.611
1154    -2.464
1155    -0.668
1156    -2.568
1157    1.3540001
1158    -4.597
1159    0.36200002
1160    -2.438
1161    2.5410001
1162    -1.269
1163    0.41700003
1164    -3.709
1165    -4.77
1166    -0.23099995
1167    0.23200001
1168    -0.36299998
1169    -3.563
1170    -60.447998
1171    -4.673
1172    0.298
1173    -2.703
1174    -0.36499995
1175    1.128
1176    -3.892
1177    -3.06
1178    -1.744
1179    0.46700013
1180    -0.50399995
1181    -1.4419999
1182    0.21100008
1183    -2.394
1184    1.4660001
1185    0.356
1186    -2.374
1187    -4.753
1188    0.55300003
1189    1.6630001
1190    0.294
1191    -31.978
1192    1.054
1193    -0.821
1194    1.325
1195    0.47000003
1196    0.194
1197    -7.533
1198    -3.853
1199    -2.716
1200    1.1270001
1201    0.23900001
1202    5.615
1203    -2.408
1204    -17.539
1205    0.21500003
1206    -1.095
1207    -0.48899996
1208    -2.135
1209    0.23500001
1210    0.29700017
1211    1.247
1212    -0.54199994
1213    -1.352
1214    1.125
1215    -6.568
1216    6.986
1217    17.605
1218    0.521
1219    -1.644
1220    -2.465
1221    0.92300004
1222    1.426
1223    -0.67499995
1224    0.735
1225    -2.383
1226    -0.16699994
1227    -0.571
1228    0.44000003
1229    -0.872
1230    -0.593
1231    -0.49199998
1232    -0.42499995
1233    -1.436
1234    0.12200001
1235    0.21800001
1236    -4.996
1237    1.1060001
1238    2.114
1239    -1.647
1240    1.314
1241    -0.23299998
1242    -3.861
1243    -0.5849999
1244    1.628
1245    -0.48499995
1246    -0.357
1247    -0.791
1248    0.171
1249    1.9020001
1250    2.22
1251    0.634
1252    0.41200003
1253    0.813
1254    4.149
1255    0.619
1256    0.39600003
1257    15.986
1258    0.372
1259    4.81
1260    0.754
1261    -0.21399999
1262    -8.075
1263    4.502
1264    0.30400002
1265    1.432
1266    0.62600005
1267    1.385
1268    -1.793
1269    -2.2589998
1270    1.279
1271    -0.55799997
1272    -6.678
1273    0.975
1274    0.68600005
1275    0.46300003
1276    2.052
1277    5.593
1278    4.585
1279    0.67200005
1280    1.19
1281    0.49600002
1282    0.744
1283    2.541
1284    1.2980001
1285    -1.388
1286    0.231
1287    -0.9799999
1288    -0.501
1289    0.541
1290    -0.008999944
1291    -0.3189999
1292    0.291
1293    -0.39299995
1294    3.992
1295    0.882
1296    -1.9089999
1297    -0.25499994
1298    1.583
1299    -0.19999999
1300    -1.494
1301    -0.38799995
1302    0.583
1303    0.245
1304    0.177
1305    -1.516
1306    0.62
1307    -1.627
1308    0.467
1309    0.546
1310    -28.829
1311    10.498
1312    0.49400002
1313    -2.422
1314    -0.491
1315    -2.2719998
1316    -0.4979999
1317    0.45100003
1318    -3.334
1319    2.17
1320    11.536003
1321    0.82900006
1322    0.82000005
1323    -0.15599996
1324    -3.276
1325    -2.257
1326    1.164
1327    0.06400001
1328    1.4790001
1329    0.31000006
1330    -3.0659997
1331    7.458
1332    -1.734
1333    -1.453
1334    0.423
1335    -0.55799997
1336    -4.238
1337    0.68100005
1338    -0.41599995
1339    1.572
1340    -2.586
1341    -0.43899995
1342    0.887
1343    2.432
1344    1.189
1345    9.091001
1346    0.2010001
1347    0.76000005
1348    3.573
1349    0.85400003
1350    0.61300004
1351    -10.323
1352    0.17400001
1353    1.5450001
1354    -0.692
1355    -2.317
1356    -1.446
1357    7.735
1358    0.21600008
1359    0.215
1360    -1.335
1361    13.086
1362    0.386
1363    -0.89
1364    -0.608
1365    0.59000003
1366    -0.28399998
1367    2.0570002
1368    0.71900004
1369    0.73300004
1370    -0.02399993
1371    0.97800004
1372    -3.339
1373    0.47100002
1374    0.060000062
1375    -4.453
1376    -5.972
1377    -0.74
1378    -0.655
1379    -1.618
1380    0.35800004
1381    -0.31599998
1382    -1.558
1383    0.58900005
1384    -6.257
1385    -5.668
1386    0.40400004
1387    -4.222
1388    -0.35599995
1389    0.347
1390    -0.54399997
1391    -1.2499999
1392    0.34
1393    2.292
1394    -1.518
1395    0.483
1396    0.66400003
1397    -0.63199997
1398    -1.642
1399    0.64000005
1400    -10.2369995
1401    -0.6819999
1402    -0.653
1403    -4.545
1404    1.7
1405    1.619
1406    -1.3469999
1407    -6.635
1408    -1.766
1409    -1.471
1410    -3.326
1411    0.526
1412    -0.598
1413    0.05700004
1414    -0.24399996
1415    -3.5019999
1416    -2.754
1417    -3.292
1418    -0.68299997
1419    -8.138
1420    -4.759
1421    -1.358
1422    -2.481
1423    -1.119
1424    1.4350001
1425    1.565
1426    0.77400017
1427    -1.234
1428    -2.692
1429    -0.725
1430    -0.62399995
1431    0.33900002
1432    0.50100005
1433    0.726
1434    0.384
1435    0.162
1436    1.298
1437    -0.63
1438    1.136
1439    2.11
1440    -0.915
1441    -10.395
1442    -19.579
1443    -0.805
1444    -1.746
1445    -1.26
1446    -1.781
1447    0.407
1448    0.393
1449    -0.602
1450    0.45400003
1451    -0.51699996
1452    -5.34
1453    1.9480001
1454    -3.508
1455    -1.816
1456    0.40500003
1457    -2.651
1458    -10.514
1459    -8.598
1460    1.7980001
1461    -2.541
1462    -2.767
1463    -1.43
1464    -4.576
1465    0.17
1466    -3.464
1467    1.462
1468    2.632
1469    -2.726
1470    -2.141
1471    0.324
1472    0.347
1473    0.372
1474    0.573
1475    -0.54499996
1476    -0.793
1477    -1.556
1478    -3.109
1479    -2.522
1480    -0.83
1481    12.334
1482    -17.598
1483    -0.51199996
1484    0.24900001
1485    -0.516
1486    0.52400005
1487    -0.19499993
1488    1.144
1489    0.384
1490    0.13000001
1491    3.31
1492    -7.804
1493    1.3740001
1494    0.915
1495    0.864
1496    0.86100006
1497    -12.791
1498    5.3170004
1499    -21.309
1500    8.440001
1501    -11.297
1502    -2.546
1503    -2.448
1504    96.755
1505    2.248
1506    -0.574
1507    -2.664
1508    -0.46599996
1509    0.314
1510    -0.54999995
1511    0.35300002
1512    0.40300003
1513    -0.292
1514    0.78700006
1515    -1.4619999
1516    0.81600004
1517    -2.76
1518    1.906
1519    0.84800005
1520    0.64500004
1521    1.118
1522    0.41500002
1523    1.32
1524    -321.939
1525    -0.33999997
1526    -2.42
1527    1.9760001
1528    -0.26899981
1529    -0.505
1530    0.671
1531    -0.604
1532    -0.531
1533    1.064
1534    -0.26099998
1535    -4.679
1536    -5.552
1537    2.293
1538    -6.4709997
1539    -11.704
1540    -3.721
1541    0.55600005
1542    0.637
1543    -2.488
1544    3.53
1545    1.292
1546    -1.806
1547    -3.767
1548    -0.371
1549    5.604
1550    -9.439
1551    -7.084
1552    0.349
1553    0.36600003
1554    2.502
1555    0.37
1556    0.69000006
1557    -0.38599998
1558    53.369
1559    0.416
1560    1.8060001
1561    0.6
1562    0.254
1563    0.549
1564    0.31800002
1565    1.467
1566    0.74600005
1567    -1.1459999
1568    0.33500004
1569    -4.25
1570    0.66700006
1571    -1.408
1572    -0.6
1573    -0.847
1574    -0.778
1575    2.803
1576    -1.1099999
1577    0.51900005
1578    -0.45599997
1579    0.47700003
1580    5.056
1581    -3.0289998
1582    0.69100004
1583    -0.52599996
1584    66.78
1585    0.101
1586    -11.101
1587    3.5570002
1588    -12.313
1589    0.46100003
1590    -0.74300003
1591    1.077
1592    -1.405
1593    -2.459
1594    -1.941
1595    -603.835
1596    -0.40199995
1597    0.67300004
1598    0.17400001
1599    0.374
1600    0.30400002
1601    -91.621994
1602    0.975
1603    -0.66499996
1604    4.5290003
1605    0.358
1606    -80.599
1607    0.23600002
1608    0.126
1609    0.055000067
1610    0.418
1611    0.19700001
1612    0.83400005
1613    -1.678
1614    1.9070001
1615    -1.685
1616    -0.65999997
1617    0.536
1618    0.14600001
1619    -0.67499995
1620    0.39400002
1621    0.95000005
1622    -0.74
1623    0.44000003
1624    1.164
1625    0.32500002
1626    0.619
1627    1.6600001
1628    0.54800004
1629    0.21500003
1630    0.49800003
1631    0.337
1632    1.239
1633    0.39200002
1634    0.49800003
1635    -3.617
1636    -4.727
1637    0.80600005
1638    0.505
1639    -28.953
1640    -6.131
1641    0.37100002
1642    -8.139
1643    0.507
1644    -0.543
1645    -1.8909999
1646    0.503
1647    0.404
1648    -0.51399994
1649    -0.15499997
1650    0.30600002
1651    0.09200001
1652    0.28800002
1653    1.491
1654    0.40500003
1655    0.41200003
1656    0.786
1657    0.70400006
1658    0.97
1659    -4.717
1660    -0.707
1661    -1.4189999
1662    -0.36699998
1663    -8.388
1664    -0.357
1665    0.69200003
1666    -0.852
1667    0.73200005
1668    0.65400004
1669    2.362
1670    3.312
1671    0.52400005
1672    0.59000003
1673    0.35700002
1674    -0.48199987
1675    0.39600003
1676    7.23
1677    -0.707
1678    1.35
1679    0.335
1680    -3.037
1681    -1.652
1682    0.48000002
1683    0.4
1684    0.41900003
1685    -595.673
1686    0.32000002
1687    -1.546
1688    1.251
1689    2.476
1690    -0.765
1691    0.492
1692    0.492
1693    -0.6279999
1694    -0.32699996
1695    -1.496
1696    -0.579
1697    -0.73
1698    1.166
1699    -0.501
1700    -0.36399996
1701    0.62100005
1702    -0.656
1703    1.373
1704    0.287
1705    -1.076
1706    43.817
1707    -6.593
1708    -1.6
1709    -5.321
1710    -85.002
1711    0.317
1712    0.42800003
1713    0.187
1714    -6.986
1715    -8.448
1716    -2.354
1717    0.33200002
1718    0.61600006
1719    -3.419
1720    -2.393
1721    -1.443
1722    -3.681
1723    -3.217
1724    -1.377
1725    1.2080001
1726    -0.972
1727    -3.209
1728    0.42700002
1729    -1.7299999
1730    -0.385
1731    5.21
1732    0.832
1733    0.59900004
1734    0.21300001
1735    0.53000003
1736    0.64400005
1737    -0.528
1738    0.65400004
1739    0.554
1740    -2.825
1741    0.563
1742    10.228001
1743    -0.602
1744    0.273
1745    -0.48799998
1746    1.088
1747    0.411
1748    -0.13199997
1749    0.48800004
1750    0.14500001
1751    -1.537
1752    0.254
1753    2.9060001
1754    0.36900002
1755    -0.61899996
1756    -1.55
1757    -0.788
1758    0.24300002
1759    -3.435
1760    -0.615
1761    -0.26599997
1762    -2.724
1763    -0.41399997
1764    0.527
1765    -5.236
1766    -2.985
1767    -2.706
1768    0.455
1769    -2.4819999
1770    0.41200003
1771    0.22700001
1772    0.64500004
1773    0.29900002
1774    0.365
1775    -0.25299996
1776    0.485
1777    0.6370001
1778    -8.191
1779    -6.679
1780    -2.23
1781    -4.656
1782    -1.5239999
1783    0.44700003
1784    0.35500002
1785    -0.35599995
1786    -1.3989999
1787    -15.18
1788    -5.421999
1789    -8.05
1790    -1.1449995
1791    -63.413
1792    0.61700004
1793    -0.60599995
1794    0.522
1795    0.35800004
1796    -0.604
1797    -0.671
1798    3.5800004
1799    -0.63
1800    -1.1389999
1801    -0.538
1802    -0.58799994
1803    0.44200003
1804    -2.993
1805    -2.374
1806    0.517
1807    -0.666
1808    -16.814
1809    -3.748
1810    2.696
1811    -0.622
1812    -48.814
1813    0.71000004
1814    0.573
1815    1.7870001
1816    0.423
1817    0.27800003
1818    -10.375
1819    -0.73899996
1820    1.8140001
1821    0.342
1822    0.27100003
1823    18.025
1824    0.39100003
1825    2.969
1826    0.708
1827    0.26500002
1828    -1.21
1829    1.143
1830    0.202
1831    -0.52699995
1832    -5.857
1833    0.51500005
1834    0.453
1835    -0.569
1836    -0.81
1837    1.891
1838    0.83800006
1839    0.193
1840    -1.661
1841    0.43100002
1842    0.43
1843    13.852
1844    0.24300002
1845    0.588
1846    0.91600007
1847    -0.695
1848    -8.545
1849    -0.701
1850    0.694
1851    0.14
1852    0.141
1853    -2.691
1854    -11.964
1855    1.6
1856    1.5090001
1857    0.859
1858    0.158
1859    0.57600003
1860    -1.3009999
1861    -0.371
1862    -2.212
1863    63.463
1864    -2.425
1865    0.492
1866    -0.621
1867    0.85200006
1868    -6.198
1869    0.624
1870    -1.9519999
1871    -3.692
1872    0.97400004
1873    1.1730001
1874    -0.61399996
1875    -2.381
1876    1.428
1877    -1.2839999
1878    0.666
1879    0.629
1880    0.39200002
1881    0.63600004
1882    -1.527
1883    0.37300003
1884    -1.0469999
1885    0.05000007
1886    0.72900003
1887    1.516
1888    0.777
1889    0.62200004
1890    -2.296
1891    0.326
1892    -1.449
1893    0.892
1894    -0.44599998
1895    0.21400002
1896    0.62100005
1897    0.448
1898    0.55600005
1899    0.56600004
1900    0.526
1901    0.65300006
1902    -0.38
1903    -1.629
1904    0.93000007
1905    3.1510003
1906    0.55300003
1907    -3.5509999
1908    -1.4679999
1909    0.34500003
1910    0.62600005
1911    -1.311
1912    1.0730001
1913    -0.035999954
1914    -1.818
1915    -1.809
1916    -1.798
1917    1.4100001
1918    -1.6819999
1919    -73.748
1920    0.707
1921    0.22000001
1922    0.263
1923    -3.566
1924    0.39200002
1925    -0.449
1926    -0.072999954
1927    -3.37
1928    0.9110001
1929    0.36
1930    0.75500005
1931    0.39200002
1932    -0.52699995
1933    0.527
1934    0.388
1935    0.2850001
1936    0.2880001
1937    -1.473
1938    4.55
1939    0.79200006
1940    0.26000002
1941    -0.621
1942    0.57800007
1943    0.45000002
1944    -260.219
1945    -178.358
1946    0.26900002
1947    -0.867
1948    -140.028
1949    0.46400002
1950    1.36
1951    1.324
1952    0.628
1953    0.45800003
1954    0.657
1955    0.46600002
1956    -1.598
1957    0.883
1958    0.24100001
1959    -3.3109999
1960    -0.587
1961    0.43500003
1962    0.38300002
1963    0.402
1964    -0.71599996
1965    -1.1159999
1966    -1.538
1967    1.0300001
1968    -1.2
1969    5.6330004
1970    -9.182
1971    0.61300004
1972    0.661
1973    0.47800002
1974    0.64500004
1975    1.399
1976    0.307
1977    -0.666
1978    0.287
1979    0.67200005
1980    0.312
1981    0.24200001
1982    3.8140001
1983    -0.679
1984    0.215
1985    0.10900009
1986    -1.643
1987    0.282
1988    0.294
1989    1.312
1990    0.39300013
1991    -1.476
1992    -0.546
1993    -1.321
1994    -1.5699999
1995    0.21100001
1996    0.822
1997    0.402
1998    0.87700003
1999    -0.16199994
2000    2.5640001
2001    -0.06499994
2002    0.34600008
2003    0.41300002
2004    0.30100003
2005    0.41000003
2006    0.60300004
2007    -2.337
2008    -1.188
2009    0.712
2010    0.88900006
2011    0.698
2012    -0.075999975
2013    0.36
2014    2.1420002
2015    -1.637
2016    0.41900003
2017    1.001
2018    -0.696
2019    -4.293
2020    -12.82
2021    0.577
2022    -20.822
2023    -0.36799997
2024    0.349
2025    -2.84
2026    -3.4559999
2027    -1.586
2028    -6.519
2029    -279.197
2030    0.29500002
2031    0.601
2032    0.60300004
2033    -0.52099997
2034    0.497
2035    0.49300003
2036    -2.026
2037    0.275
2038    0.33100003
2039    -1.4219999
2040    -1.424
2041    0.47500002
2042    -0.491
2043    -1.9829999
2044    0.48600003
2045    -1.1949999
2046    0.46500003
2047    -3.554
2048    -2.683
2049    -2.661
2050    -0.7909999
2051    -2.6
2052    -224.17499
2053    2.101
2054    -1.675
2055    -1.526
2056    -1.3699999
2057    -1.41
2058    -1.43
2059    -2.2259998
2060    -1.562
2061    -2.592
2062    -1.574
2063    -1.0699999
2064    -1.642
2065    -1.81
2066    -6.4969997
2067    -1.2549999
2068    -1.365
2069    -2.49
2070    -1.4419999
2071    -1.43
2072    -1.607
2073    -1.614
2074    -1.473
2075    -1.6259999
2076    -2.538
2077    -1.458
2078    -1.509
2079    -117.244995
2080    -1.584
2081    -1.492
2082    -1.589
2083    -1.464
2084    -1.095
2085    -1.558
2086    -1.3369999
2087    -1.493
2088    -1.2279999
2089    -1.181
2090    -1.5799999
2091    -1.4979999
2092    -1.356
2093    -1.3399999
2094    -1.341
2095    -1.21
2096    -2.0609999
2097    -1.069
2098    -1.352
2099    -1.1689999
2100    -1.434
2101    -3.564
2102    -2.544
2103    -1.2379999
2104    -2.539
2105    -1.643
2106    -205.855
2107    -1.653
2108    -1.262
2109    -1.1429999
2110    -1.3149999
2111    -1.525
2112    -1.4779999
2113    -2.564
2114    -1.085
2115    -0.548
2116    -1.3369999
2117    -2.426
2118    -1.742
2119    -1.447
2120    -4.857
2121    -1.551
2122    -1.581
2123    -1.582
2124    -1.52
2125    -1.443
2126    -1.489
2127    -1.453
2128    -1.31
2129    -1.5439999
2130    -3.031
2131    -2.2189999
2132    -1.53
2133    -1.18
2134    -1.562
2135    -0.90699995
2136    -1.679
2137    -1.4389999
2138    -3.5609999
2139    -1.637
2140    -6.561
2141    -1.51
2142    -2.424
2143    -1.0769999
2144    -0.8499999
2145    -2.455
2146    -2.723
2147    -4.766
2148    -1.3659999
2149    -1.647
2150    -1.4909999
2151    -3.398
2152    -3.486
2153    5.634001
2154    -3.459
2155    -2.424
2156    -1.45
2157    -2.488
2158    -2.523
2159    -1.141
2160    1.0
2161    -28.717
2162    -1.583
2163    -2.5609999
2164    -1.426
