0    -2.2859998
1    -1.3389999
2    -1.5129999
3    -1.1679999
4    -2.0579998
5    -1.3979999
6    -1.4129999
7    -0.8959999
8    -2.221
9    -1.944
10    -1.0489999
11    -0.5839999
12    -3.868
13    -1.686
14    -3.05
15    -1.6539998
16    -0.5419998
17    -1.1839998
18    -1.1629999
19    -1.1859999
20    -1.0379999
21    -1.1019999
22    -0.68299985
23    -1.254
24    -1.8839998
25    -1.0899999
26    -1.783
27    -1.783
28    -1.561
29    -1.561
30    -0.849
31    -0.849
32    -3.146
33    -3.146
34    -1.5649999
35    -1.5649999
36    -1.4539999
37    -1.657
38    -1.834
39    -1.3269999
40    -3.949
41    -0.9239998
42    -1.6589999
43    -1.0879999
44    -2.3909998
45    -1.5769999
46    -0.9599998
47    -0.9519999
48    -1.0679998
49    -1.9219999
50    -1.6769999
51    -1.67
52    -1.4799999
53    -1.681
54    -1.0559999
55    -1.553
56    -1.6459999
57    -3.9
58    -2.0349998
59    -1.2099999
60    -3.767
61    -1.747
62    -1.747
63    -1.8169999
64    -1.8169999
65    -1.4159999
66    -1.4159999
67    -1.622
68    -1.622
69    -1.782
70    -1.782
71    -1.3709999
72    -1.3709999
73    -0.385
74    -0.385
75    -1.5519999
76    -1.5519999
77    -3.4039998
78    -3.4039998
79    -1.586
80    -1.586
81    -1.3449999
82    -1.7149999
83    -1.1709999
84    -1.1709999
85    -1.7639999
86    -1.7639999
87    -3.514
88    -3.514
89    -1.614
90    -1.614
91    -0.7319999
92    -0.7319999
93    -1.466
94    -0.85599995
95    -1.43
96    -1.7709999
97    -1.537
98    0.018000126
99    -3.9099998
100    -1.2919999
101    -1.3289999
102    -0.99899983
103    -3.767
104    -2.3059998
105    -1.5559999
106    -1.931
107    -0.91999984
108    -2.593
109    -1.3
110    -3.5
111    -1.3349999
112    -1.6769999
113    -0.41699982
114    -0.41699982
115    -1.4129999
116    -1.318
117    -1.6199999
118    -3.764
119    -0.9929998
120    -1.4729999
121    1.9360001
122    -1.323
123    -1.1709999
124    3.918
125    -3.248
126    -1.3579999
127    -1.5229999
128    -1.517
129    -1.1049999
130    -1.3929999
131    -1.6019999
132    -1.54
133    -2.441
134    -1.208
135    -1.2179999
136    -0.9069998
137    -1.8029997
138    -1.5739999
139    -1.5949999
140    -1.698
141    -1.4799999
142    -1.1119999
143    4.797
144    -1.9549999
145    -1.6179999
146    -0.8269999
147    -2.235
148    -1.086
149    -1.1019999
150    -1.2149999
151    -1.2649999
152    -1.298
153    -1.3569999
154    -1.0769999
155    0.5560001
156    -0.07899988
157    -1.374
158    -1.7199998
159    -1.558
160    -1.7199999
161    -0.9069998
162    -1.6989999
163    -1.8909999
164    -3.251
165    -0.39199996
166    -1.433
167    -1.433
168    -1.5669999
169    -1.5669999
170    -1.4339999
171    -1.4339999
172    -1.4719999
173    -1.4719999
174    -0.6819999
175    -0.6819999
176    -1.4999999
177    -1.4999999
178    -1.1899999
179    -1.1899999
180    -1.0569999
181    -1.0569999
182    -2.336
183    -2.336
184    -5.921
185    -5.921
186    -2.589
187    -1.0739999
188    -1.4319999
189    6.46
190    2.2800002
191    -1.2499999
192    -1.364
193    -2.1859999
194    -1.0589999
195    -1.9779999
196    -1.5539999
197    -1.52
198    -3.3049998
199    -1.8629999
200    -1.1229999
201    -2.0149999
202    -2.212
203    -0.7679999
204    -0.6559999
205    -1.4129999
206    -1.4679999
207    -1.553
208    -1.704
209    -1.249
210    -1.346
211    -1.101
212    -5.6099997
213    -1.3039999
214    -0.85399985
215    0.76900005
216    -0.50699997
217    -1.3959999
218    -0.74
219    1.3360001
220    -0.645
221    -1.1889999
222    -1.1889999
223    -0.106999874
224    -0.106999874
225    10.433001
226    10.433001
227    -1.3039999
228    -1.3039999
229    0.47800004
230    0.47800004
231    -1.2629999
232    -1.0279999
233    -1.492
234    -1.6409999
235    -1.2989999
236    -1.4769999
237    -1.2139999
238    -1.9929998
239    -2.34
240    -1.4699999
241    -0.51899993
242    -0.76499987
243    -1.4729999
244    0.6710001
245    -1.936
246    -1.3549999
247    -1.0189999
248    -2.472
249    -1.5519999
250    -1.5519999
251    -1.2449999
252    1.3600001
253    1.8840001
254    1.0710001
255    1.128
256    1.7590001
257    -1.6819999
258    0.57900023
259    -1.397
260    -0.46099997
261    -1.805
262    -2.234
263    -2.041
264    -1.1639999
265    -1.4829999
266    -2.763
267    -2.573
268    -1.4059999
269    -1.0669999
270    -2.0419998
271    -1.4239999
272    -1.7299999
273    -1.7299999
274    -2.4039998
275    -2.4039998
276    -2.0159998
277    -2.0159998
278    -1.4159999
279    -1.4159999
280    -1.926
281    -1.926
282    -1.515
283    -1.515
284    -1.509
285    -1.509
286    -1.936
287    -1.936
288    -18.248
289    -18.247
290    -1.824
291    -1.824
292    -2.1069999
293    -1.987
294    -2.067
295    -1.787
296    -1.9879999
297    -4.349
298    -4.212
299    -4.17
300    -4.384
301    -4.302
302    -4.27
303    -5.206
304    -3.951
305    -4.075
306    -4.204
307    -5.333
308    -4.06
309    -4.267
310    -0.54499996
311    -1.4159999
312    -3.017
313    -3.6019998
314    -3.356
315    -3.3669999
316    -3.758
317    -3.4899998
318    -3.0549998
319    -3.021
320    -3.3179998
321    -2.215
322    -3.27
323    -3.402
324    -3.514
325    -3.451
326    -3.066
327    -3.3009999
328    -2.965
329    -2.5979998
330    -3.199
331    -3.2859998
332    -2.711
333    -2.985
334    -3.139
335    -2.886
336    -8.773
337    -2.1959999
338    -2.747
339    -7.677
340    -3.02
341    -2.5159998
342    -3.6239998
343    -2.4989998
344    -2.4359999
345    -2.257
346    -1.9949999
347    -3.017
348    -2.9239998
349    5.9750004
350    -7.236
351    -8.742
352    -7.972
353    -2.837
354    -3.0619998
355    -2.8479998
356    -7.9259996
357    -2.842
358    -2.195
359    -2.826
360    -2.938
361    -2.817
362    -3.093
363    -2.534
364    -2.738
365    -2.747
366    -2.8899999
367    -2.4229999
368    -39.48
369    -2.659
370    -2.7159998
371    -1.9309998
372    -2.636
373    -2.8569999
374    -2.1239998
375    -2.9959998
376    -3.0879998
377    -2.928
378    -2.2319999
379    -2.4859998
380    -3.152
381    -2.872
382    -1.5849998
383    -3.361
384    -2.975
385    -3.598
386    -3.263
387    -1.5559998
388    -3.2599998
389    -3.474
390    -2.8219998
391    -3.073
392    -3.389
393    -3.1729999
394    -2.837
395    -3.139
396    -2.6839998
397    -2.935
398    -3.304
399    -3.1409998
400    -3.093
401    -2.722
402    -3.1869998
403    -2.0049999
404    -1.9639997
405    -2.2849998
406    -1.6579998
407    -2.7689998
408    -2.3999999
409    -2.103
410    -2.6739998
411    -2.849
412    -4.318
413    -2.7649999
414    -2.8739998
415    -1.9719999
416    -8.168
417    -7.7559996
418    -1.4569998
419    -2.484
420    -1.6129999
421    1.2630005
422    -2.807
423    -2.455
424    -2.6109998
425    -1.7619998
426    -2.517
427    -2.9039998
428    -2.543
429    -0.5539999
430    -2.8089998
431    -1.9699998
432    -2.876
433    -1.8809998
434    -4.791
435    -2.9129999
436    -2.527
437    -2.3909998
438    -7.5579996
439    -2.6269999
440    -2.435
441    -2.4899998
442    -2.544
443    -2.1079998
444    -2.326
445    1.549
446    -2.925
447    -2.3899999
448    -2.452
449    -1.6389999
450    -1.6429999
451    -2.3289998
452    -2.337
453    -2.5479999
454    -2.11
455    -4.901
456    0.5480001
457    -1.9819999
458    -2.507
459    -2.658
460    -2.1609998
461    -3.0219998
462    -1.583
463    -1.9309998
464    -2.508
465    -4.4069996
466    -1.7649999
467    -2.162
468    -2.12
469    -2.2489998
470    -2.3539999
471    -2.304
472    -2.3739998
473    -1.9529998
474    -2.5389998
475    -2.3539999
476    -4.626
477    -2.968
478    -2.712
479    -2.077
480    -4.442
481    -2.58
482    -3.192
483    -10.26
484    -2.708
485    -2.222
486    -2.6339998
487    -2.225
488    -1.9979999
489    -2.951
490    -4.535
491    -2.096
492    -2.892
493    -2.4899998
494    -2.761
495    -2.5619998
496    -8.742
497    -2.586
498    -6.361
499    -2.287
500    -2.777
501    -1.994
502    -8.632
503    -2.011
504    -2.918
505    -8.941999
506    -2.681
507    -4.693
508    -1.8349998
509    -2.5589998
510    -2.7779999
511    -2.645
512    -2.61
513    -2.6009998
514    -2.646
515    -2.477
516    -2.557
517    -2.6369998
518    -2.4599998
519    -2.477
520    -3.087
521    -2.6369998
522    -2.786
523    -2.149
524    -2.564
525    -2.304
526    -3.5589998
527    -2.698
528    -2.3539999
529    -2.435
530    -2.198
531    -3.017
532    -2.728
533    -2.465
534    -2.3419998
535    -0.96000004
536    -2.0659997
537    -2.175
538    -2.0419998
539    -2.593
540    -3.1409998
541    -2.464
542    -2.0279999
543    -2.6539998
544    -2.4669998
545    -2.314
546    -2.804
547    -2.0689998
548    -3.197
549    -3.42
550    -2.472
551    -3.341
552    -3.78
553    -2.626
554    -2.531
555    -3.017
556    -2.5379999
557    -2.2849998
558    -14.999
559    -14.882
560    -14.798
561    -14.703
562    -14.886
563    -15.013
564    -14.007
565    -14.931
566    -13.966
567    -13.86
568    -3.681
569    -14.794
570    -13.764
571    -6.2089996
572    -6.204
573    -3.769
574    -3.573
575    -3.9499998
576    -4.127
577    -4.161
578    -4.316
579    -0.27799988
580    -3.789
581    -2.294
582    -3.8249998
583    -3.0709999
584    -3.297
585    -4.19
586    -3.5029998
587    -3.2069998
588    -2.77
589    -1.1909997
590    -2.987
591    -2.5679998
592    -2.6149998
593    -7.113
594    -1.642
595    -2.2389998
596    -2.235
597    -3.013
598    -3.013
599    -2.7229998
600    -2.2889998
601    -8.54
602    -2.5819998
603    -2.846
604    -2.8179998
605    -3.1809998
606    -1.9599998
607    -2.192
608    -2.2129998
609    -2.803
610    -6.665
611    -2.1939998
612    -2.849
613    -8.837
614    -3.132
615    -6.435
616    -2.9599998
617    -1.7789998
618    -4.05
619    -3.004
620    -3.183
621    -3.0429997
622    -3.199
623    -3.269
624    -4.315
625    -1.6569998
626    -3.342
627    -9.545
628    -2.774
629    -3.405
630    -2.939
631    -2.826
632    -2.9859998
633    -2.777
634    -2.7159998
635    -3.315
636    -2.942
637    -2.869
638    -2.4399998
639    -6.9729996
640    -2.6149998
641    -0.06799996
642    -2.2559998
643    -4.6879997
644    -9.148
645    4.928
646    -9.386
647    -2.6929998
648    -6.413
649    -6.72
650    -1.9879999
651    -3.0159998
652    -3.177
653    -2.53
654    -8.364
655    -2.3319998
656    -7.439
657    -34.15
658    -2.54
659    -2.791
660    -2.81
661    -2.5479999
662    -3.244
663    -1.619
664    -2.5289998
665    -2.3149998
666    -7.616
667    -2.6109998
668    -1.5929999
669    -2.7189999
670    -0.8109999
671    -2.556
672    -2.2329998
673    1.3820004
674    -8.872
675    -2.4269998
676    -2.5419998
677    -9.893
678    -2.2759998
679    -2.583
680    -2.8899999
681    -2.8449998
682    -4.222
683    -2.632
684    -2.4899998
685    -2.8639998
686    -1.7099998
687    -2.606
688    -2.4499998
689    -2.8179998
690    -1.8619998
691    -2.7659998
692    -1.7329998
693    -2.7289999
694    -2.681
695    -2.099
696    -5.866
697    -2.4129999
698    -2.768
699    -3.6679997
700    -1.412
701    -2.3379998
702    -2.257
703    -2.715
704    -2.4819999
705    -2.6379998
706    -2.754
707    -2.4669998
708    -2.458
709    -2.675
710    -10.556
711    -3.047
712    -8.554
713    -2.794
714    -5.6759996
715    -0.82599974
716    -2.356
717    -2.3609998
718    -2.6899998
719    -2.7849998
720    -2.8579998
721    0.4510002
722    -2.0129998
723    -2.616
724    -2.8249998
725    -2.508
726    -1.4079998
727    -2.1729999
728    -2.485
729    -2.5379999
730    -2.544
731    -2.199
732    -2.5849998
733    -2.8249998
734    -7.21
735    -1.1389999
736    -2.8999999
737    -1.9849999
738    -2.6399999
739    -2.508
740    -2.574
741    -2.833
742    -2.8569999
743    -2.735
744    -1.7289999
745    -2.156
746    -2.652
747    -2.373
748    -1.8859999
749    -2.6699998
750    -1.4779999
751    -2.909
752    -2.1069999
753    -2.3579998
754    -2.9559999
755    -2.214
756    -2.4469998
757    -6.663
758    -3.007
759    -2.649
760    -2.7889998
761    -0.8589997
762    -8.0789995
763    -3.2529998
764    -2.8669999
765    -2.5219998
766    -8.029
767    -2.8899999
768    -7.5769997
769    -3.429
770    -2.83
771    -2.7329998
772    -2.4209998
773    -2.3379998
774    -1.9159999
775    -2.6269999
776    -2.027
777    -2.579
778    -2.717
779    -2.6409998
780    -2.951
781    -2.5129998
782    -2.57
783    -2.5719998
784    -1.9829998
785    -2.2829998
786    -1.1879997
787    -2.4699998
788    -1.9929998
789    -2.054
790    -2.6309998
791    -8.344999
792    -2.2039998
793    -2.2959998
794    -2.1539998
795    -1.1709998
796    -2.842
797    -2.612
798    -2.6039999
799    -3.0299997
800    -2.0189998
801    -2.8539999
802    -2.5129998
803    -2.9169998
804    -2.8869998
805    -2.491
806    -2.8119998
807    -0.43999958
808    -3.1799998
809    -2.6739998
810    -5.219
811    -2.6269999
812    -2.6369998
813    -2.8709998
814    -2.257
815    -3.097
816    -2.2549999
817    -2.0679998
818    -1.4459999
819    -2.159
820    -2.77
821    -2.5689998
822    -1.9139998
823    -2.337
824    -1.6179998
825    -2.37
826    -2.254
827    -2.3709998
828    -2.5259998
829    -1.6499999
830    -10.039
831    -2.208
832    -2.531
833    -2.681
834    -8.671
835    -2.625
836    -4.5389996
837    -2.518
838    -2.257
839    3.2070003
840    -9.507999
841    -11.902
842    -8.539
843    -10.439
844    -9.174
845    -2.771
846    -11.5
847    -9.804
848    -11.505
849    -3.047
850    -8.8619995
851    -6.668
852    -7.0649996
853    -2.4239998
854    -9.481
855    -1.3109999
856    -8.902
857    -7.3479996
858    -1.8909998
859    -9.502
860    -2.6409998
861    -12.901
862    -8.9279995
863    -2.2399998
864    -6.113
865    2.2240002
866    -5.505
867    1.8780001
868    1.5220001
869    -2.146
870    -2.284
871    -2.672
872    -1.5529997
873    -11.232
874    -1.994
875    -2.3049998
876    -2.3219998
877    -2.533
878    -2.9469998
879    -2.327
880    -2.406
881    -2.011
882    -2.1829998
883    -2.0649998
884    -11.719999
885    -3.5549998
886    -2.916
887    -3.136
888    -8.427
889    -13.246
890    -2.518
891    -9.826
892    -2.543
893    -2.1409998
894    -40.345
895    -40.309
896    -40.26
897    -25.536
898    -40.318
899    -40.327
900    -40.388
901    -10.739
