0    -29.679
1    -29.629
2    -29.68
3    -29.668999
4    -29.608
5    -29.654
6    -29.622
7    -29.647999
8    -29.629
9    -29.632
10    -29.684
11    -29.638
12    -29.668999
13    -29.612999
14    -29.672
15    -29.631
16    -29.597
17    -29.661
18    -29.655998
19    -29.682999
20    -29.658
21    -29.609
22    -29.639
23    -29.617
24    -29.652
25    -29.671
26    -29.61
27    -29.647
28    -29.665
29    -29.55
30    -29.666
31    -29.674
32    -16.751999
33    -16.734
34    -16.764
35    -16.765
36    -16.735
37    -16.775
38    -16.751999
39    -16.722
40    -16.741
41    -16.758999
42    -10.282
43    -11.532
44    -10.906
45    -9.725
46    -9.933
47    -9.826
48    -9.382
49    -10.578
50    -9.68
51    -9.985
