0    1.697
1    1.15
2    1.106
3    1.193
4    0.52500004
5    1.232
6    1.172
7    0.98600006
8    0.72800004
9    -0.31899995
10    -0.58799994
11    -0.92499995
12    -7.671
13    -7.64
14    -10.209
15    -7.575
16    -10.74
17    -9.749
18    -8.771
19    -10.74
20    -9.542
21    -7.164
22    -7.772
23    -7.798
24    -5.14
25    -10.628
26    -10.613
27    -7.134
28    -10.684999
29    -8.735
30    -5.076
31    -5.038
32    -9.603
33    -7.1019998
34    -7.125
35    -7.041
36    -5.007
37    -7.125
38    -6.1
