0    2.166
1    0.07400012
2    0.523
3    1.4350001
4    1.873
5    -1.578
6    2.154
7    1.727
8    2.632
9    42.462
10    -4.611
11    5.9490004
12    3.6750002
13    2.4480002
14    1.835
15    0.791
16    -2.9499998
17    1.767
18    -1.9
19    -0.64
20    2.0540001
21    0.2800002
22    2.3200002
23    1.569
24    1.659
25    -3.735
26    -9.055
27    -4.684
28    -8.032
29    1.4580001
30    -0.28299975
31    6.9110003
32    -11.013
33    -35.511
34    -5.6549997
35    -3.748
36    -0.36099982
37    -9.007
38    -6.668
39    -0.38699996
40    -1.124
41    -5.628
42    -3.553
43    -1.0309999
44    3.33
45    -2.471
46    1.797
47    -0.41699994
48    1.6930001
49    0.065999985
50    1.791
51    -4.4919996
52    0.22500014
53    0.80500007
54    -0.23799992
55    -0.778
56    -5.023
57    1.7
58    12.623
59    -3.17
60    2.594
61    -6.631
62    -2.4169998
63    1.7030001
64    -0.33299994
65    1.636
66    -0.019999862
67    -3.307
68    -3.4989998
69    1.734
70    -2.21
71    -5.4259996
72    1.426
73    7.216
74    -6.6419997
75    2.0000002
76    -0.875
77    2.844
78    -1.53
79    1.5120001
80    -0.673
81    2.732
82    2.032
83    1.615
84    -2.1799998
85    -6.608
86    -7.402
87    -6.5369997
88    -1.7559999
89    2.4110003
90    -2.2199998
91    -5.5429997
92    -6.472
93    -7.868
94    -2.1799998
95    1.4020001
96    -7.411
97    0.46400023
98    0.023000002
99    0.45800018
100    0.99200004
101    -1.0519999
102    1.378
103    1.94
104    2.4120002
105    1.8660002
106    2.45
107    2.124
108    -4.784
109    -5.0439997
110    -7.59
111    0.97300005
112    -2.2269998
113    -5.1359997
114    -9.648
115    1.6400001
116    5.478
117    0.855
118    1.905
119    1.8870001
120    1.583
121    -4.653
122    3.3000002
123    2.389
124    -6.5369997
125    -2.8379998
126    -7.942
127    -8.9939995
128    -2.8909998
129    -1.0519999
130    -2.9369998
131    -2.6929998
132    -3.366
133    -2.6379998
134    -7.71
135    -1.5709999
136    -4.67
137    -1.1989999
138    -0.9859998
139    -20.52
140    1.003
141    -3.6729999
142    -1.928
143    -1.3429999
144    -2.3059998
145    -11.26
146    3.0
147    -12.983
148    -0.27499986
149    1.776
150    2.184
151    -4.1549997
152    -9.157
153    2.624
154    -14.039
155    -9.931999
156    -4.112
157    -0.35599995
158    -3.5879998
159    -8.535999
160    0.84700006
161    -8.097
162    2.413
163    2.9640002
164    -7.7269998
165    -3.126
166    -1.7229998
167    0.70800006
168    -1.8649998
169    -7.41
170    3.503
171    -5.897
172    -5.049
173    4.5740004
174    -5.1829996
175    0.5380001
176    1.803
177    5.323
178    -8.62
179    -7.989
180    -1.75
181    -1.7709999
182    -1.9109999
183    -13.943
184    -1.7529999
185    -24.81
186    -8.702
187    -7.359
188    -2.5019999
189    -2.0679998
190    -1.7279999
191    -6.053
192    -3.353
193    -6.646
194    -5.8079996
195    -4.9709997
196    -3.282
197    -2.9359999
198    -4.4189997
199    -6.115
200    -5.6949997
201    -3.058
202    -7.039
203    -6.748
204    -4.979
205    -5.069
206    3.0340004
207    -5.797
208    -8.955999
209    -4.083
210    -2.644
211    -6.8989997
212    -0.571
213    -5.582
214    -6.307
215    -1.1689999
216    -9.223
217    -8.1
218    -6.401
219    -3.295
220    -6.081
221    -5.088
222    -0.911
223    -7.0769997
224    -6.569
225    -30.624
226    -26.987
227    -7.869
228    -17.833
229    -2.3909998
230    -5.138
231    -5.1879997
232    -6.694
233    -11.024
234    -2.1019998
235    -9.41
236    1.113
237    -3.099
238    -5.31
239    -1.7609999
240    -2.343
241    -1.943
242    -6.951
243    -10.427
244    -7.407
245    -8.19
246    -10.521
247    -19.223
248    -3.044
249    -9.419
250    -2.008
251    -18.592
252    -16.369
253    -0.02699995
254    -1.7559999
255    -1.9389999
256    -2.323
257    -2.6339998
258    -7.041
259    1.638
260    -4.154
261    -4.573
262    -0.6309999
263    -4.17
264    1.0160003
265    -2.697
266    -2.885
267    -15.445
268    -12.823
269    -18.448
270    -8.953
271    -15.301
272    -4.22
273    -15.67
274    -18.761
275    -17.739
276    -14.656
277    -0.908
278    -0.112999916
279    -3.829
280    -2.9169998
281    -1.887
282    -3.685
283    -6.613
284    -1.98
285    -5.645
286    -0.32799995
