0    -4.184
1    -6.243
2    -5.408
3    -6.23
4    -6.217
5    -6.244
6    -6.237
7    -3.215
8    -6.222
9    -3.309
10    -6.231
11    -3.303
12    -6.138
13    -3.591
14    -3.262
15    -9.654
16    -9.000999
17    -7.178
18    -3.511
19    -6.202
20    -9.249
21    -3.013
22    -7.032
23    -9.946
24    -11.953
25    -3.282
26    -10.101
27    -7.421
28    -2.797
29    -7.194
30    -3.105
31    -9.88
32    -4.907
33    -9.105
34    -3.7989998
35    -4.073
36    -5.542
37    -11.536
38    -10.462
39    -3.281
40    -5.032
41    -3.273
42    -3.132
43    -13.437
44    -3.15
45    -2.9429998
46    -3.34
47    -2.492
48    -3.439
49    -2.958
50    -3.542
51    -3.543
52    -3.396
53    -5.4709997
54    -5.0959997
55    -3.2259998
56    -5.282
57    -5.439
58    -5.083
59    -3.405
60    -3.137
61    -3.381
62    -5.157
63    -42.967
64    -9.307
65    -5.106
66    -5.068
67    -12.191
68    -5.087
69    -5.22
70    -12.218
71    -5.907
72    -4.356
73    -5.916
74    -5.088
75    -2.54
76    -2.202
77    -1.4669999
78    -2.302
79    -5.321
80    -2.506
81    -5.316
82    -1.916
83    -5.861
84    -5.1619997
85    -5.32
86    -5.106
87    -5.408
88    -5.519
89    -5.15
90    -1.0669999
91    -0.979
92    -6.93
93    -1.0519999
94    -5.454
95    -7.229
96    -13.767
97    -13.827
98    -12.546
99    -13.703
100    -13.586
101    -5.038
102    -16.985
103    -13.493
104    -9.54
105    -16.334
106    -7.298
107    -6.884
108    -10.029
109    -12.402
110    -4.173
111    -7.292
112    -3.925
113    -7.434
114    -9.394
115    -7.0699997
116    -16.098
117    -9.41
118    -7.531
119    -7.011
120    -7.355
121    -7.316
122    -7.271
123    -7.268
124    -7.371
125    -10.072
126    -9.932
127    -7.39
128    -3.847
129    -6.749
130    -9.979
131    -7.16
132    -7.3719997
133    -6.894
134    -9.475
135    -16.966
136    -3.761
137    -4.148
138    -7.147
139    -6.238
140    -17.289
141    -7.1289997
142    -20.898
143    -16.413
144    -16.982
145    -20.198
146    -18.762
147    -16.792
148    -20.1
149    -14.207
150    -14.464
151    -21.355
152    -13.414
153    -0.93799996
154    -14.536
155    -14.056
156    -10.444
157    -12.28
158    -15.023
159    -13.25
160    -12.407
161    -7.213
162    -12.17
163    -12.217
164    -15.932
165    -11.391
166    -9.968
167    -16.371
168    -7.425
169    -10.324
170    -16.247
171    -14.183
172    -15.946
173    -7.027
174    -12.338
175    -16.061
176    -14.005
177    -7.513
178    -12.108
179    -10.476
180    -12.286
181    -7.0559998
182    -6.9189997
183    -16.063
184    -44.739
185    -81.126
186    -12.361
187    -51.094
188    -11.944
189    -51.005
190    -49.968
191    -50.773
192    -50.58
193    -12.007
194    -9.857
195    -18.04
196    -18.343
197    -12.495
198    -18.29
199    -10.148
200    -8.212
201    -11.416
202    -13.554
203    -10.45
204    -6.136
205    -11.28
206    -21.285
207    -18.488
208    -19.996
209    -13.279
210    -12.556
211    -9.698999
212    -9.698999
213    -7.517
214    -10.538
215    -9.371
216    -10.409
217    -18.331
218    -21.055
219    -18.344
220    -18.309
221    -18.113
222    -12.008
223    -10.026
224    -11.243
225    -12.249
226    -10.073
227    -3.1859999
228    -4.445
229    -4.574
230    -2.974
231    -4.403
232    -18.348999
233    -17.955
234    -18.207
235    -19.815
236    -18.109
237    -14.275
238    -13.921
239    -13.548
240    -14.532
241    -14.308
242    -11.188
243    -13.74
244    -13.286
245    -14.488
246    -13.974
247    -16.497
248    -9.9
249    -14.483
250    -14.187
251    -14.157
252    -16.443
253    -18.04
254    -16.372
255    -16.088
256    -16.328
257    -11.83
258    -12.531
259    -13.316999
260    -11.248
261    -13.499
262    -16.355999
263    -20.193
264    -8.547
265    -11.097
266    -7.401
267    -6.81
268    -6.81
269    -5.245
270    -7.66
271    -13.697
272    -7.547
273    -7.554
274    -10.577
275    -10.301
276    -18.325
277    -10.552
278    -13.133
279    -13.116
280    -10.098
281    -11.032
282    -12.953
283    -10.385
284    -13.541
285    -18.244
286    -11.599
287    -12.339
288    -12.361
289    -8.722
290    -14.026
291    -10.382
292    -10.162
293    -10.39
294    -12.472
295    -17.221
296    -14.979
297    -10.038
298    -14.485
299    -11.264
300    -9.704
301    -10.736
302    -11.208
303    -7.124
304    -13.456
305    -8.407
306    -10.523
307    -9.406
308    -10.161
309    -10.342
310    -9.262
311    -7.448
312    -7.452
313    -9.623
314    -6.449
315    -15.750999
316    -10.779
317    -7.396
318    -9.169
319    -12.233
320    -12.684
321    -14.203
322    -10.343
323    -10.4
324    -9.829
325    -9.415
326    -12.271
327    -11.343
328    -7.369
329    -11.802
330    -15.371
331    -17.065
332    -9.934999
333    -12.476
334    -10.349
335    -11.239
336    -7.139
337    -10.502
338    -10.108
339    -12.314
340    -11.311
341    -19.399
342    -8.936
343    -17.715
344    -10.35
345    -10.729
346    -10.231
347    -12.421
348    -14.261
349    -11.201
350    -8.2369995
351    -10.121
352    -11.938
353    -13.756
354    -16.362
355    -17.78
356    -9.95
357    -9.34
358    -9.009
359    -10.071
360    -10.5529995
361    -9.292
362    -7.067
363    -11.2039995
364    -12.51
365    -20.386
366    -12.489
367    -8.4
368    -11.289
369    -10.107
370    -10.184
371    -8.655
372    -10.154
373    -7.282
374    -12.154
375    -18.12
376    -12.739
377    -10.199
378    -12.993
379    -10.326
380    -9.945
381    -13.341
382    -10.264
383    -10.338
384    -16.029
385    -12.45
386    -13.621
387    -10.125
388    -3.995
389    -11.784
390    -12.213
391    -11.743
392    -9.136
393    -5.4379997
394    -9.561
395    -12.848
396    -10.104
397    -11.407
398    -10.242
399    -9.482
400    -7.934
401    -11.848
402    -13.445
403    -10.495
404    -9.554
405    -10.14
406    -13.355
407    -12.275
408    -10.43
409    -12.076
410    -11.392
411    -13.986
412    -9.985
413    -12.717
414    -11.437
415    -11.094
416    -8.889
417    -9.199
418    -10.315
419    -10.456
420    -11.9279995
421    -13.306
422    -11.691999
423    -9.214
424    -19.09
425    -8.447
426    -13.379
427    -13.235
428    -10.945
429    -14.046
430    -9.764
431    -10.221
432    -10.314
433    -12.233
434    -13.016
435    -9.265
436    -12.213
437    -14.308
438    -12.114
439    -9.978
440    -9.839
441    -9.507
442    -12.427
443    -7.915
444    -11.157
445    -10.326
446    -11.859
447    -10.968
448    -10.34
449    -13.268
450    -9.759
451    -12.118
452    -7.913
453    -10.728
454    -20.131
455    -9.182
456    -10.639
457    -9.73
458    -10.364
459    -12.934
460    -13.347
461    -12.068
462    -10.441
463    -10.24
464    -7.9779997
465    -13.234
466    -12.431
467    -10.223
468    -9.814
469    -11.253
470    -11.077
471    -11.978
472    -2.217
473    -10.531
474    -7.374
475    -5.387
476    -10.522
477    -10.111
478    -12.668
479    -12.074
480    -10.529
481    -9.375999
482    -11.933
483    -9.247
484    -10.712
485    -10.14
486    -7.909
487    -10.495
488    -12.417
489    -13.000999
490    -10.29
491    -15.397
492    -10.479
493    -7.919
494    -10.563
495    -10.429
496    -10.343
497    -14.332
498    -9.555
499    -11.946
500    -9.014
501    -9.637
502    -12.209
503    -8.528
504    -10.297
505    -9.496
506    -10.479
507    -4.241
508    1.631
509    -4.738
510    -14.284
511    -9.366
512    -8.118
513    -13.348
514    -9.250999
515    -10.433
516    -12.2039995
517    -10.125
518    1.8280001
519    -11.14
520    -12.352
521    -12.72
522    -14.301
523    -10.368
524    -13.3029995
525    -12.55
526    -13.306
527    -10.326
528    -10.291
529    -10.344
530    -10.249
531    -14.526
532    -10.391
533    -14.53
534    -4.246
535    -9.0
536    -10.174
537    -12.197
538    -10.208
539    -10.421
540    -12.577
541    -10.575
542    1.346
543    -10.581
544    -11.463
545    -10.45
546    -17.382
547    -10.269
548    -10.077
549    -11.251
550    -15.269
551    -10.364
552    -13.081
553    -10.128
554    -12.116
555    -10.23
556    -14.166
557    -4.242
558    -12.735
559    -11.313
560    -10.275
561    -13.5789995
562    -14.041
563    -9.958
564    -12.254
565    -5.2699995
566    -4.6809998
567    -10.05
568    -10.383
569    -9.686
570    -10.524
571    2.278
572    -10.088
573    -13.201
574    -8.916
575    -8.916
576    -14.453
577    -8.331
578    -7.278
