0    -6.65
1    -5.627
2    -5.864
3    -6.166
4    -9.323
5    -6.354
6    -6.099
7    -6.152
8    -2.2929997
9    -6.202
10    -4.31
11    -6.1809998
12    -3.575
13    -5.675
14    -2.9699998
15    -3.439
16    -9.814
17    -3.4229999
18    -6.356
19    -9.205
20    -5.035
21    -7.292
22    -10.013
23    -2.804
24    -6.413
25    -10.243
26    -10.201
27    -3.209
28    -10.295
29    -7.423
30    -3.2549999
31    -7.211
32    -3.431
33    -9.216
34    -3.907
35    -9.344
36    -6.065
37    -3.15
38    -3.337
39    -11.275
40    -10.35
41    -3.283
42    -3.238
43    -3.3009999
44    -2.942
45    -9.588
46    -3.018
47    -3.453
48    -3.296
49    -6.4639997
50    -2.7069998
51    -3.29
52    -3.346
53    -3.194
54    -3.211
55    -9.301
56    -5.239
57    -3.0479999
58    -5.525
59    -5.362
60    -4.962
61    -3.439
62    -2.1069999
63    -2.425
64    -5.2
65    -8.968
66    -8.875999
67    -4.2799997
68    -3.3439999
69    -12.147
70    -5.148
71    -4.88
72    -12.354
73    -5.178
74    -5.291
75    -4.887
76    -4.924
77    -2.258
78    -2.2059999
79    -1.4039999
80    -2.533
81    -8.426
82    -5.437
83    -1.8549999
84    -4.4309998
85    -4.863
86    -4.859
87    -4.93
88    -5.196
89    -4.665
90    -4.675
91    -4.694
92    -5.081
93    -1.079
94    -1.226
95    -6.279
96    -7.099
97    -7.024
98    -6.712
99    -14.038
100    -13.838
101    -13.891
102    -14.19
103    -16.042
104    -5.2139997
105    -16.081
106    -17.941
107    -10.002
108    -19.963
109    -7.208
110    -6.097
111    -9.296
112    -12.067
113    -6.031
114    -6.167
115    -7.417
116    -6.916
117    -7.4379997
118    -4.49
119    -16.302
120    -7.077
121    -10.198
122    -7.25
123    -7.1619997
124    -7.024
125    -6.771
126    -6.726
127    -6.738
128    -8.748
129    -10.276
130    -7.367
131    -3.844
132    -9.227
133    -9.947
134    -7.485
135    -7.111
136    -7.0559998
137    -8.192
138    -16.207
139    -7.444
140    -7.335
141    -3.885
142    -4.366
143    -15.855
144    -7.359
145    -20.032
146    -15.964
147    -21.088
148    -20.437
149    -18.632
150    -18.801
151    -19.99
152    -7.046
153    -14.126
154    -14.365
155    -21.663
156    -11.25
157    -3.933
158    -14.013
159    -14.405
160    -14.539
161    -10.114
162    -12.193
163    -14.519
164    -14.125
165    -12.548
166    -10.998
167    -10.76
168    -13.878
169    -11.9939995
170    -13.199
171    -10.01
172    -19.037
173    -8.36
174    -10.092
175    -14.143
176    -14.194
177    -19.057
178    -7.332
179    -12.4939995
180    -16.355
181    -13.939
182    -10.258
183    -15.48
184    -10.489
185    -12.228
186    -10.801
187    -10.243
188    -11.456
189    -46.074
190    -46.659
191    -13.42
192    -52.192
193    -12.753
194    -51.811
195    -51.949
196    -52.147
197    -50.274
198    -12.297
199    -9.193
200    -17.098
201    -17.886
202    -19.168
203    -12.288
204    -18.211
205    -7.505
206    -10.285
207    -12.375
208    -18.455
209    -10.155
210    -11.916
211    -9.457
212    -18.096
213    18.049002
214    -18.346
215    -12.37
216    -12.498
217    -12.516
218    -12.549
219    -10.837
220    -10.375
221    -17.928
222    -17.358
223    -20.421
224    -18.204
225    -18.204
226    -20.337
227    -4.588
228    -2.926
229    -3.1139998
230    -6.786
231    -4.3459997
232    -18.173
233    -21.104
234    -18.339
235    -18.363
236    -18.155
237    -18.121
238    -52.322998
239    -8.894
240    -16.3
241    -16.132
242    -16.105999
243    -16.169
244    -17.991
245    -20.138
246    -11.152
247    -8.397
248    -8.397
249    -8.216
250    -11.877
251    -6.652
252    -13.309
253    -6.55
254    -7.548
255    -11.389
256    -10.497
257    -13.85
258    -16.276
259    -10.318
260    -10.28
261    -4.35
262    -10.331
263    -14.885
264    -9.937
265    -12.364
266    -14.32
267    -12.13
268    -11.693
269    -11.97
270    -4.661
271    -10.168
272    -13.1779995
273    -13.275
274    -11.486
275    -15.139
276    -8.9
277    -14.431
278    -10.195
279    -10.016
280    -12.229
281    -8.044
282    -8.101
283    -13.298
284    -8.409
285    -9.704
286    -9.843
287    -9.408
288    -9.484
289    -9.254
290    -7.449
291    -7.446
292    -9.795
293    -5.837
294    -16.553
295    -10.84
296    -7.391
297    -10.21
298    -49.271
299    -13.0
300    -11.726
301    -10.157
302    -13.563
303    -8.438
304    -10.365
305    -10.233
306    -10.385
307    -7.378
308    -10.709
309    -16.304
310    -19.391
311    -9.279
312    -12.087
313    -9.934
314    -7.9969997
315    -7.134
316    -9.827
317    -13.357
318    -11.445
319    -10.593
320    -16.122
321    -11.102
322    -18.465
323    -12.979
324    -10.146
325    -9.998
326    -12.43
327    -10.535
328    -11.677
329    -9.235
330    -9.388
331    -12.111
332    -16.32
333    -16.378
334    -16.49
335    -10.025
336    -9.34
337    -9.815
338    -10.543
339    -10.539
340    -10.241
341    -10.354
342    -12.307
343    -17.85
344    -14.613
345    -12.319
346    -8.062
347    -10.432
348    -12.381
349    -10.2039995
350    -10.211
351    -10.471
352    -7.284
353    -14.114
354    -19.379
355    -11.323
356    -10.408
357    -14.095
358    -7.2269998
359    -10.539
360    -12.031
361    -10.398
362    -10.328
363    -16.007
364    -12.381
365    -16.017
366    -10.13
367    -3.998
368    -16.063
369    -10.871
370    -12.401
371    -10.059
372    -5.439
373    -10.262
374    -13.695
375    -11.549
376    -12.284
377    -9.38
378    -5.31
379    -8.968
380    -9.631
381    -12.055
382    -13.206
383    -10.393
384    -8.86
385    -10.262
386    -9.642
387    -10.299
388    -10.29
389    -10.805
390    -12.298
391    -15.87
392    -8.985
393    -10.426
394    -11.871
395    -9.581
396    -11.21
397    -10.295
398    -10.417
399    -10.718
400    -17.584
401    -10.575
402    -9.979
403    -9.815
404    -19.854
405    -10.031
406    -10.448
407    -12.009
408    -11.822
409    -12.457
410    -9.429
411    -7.981
412    -10.142
413    -15.483
414    -9.806
415    -11.408
416    -9.795
417    -14.617
418    -12.4869995
419    -8.69
420    -9.216
421    -9.998
422    -11.379
423    -7.906
424    -10.199
425    -10.029
426    -12.279
427    -15.436
428    -13.163
429    -11.999
430    -9.845
431    -11.246
432    -7.919
433    -10.727
434    -18.923
435    -10.412
436    -10.636
437    -9.728
438    -13.784
439    -10.224
440    -12.465
441    -12.944
442    -8.962
443    -12.398
444    -10.523
445    -14.37
446    -14.306
447    -10.35
448    -10.453
449    -12.59
450    -10.452
451    -10.326
452    -3.21
453    -10.977
454    -7.222
455    -5.395
456    -10.295
457    -13.451
458    -10.2369995
459    -10.081
460    -10.48
461    -9.882999
462    -15.566
463    -10.019
464    -10.154
465    -10.474
466    -7.925
467    -10.58
468    -12.555
469    -14.45
470    -9.195
471    -12.462
472    -10.1119995
473    -7.919
474    -10.387
475    -10.203
476    -14.005
477    -14.49
478    -9.2439995
479    -12.1779995
480    -10.306
481    -12.19
482    -9.449
483    -10.213
484    -9.778
485    -11.396
486    -4.242
487    1.631
488    -4.737
489    -13.28
490    -9.114
491    -13.291
492    -11.037
493    -12.32
494    -10.174
495    -10.544
496    -12.37
497    -9.875
498    1.8280001
499    -10.084
500    -10.149
501    -11.677
502    -13.991
503    -10.087
504    -13.3
505    -14.205
506    -13.304
507    -11.155
508    -11.392
509    -13.26
510    -10.224
511    -12.3689995
512    -11.686
513    -13.323
514    -4.234
515    -10.481
516    -9.748
517    -13.965
518    -12.462
519    -11.89
520    -10.314
521    1.346
522    -9.51
523    -10.6779995
524    -10.313
525    -13.948
526    -10.337
527    -9.902
528    -12.589
529    -12.407
530    -10.368
531    -10.423
532    -12.098
533    -10.276
534    -14.331
535    -10.297
536    -9.976
537    -9.704
538    -15.11
539    -13.852
540    -9.882999
541    -12.399
542    -10.424
543    -9.492
544    -11.316
545    -11.015
546    -10.299
547    2.278
548    -10.086
549    -7.232
550    -11.509
551    -14.407
552    -9.394
