0    76.884
1    11.806
2    -1.0009999
3    6.509
4    44.78
5    5.134
6    5.315
7    4.659
8    6.961
9    7.421
10    4.966
11    4.484
12    1.817
13    1.039
14    2.2610002
15    1.3160001
16    1.033
17    5.389
18    9.908
19    6.594
20    3.637
21    1.3610001
22    5.52
23    10.144
24    14.682
25    2.792
26    0.268
27    33.562
28    48.936
29    7.4700003
30    5.107
31    12.914
32    1.484
33    7.175
34    3.171
35    -0.28199995
36    2.5700002
37    1.868
38    -0.58799994
39    3.441
40    12.913
41    1.639
42    6.376
43    7.291
44    0.966
45    2.6290002
46    2.005
47    10.673
48    8.812
49    4.835
50    6.6330004
51    -3.019
52    4.8
53    10.71
54    1.192
55    2.414
56    36.101
57    -0.4469999
58    1.5460001
59    5.091
60    2.386
61    8.189
62    -0.16999996
63    8.172
64    0.91400003
65    0.74100006
66    1.6910001
67    5.929
68    7.3050003
69    3.3660002
70    7.639
71    1.588
72    11.017
73    1.1520001
74    11.651
75    12.147
76    17.364
77    2.5830002
78    4.257
79    9.913
80    15.747
81    8.799
82    9.587
83    2.082
84    3.8700001
85    6.7700005
86    3.934
87    2.671
88    1.067
89    8.706
90    13.68
91    4.209
92    2.856
93    7.981
94    2.8530002
95    7.793
96    3.285
97    3.062
98    1.1420001
99    3.532
100    0.43500006
101    3.924
102    7.042
103    6.887
104    2.319
105    0.54
106    1.391
107    17.683
108    3.9540002
109    8.063
110    1.3460001
111    2.388
112    5.6070004
113    1.915
114    2.2220001
115    0.62600005
116    9.899
117    5.018
118    4.7580004
119    6.499
120    5.434
121    3.0530002
122    3.231
123    2.349
124    5.477
125    3.934
126    4.673
127    11.587
128    1.8800001
129    4.229
130    1.6930001
131    3.7640002
132    13.117001
133    7.784
134    0.97900003
135    0.98100007
136    0.80500007
137    14.440001
138    7.42
139    3.44
140    1.7290001
141    25.128
142    2.7870002
143    12.354
144    6.476
145    17.447
146    5.308
147    1.5139999
148    0.731
149    0.5990001
150    9.759
151    13.321
152    7.651
153    17.84
154    13.751
155    3.604
156    6.727
157    4.09
158    6.258
159    2.514
160    2.475
161    -2.361
162    12.292
163    6.87
164    -1.356
165    -0.92999995
166    2.641
167    0.60800004
168    3.44
169    8.95
170    -0.02399993
171    0.8820001
172    -0.0069999695
173    3.9
174    3.708
175    1.6910001
176    7.076
177    -3.228
178    0.17500007
179    11.536
180    3.385
181    4.328
182    -2.5879998
183    1.7950001
184    5.855
185    4.67
186    5.826
187    8.152
188    17.061
189    5.862
190    21.9
191    0.76400006
192    13.499001
193    2.9120002
194    10.445
195    2.473
196    2.704
197    5.3450003
198    4.031
199    4.747
200    14.843
201    2.6620002
202    16.86
203    12.146
204    5.497
205    2.272
206    2.9510002
207    4.727
208    2.843
209    1.314
210    2.907
211    13.633
212    3.836
213    5.707
214    1.001
215    3.4770002
216    8.098
217    30.411
218    20.566
219    11.084
220    1.559
221    8.1380005
222    23.347
223    14.567
224    4.157
225    4.678
226    2.808
227    9.059
228    7.163
229    8.422
230    3.112
231    4.053
232    11.919001
233    5.891
234    12.399
235    11.061
236    3.6220002
237    23.362
238    25.894001
239    14.23
240    2.6
241    6.692
242    12.376
243    4.604
244    15.030001
245    6.71
246    3.6990001
247    21.351
248    11.31
249    6.7860003
250    2.613
251    -1.7329998
252    14.656
253    12.674
254    5.762
255    4.108
256    5.1540003
257    8.118
258    5.32
259    12.545
260    11.22
261    -0.42499995
262    2.683
263    5.7650003
264    11.112
265    8.161
266    -0.6759999
267    1.9860001
268    13.589001
269    2.924
270    8.094
271    10.222
272    6.375
273    17.706
274    15.555
275    48.475
276    28.51
277    18.607
278    5.063
279    24.577
280    39.643
281    23.664
282    2.059
