0    -1.916
1    -1.174
2    -1.283
3    2.0950003
4    2.3390002
5    -0.352
6    0.18900001
7    0.73600006
8    -0.53
9    -0.343
10    0.8130001
11    -0.14399993
12    0.3390001
13    0.5120001
14    -0.518
15    -0.43799996
16    -0.65999997
17    0.71800005
18    1.4580002
19    0.7420001
20    0.6270001
21    -0.32199997
22    0.13500011
23    0.3770001
24    -0.622
25    0.49000013
26    -0.47599995
27    0.411
28    -0.08799994
29    -0.554
30    -0.40099996
31    1.2250001
32    -0.58599997
33    0.3310001
34    -0.22699994
35    2.739
36    -0.21199995
37    -0.41499996
38    1.3960001
39    -0.42099994
40    -0.593
41    -0.60599995
42    -0.04699993
43    0.26900005
44    -0.46599996
45    0.73600006
46    2.6680002
47    -0.42799997
48    -0.047999978
49    0.0020000935
50    -0.08199996
51    -0.306
52    -0.501
53    0.33800006
54    0.1220001
55    -0.32099998
56    0.5730001
57    0.17200005
58    -0.035999954
59    0.92200005
60    0.8900001
61    1.6570001
62    -0.11599994
63    0.4410001
64    -0.48399997
65    0.605
66    -0.40899998
67    -0.58799994
68    5.6260004
69    0.043000102
70    1.0340002
71    0.24600005
72    -0.584
73    -0.463
74    6.155
75    1.227
76    -0.29299998
77    2.8140001
78    3.9320002
79    -0.654
80    -0.556
81    -0.04099995
82    -0.399
83    -0.691
84    -0.65199995
85    -0.36399996
86    -0.09099996
87    -0.38599998
88    -0.06799996
89    -0.613
90    -0.666
91    -0.26199996
92    1.056
93    -0.10199994
94    -0.15599996
95    2.048
96    -0.26
97    -0.25599998
98    -0.232
99    0.50900006
100    -0.07499993
101    5.511
102    -0.54499996
103    -0.06699997
104    -0.36799997
105    0.8980001
106    1.371
107    0.7110001
108    -0.35099995
109    -0.557
110    0.05000007
111    -0.48399997
112    0.91200006
113    -0.15899998
114    -0.37799996
115    -0.06499994
116    1.6340001
117    -0.29099995
118    -0.09099996
119    3.1670003
120    -0.109999955
121    -0.44299996
122    -0.31499994
123    1.092
124    7.505
125    -0.8549999
126    -1.448
127    -1.009
128    -0.89399993
129    -1.305
130    -1.114
131    -1.0539999
132    -0.11599994
133    -1.239
134    -1.535
135    -1.306
136    -0.76
137    -0.64399993
138    -0.946
139    0.523
140    0.29300022
141    -0.11799991
142    -0.6839999
143    -1.3039999
144    -1.1069999
145    -1.155
146    -1.094
147    -1.257
148    -0.6819999
149    0.5930002
150    -1.214
151    0.35500002
152    -1.434
153    0.7240002
154    0.25
155    -0.893
156    -0.14699996
157    -1.458
158    -1.525
159    -1.267
160    -1.292
161    -1.5469999
162    0.674
163    -0.89199996
164    -1.446
165    -1.157
166    -0.37399995
167    -0.798
168    2.0700002
169    -1.385
170    3.1360002
171    -1.03
172    0.66700006
173    -1.436
174    -1.566
175    -1.0189999
176    -1.509
177    -0.18799996
178    -0.66999996
179    -1.453
180    1.2810001
181    -0.86099994
182    -1.092
183    -1.16
184    -0.75699997
185    -4.358
186    -8.387
187    -4.396
188    -4.402
189    -4.386
190    -1.326
191    -0.2939999
192    -1.546
193    -1.464
194    2.2180004
195    -0.7659999
196    -1.117
197    0.22400022
198    3.5180001
199    1.4390001
200    -6.842
201    -6.454
202    -6.871
203    -6.5099998
204    -6.885
205    -6.984
206    -6.683
207    -6.916
208    -4.325
209    -6.7139997
210    -6.71
211    -5.977
212    -6.5769997
213    -6.817
214    -7.04
215    -13.3619995
216    -7.347
217    -5.367
218    -9.359
219    -4.364
220    -6.859
221    -4.486
222    -6.849
223    -6.5039997
224    -7.131
225    -6.691
226    -6.532
227    -6.963
228    -6.542
229    -6.998
230    -7.073
231    -6.558
232    -6.101
233    -6.9449997
234    -6.137
235    -6.862
236    -7.062
237    -6.72
238    -6.689
239    -6.654
240    -3.0719998
241    -5.23
242    -5.816
243    -5.507
244    -6.002
245    -33.12
246    -33.24
247    -33.031
248    -33.723
249    -32.089
250    -34.032
251    -32.896
252    -34.098
253    -31.818
254    -34.142
255    -33.142
256    -33.188
257    -32.91
258    -33.468
259    -32.381
260    -33.354
261    -33.076
262    -33.112
263    -31.79
264    -33.313
265    -33.258
266    -32.097
267    -32.603
268    -33.142
269    -34.063
270    -34.064
271    -34.021
272    -33.239
273    -33.105
274    -37.538
275    -10.061
276    -10.129
277    -7.243
278    -10.0789995
279    -53.253
280    -7.988
281    -9.195
282    -9.018
283    -9.027
284    -9.651
285    -9.781
286    -10.133
287    -58.284
288    -58.333
289    -58.304
290    -9.124
291    -10.114
292    -58.304
293    -10.139
294    -58.195
295    -84.529
296    -42.7
297    -42.886
298    -41.527
299    -42.227
300    -42.727
301    -40.333
302    -42.771
303    -42.464
304    -43.127
305    -33.043
306    -32.618
307    -33.218
308    -32.849
309    -32.885
310    -34.223
311    -32.723
312    -33.338
313    -31.782
314    -32.628
315    -32.996
316    -33.094
317    -33.015
318    -32.007
319    -32.602
320    -8.097
321    -10.129
322    -10.026
323    -10.085
324    -7.244
325    -53.163
326    -23.556
327    -10.056
328    -8.083
329    -7.762
330    -9.846
331    -53.57
332    -8.887
333    -7.2
334    -8.747
335    -33.053
336    -33.122
337    -33.263
338    -32.955
339    -33.224
340    -41.911
341    -41.473
342    -42.118
343    -41.554
344    -41.506
345    -41.805
346    -41.445
347    -41.685
348    -41.796
349    -41.338
350    -41.541
351    -41.143
352    -39.23
353    -41.262
354    -41.217
355    -41.655
356    -84.57
357    -41.59
358    -41.595
359    -85.478
360    -41.039
361    -41.646
362    -41.186
363    -41.322
364    -41.217
365    -41.295
366    -41.949
367    -40.989998
368    -39.009
369    -41.704
370    -9.082
371    -9.132
372    -7.057
373    -9.14
374    -8.11
375    -9.064
376    -6.364
377    -9.04
378    -9.108
379    -9.14
380    -7.157
381    -7.871
382    -57.088
383    -7.207
384    -6.314
385    -9.081
386    -3.88
387    -9.0529995
388    -6.31
389    -7.891
390    -41.057
391    -41.499
392    -85.579
393    -39.807
394    -41.693
395    -6.347
396    -8.02
397    -52.275
398    -8.005
399    -9.161
400    -6.842
401    -9.111
402    -7.924
403    -8.021
404    -9.114
405    -6.107
406    -9.088
407    -6.334
408    -7.104
409    -9.082
410    -9.142
411    -9.146
412    -7.482
413    -7.746
414    -7.635
415    -9.088
416    -2.4699998
417    -7.094
418    -7.1349998
419    -6.319
420    -6.295
421    -9.113
422    -8.226
423    -9.093
424    -52.588
425    -9.207
426    -8.582
427    -10.083
428    -8.085
429    -10.128
430    -32.299
431    -33.068
432    -34.097
433    -32.409
434    -34.096
435    -53.486
436    -11.103
437    -10.063
438    -53.381
439    -10.093
440    -7.238
441    -10.08
442    -10.108
443    -8.500999
444    -8.128
445    -10.144
446    -10.125
447    -7.2799997
448    -10.116
449    -9.127
450    -10.183
451    -8.137
452    -0.47699988
453    -7.219
454    -8.106
455    -10.102
456    -10.115
457    -7.597
458    -9.169
459    -7.157
460    -10.141
461    -10.19
462    -8.212
463    -8.127
464    -7.819
465    -34.065998
466    -33.752
467    -34.122
468    -34.415
469    -33.441
470    -33.983
471    -37.192
472    -34.141
473    -32.56
474    -33.714
475    -33.555
476    -37.304
477    -33.725998
478    -34.082
479    -33.385
480    -34.199
481    -33.64
482    -33.103
483    -33.297
484    -36.873
485    -34.347
486    -33.921
487    -37.315
488    -33.428
489    -33.271
490    -33.8
491    -34.38
492    -36.862
493    -34.118
494    -33.532
495    -34.197998
496    -37.154
497    -33.719
498    -34.168
499    -34.054
500    -33.058
501    -33.994
502    -33.932
503    -33.808
504    -34.012
505    -34.061
506    -33.763
507    -33.613
508    -34.141
509    -37.182
510    -31.943
511    -31.94
512    -31.957
513    -31.678
514    -31.694
515    -31.967
516    -31.888
517    -31.913
518    -31.483
519    -31.871
520    -31.961
521    -32.158
522    -31.466
523    -31.898
524    -32.004
525    -31.188
526    -31.751999
527    -32.15
528    -31.873
529    -31.869999
530    -27.225
531    -27.124
532    -27.485
533    -27.443
534    -27.192
535    -27.049
536    -26.931
537    -27.272
538    -26.838
539    -27.235
540    -27.215
541    -27.15
542    -26.973999
543    -27.163
544    -27.257
545    -32.268
546    -31.941
547    -32.205
548    -31.998
549    -32.09
550    -31.833
551    -35.216
552    -31.665
553    -31.973999
554    -32.027
555    -31.469
556    -32.133
557    -31.001
558    -32.585
559    -31.992
560    -31.97
561    -31.538
562    -31.987
563    -30.992
564    -31.364
565    -32.166
566    -31.999
567    -32.165
568    -31.441
569    -31.794
570    -32.13
571    -32.014
572    -32.264
573    -31.735
574    -32.18
575    -32.027
576    -31.937
577    -31.888
578    -31.929
579    -30.497
580    -27.256
581    -27.441
582    -27.537
583    -25.792
584    -27.353
585    -26.833
586    -27.221
587    -27.359
588    -27.182
589    -27.056
590    -31.791
591    -30.311
592    -31.823
593    -33.973
594    -31.973999
595    -32.105
596    -32.381
597    -31.645
598    -32.254
599    -31.93
600    -31.140999
601    -32.126
602    -32.206
603    -33.065
604    -31.957
605    -32.018
606    -31.928
607    -32.095
608    -32.093
609    -31.92
610    -30.537
611    -29.749
612    -30.076
613    -29.836
614    -33.069
615    -30.396
616    -30.463
617    -29.841
618    -30.552
619    -29.508
620    -27.571
621    -30.101
622    -30.204
623    -29.5
624    -33.309
625    -33.563
626    -30.139
627    -29.365
628    -33.179
629    -30.057
630    -30.447
631    -30.2
632    -30.23
633    -30.439
634    -17.966
635    -30.493
636    -30.119999
637    -28.899
638    -29.228
639    -29.564
640    -33.154
641    -29.612999
642    -29.876999
643    -27.163
644    -29.402
645    -30.244
646    -30.207
647    -29.968
648    -30.154
649    -30.221
650    -24.024
651    -30.185
652    -30.133
653    -32.936
654    -33.39
655    -29.314
656    -32.432
657    -36.171
658    -29.13
659    -26.445
660    -29.982
661    -29.623
662    -30.369
663    -26.824
664    -32.963
665    -38.143
666    -35.06
667    -34.937
668    -39.132
669    -33.866
670    0.66400003
671    0.832
672    1.1830001
673    0.633
674    0.569
675    0.656
676    0.832
677    0.684
678    0.919
679    0.83800006
680    0.69900006
681    0.657
682    0.66800004
683    0.64900005
684    0.93100005
685    -13.436
686    -12.999
687    -13.238
688    -13.203
689    -13.475
690    -13.461
691    -13.3289995
692    -11.953
693    -13.249
694    -13.29
695    -12.906
696    -13.473
697    -13.239
698    -13.227
699    -13.088
700    -11.667
701    -12.718
702    -12.919
703    -12.749
704    -12.541
705    -13.222
706    -13.177
707    -13.187
708    -12.919
709    -12.834
710    -13.623
711    -14.226
712    -13.033
713    -13.352
714    -13.559
715    -13.036
716    -13.499
717    -11.879
718    -13.353
719    -13.503
720    -12.965
721    -12.918
722    -13.403
723    -13.285
724    -13.025
725    -8.506
726    -8.562
727    -7.811
728    -8.584
729    -8.506
730    -27.264
731    -28.111
732    -28.480999
733    -27.161999
734    -28.209
735    -28.172
736    -28.148
737    22.312002
738    -27.055
739    -7.327
740    -27.375
741    -28.242
742    -28.282999
743    -28.031
744    -7.048
745    -13.51
746    -13.511
747    -13.1189995
748    -13.576
749    -12.708
750    -13.261
751    -13.138
752    -13.359
753    -12.378
754    -13.652
755    -12.285
756    -13.563
757    -13.115
758    -13.0789995
759    -13.396
760    -13.488
761    -13.32
762    -12.575
763    -13.564
764    -13.12
765    -13.1779995
766    -13.55
767    -13.304
768    -13.236
769    -13.473
770    -13.351
771    -13.561
772    -13.434999
773    -13.374
774    -12.545
775    -13.521
776    -13.198999
777    -13.54
778    -13.528
779    -13.409
780    -13.537
781    -13.622
782    -13.325
783    -12.842
784    -13.555
785    -13.014999
786    -28.123
787    -12.717
788    -27.71
789    -27.229
790    -12.364
791    -13.535
792    -27.822
793    -28.144
794    -13.106
795    -13.098
796    -13.281
797    -27.151
798    -28.152
799    -28.217
800    -13.336
801    -13.514
802    -13.316
803    -13.328
804    -13.309999
805    -13.191999
806    -13.336
807    -13.443
808    -13.413
809    -13.153
810    -13.135
811    -13.42
812    -13.313
813    -13.252
814    -13.035
815    -13.183
816    -13.388
817    -12.789
818    -13.513
819    -12.806
820    -8.554
821    -8.788
822    -8.788
823    -8.357
824    -7.83
825    -7.83
826    -8.53
827    -8.53
828    -8.332
829    -8.32
830    -8.802
831    -8.482
832    -8.694
833    -8.193
834    -7.7209997
835    -8.761
836    -8.634
837    -8.243
838    -13.129
839    -27.241
840    -12.844999
841    -12.832
842    -13.197
843    -13.464
844    -12.491
845    -13.2369995
846    -13.367
847    -13.44
848    -8.541
849    -8.188
850    -7.7609997
851    -8.724
852    -7.783
853    -8.175
854    -8.264
855    -7.767
856    -7.637
857    -8.479
858    -12.6779995
859    -11.344
860    -13.222
861    -14.331
862    -13.115
863    -13.257
864    -12.858
865    -13.027
866    -13.807
867    -13.6
868    -13.448999
869    -13.333
870    -13.333
871    -13.23
872    -13.23
873    -13.26
874    -13.159
875    -13.333
876    -13.205
877    -13.109
878    -13.161
879    -13.359
880    -13.198999
881    -12.816
882    -13.301
883    -13.381
884    -13.075
885    -12.979
886    -13.024
887    -13.094
888    -13.461
889    -13.469
890    -13.01
891    -13.205
892    -13.250999
893    -13.109
894    -13.312
895    -12.974
896    -13.148
897    -12.977
898    -13.227
899    -12.759
900    -13.448999
901    -13.271
902    -13.4869995
903    -13.007999
904    -13.509
905    -13.15
906    -12.38
907    -13.49
908    -13.466
909    -13.1189995
910    -13.373
911    -13.245
912    -13.516
913    -13.002
914    -13.356
915    -13.352
916    -13.092
917    -13.38
918    -13.37
919    -13.304
920    -13.371
921    -13.058
922    -13.507
923    -12.967
924    -13.445
925    -12.687
926    -13.437
927    -13.4
928    -13.319
929    -13.384
930    -12.632999
931    -13.587
932    -13.371
933    -13.344
934    -12.986
935    -13.478
936    -13.304
937    -13.488
938    -13.41
939    -13.17
940    -13.215
941    -11.962
942    -13.055
943    -13.434999
944    -12.829
945    -13.104
946    -12.938
947    -13.484
948    -13.281
949    -13.505
950    -13.277
951    -13.581
952    -12.722
953    -13.518
954    -13.16
955    -13.548
956    -13.583
957    -13.269
958    -13.289
959    -13.483
960    -13.368
961    -13.05
962    -10.657
963    -13.091
964    -13.2439995
965    -13.338
966    -13.197
967    -13.483
968    -13.286
969    -13.314
970    -13.239
971    -13.293
972    -13.17
973    -13.238
974    -12.253
975    -12.771999
976    -13.161
977    -13.338
978    -13.493
979    -12.842
980    -13.181
981    -13.228
982    -13.279
983    -12.982
984    -13.46
985    -13.572
986    -13.193
987    -13.393
988    -13.212
989    -12.903
990    -13.388
991    -13.294
992    -13.114
993    -13.36
994    -12.543
995    -13.563
996    -13.257999
997    -13.397
998    -13.032
999    -13.500999
1000    -13.214
1001    -13.325
1002    -13.405
1003    -13.046
1004    -13.09
1005    -13.17
1006    -12.957
1007    -13.222
1008    -13.065
1009    -12.899
1010    -13.144
1011    -13.355
1012    -13.029
1013    -13.184
1014    -12.475
1015    -12.825
1016    -12.7630005
1017    -12.766
1018    -13.12
1019    -12.866
1020    -13.131
1021    -12.892
1022    -13.154
1023    -12.795
1024    -13.125999
1025    -16.131
1026    -13.328
1027    -13.389
1028    -13.438
1029    -13.19
1030    -13.316999
1031    -13.314
1032    -12.697
1033    -12.687
1034    -12.967
1035    -13.485
1036    -12.916
1037    -13.019
1038    -13.201
1039    -13.005
1040    -13.022
1041    -13.006
1042    -12.916
1043    -12.937
1044    -12.366
1045    -13.052
1046    -13.264999
1047    -13.073
1048    -13.157
1049    -12.857
1050    -13.323
1051    -13.495
1052    -12.823
1053    -13.239
1054    -12.964
1055    -13.368
1056    -13.169
1057    -13.4869995
1058    -13.309
1059    -12.999
1060    -13.333
1061    -13.354
1062    -13.288
1063    -13.476
1064    -13.152
1065    -13.315
1066    -13.26
1067    -13.253
1068    -13.175
1069    -13.500999
1070    -13.3029995
1071    -13.252
1072    -13.242
1073    -13.201
1074    -12.753
1075    -13.207
1076    -12.357
1077    -12.889999
1078    -13.879
1079    -13.552
1080    -13.01
1081    -13.047
1082    -13.044
1083    -13.117
1084    -13.143
1085    -12.302
1086    -13.289
1087    -13.168
1088    -12.894
1089    -13.287
1090    -13.089
1091    -12.943
1092    -13.144
1093    -13.131
1094    -12.948999
1095    -12.771999
1096    -13.101
1097    -13.23
1098    -13.243
1099    -13.1
1100    -13.38
1101    -13.168
1102    -13.266
1103    -13.43
1104    -13.212
1105    -13.039
1106    -13.146
1107    -13.223
1108    -13.179
1109    -13.327
1110    -13.273
1111    -12.957
1112    -12.653999
1113    -12.745
1114    -13.409
1115    -12.843
1116    -13.483
1117    -13.395
1118    -13.334
1119    -12.851
1120    -13.137
1121    -13.271
1122    -13.375999
1123    -13.299
1124    -12.933
1125    -13.05
1126    -13.124
1127    -13.368
1128    -13.214
1129    -13.163
1130    -13.28
1131    -13.261
1132    -13.367
1133    -13.226
1134    -13.293
1135    -5.448
1136    -28.022
1137    -26.951
1138    -27.04
1139    -27.303
1140    -27.461
1141    -6.925
1142    -27.063
1143    20.166002
1144    -27.216
1145    -28.131
1146    -27.407999
1147    -28.078
1148    -27.457
1149    -27.314
1150    -28.344
1151    -27.971
1152    -27.605
1153    -28.187
1154    -28.23
1155    -27.837
1156    -5.318
1157    -7.104
1158    -28.089
1159    -75.789
1160    -28.154
1161    -26.408
1162    -27.051
1163    -27.279
1164    -27.456
1165    -28.454
1166    -28.015
1167    -27.336
1168    -26.913
1169    -27.63
1170    -6.991
1171    -28.124
1172    -28.302
1173    -28.098999
1174    -26.942
1175    -28.267
1176    -28.446
1177    -28.186
1178    -27.564
1179    -28.369999
1180    -12.847
1181    -12.99
1182    -13.034
1183    -13.127
1184    -13.241
1185    -13.264
1186    -13.385
1187    -13.135
1188    -13.163
1189    -13.004
1190    -12.769
1191    -13.2039995
1192    -13.417
1193    -13.278
1194    -13.527
1195    -13.259
1196    -12.091
1197    -13.289
1198    -13.189
1199    -12.989
1200    -12.982
1201    -13.076
1202    -12.414
1203    -13.349
1204    -12.957
1205    -12.967
1206    -13.017
1207    -13.086
1208    -13.247
1209    -13.201
1210    -13.004
1211    -13.24
1212    -13.218
1213    -13.189
1214    -13.316
1215    -13.034
1216    -13.076
1217    -13.295
1218    -13.273
1219    -12.975
1220    -13.149
1221    -13.229
1222    -13.559
1223    -13.114
1224    -13.807
1225    -13.4939995
1226    -13.246
1227    -13.444
1228    -12.965
1229    -12.847
1230    -13.246
1231    -13.425
1232    -13.109
1233    -13.338
1234    -13.08
1235    -13.21
1236    -13.11
1237    -13.232
1238    -13.264
1239    -13.51
1240    -13.452
1241    -13.352
1242    -12.775
1243    -12.281
1244    -13.155
1245    -13.41
1246    -13.006
1247    -13.088
1248    -11.999
1249    -13.397
1250    -13.172
1251    -13.047
1252    -13.342
1253    -12.891
1254    -13.506
1255    -13.391
1256    -13.161
1257    -13.327
1258    -13.322
1259    -13.2439995
1260    -13.443
1261    -12.786
1262    -12.684
1263    -13.359
1264    -13.367
1265    -12.863
1266    -12.934999
1267    -13.245
1268    -14.080999
1269    -13.374
1270    -13.335
1271    -13.345
1272    -12.896999
1273    -15.727
1274    -13.277
1275    -13.103
1276    -12.750999
1277    -12.106
1278    -13.498
1279    -13.102
1280    -13.436
1281    -13.242
1282    -13.217
1283    -13.086
1284    -13.346
1285    -13.138
1286    -13.2699995
1287    -13.106
1288    -13.446
1289    -12.799
1290    -13.077
1291    -13.065
1292    -13.066
1293    -13.287
1294    -13.482
1295    -13.34
1296    -13.443
1297    -13.404
1298    -13.456
1299    -12.658
1300    -13.169
1301    -13.306
1302    -13.221
1303    -13.055
1304    -13.137
1305    -13.29
1306    -13.363
1307    -13.036
1308    -13.047
1309    -13.172
1310    -13.218
1311    -13.203
1312    -13.421
1313    -13.288
1314    -13.188
1315    -12.822
1316    -13.137
1317    -13.215
1318    -13.293
1319    -13.125
1320    -13.080999
1321    -12.712
1322    -13.308
1323    -13.262
1324    -12.981
1325    -13.125999
1326    -13.19
1327    -13.433
1328    -13.273
1329    -13.511
1330    -12.617
1331    -13.532
1332    -13.445
1333    -13.2699995
1334    -13.427
1335    -12.866
1336    -12.983
1337    -13.392
1338    -13.191
1339    -13.147
1340    -28.254
1341    -28.213
1342    -27.465
1343    -27.126
1344    -28.177
1345    -28.125
1346    -5.2939997
1347    -26.993
1348    -27.275
1349    -27.66
1350    -27.294
1351    -8.445
1352    -28.114
1353    -28.553
1354    -28.057
1355    -28.249
1356    -28.105999
1357    -27.234
1358    -27.309
1359    -28.157
1360    -28.235
1361    -27.663
1362    -28.229
1363    -27.388
1364    -27.53
1365    -28.183
1366    -26.59
1367    -65.869
1368    -5.382
1369    -28.22
1370    -28.237999
1371    -27.063
1372    -28.038
1373    -2.659
1374    -27.531
1375    -28.211
1376    -28.198
1377    -27.428
1378    1.356
1379    -1.7609999
1380    -28.096
1381    -2.993
1382    -5.377
1383    -27.563
1384    -27.566
1385    -7.391
1386    -3.683
1387    -3.261
1388    -27.118
1389    -28.393
1390    -27.319
1391    -27.657
1392    -29.011
1393    -28.143
1394    -27.05
1395    -28.235
1396    -27.583
1397    -27.175
1398    -3.31
1399    -5.8599997
1400    -28.459
1401    -8.13
1402    20.774002
1403    -3.73
1404    -26.609
1405    -6.819
1406    -6.991
1407    -27.569
1408    -28.105
1409    -28.05
1410    -11.365
1411    -26.824
1412    -5.0579996
1413    -7.492
1414    -27.14
1415    -13.086
1416    -14.250999
1417    -13.075
1418    -13.213
1419    -13.399
1420    -13.498
1421    -12.671
1422    -13.312
1423    -13.1449995
1424    -13.184
1425    -13.524
1426    -12.973
1427    -13.058
1428    -11.854
1429    -13.331
1430    -12.11
1431    -13.221
1432    -13.036
1433    -12.578
1434    -13.513
1435    -13.198
1436    -13.257999
1437    -13.236
1438    -13.25
1439    -13.152
1440    -13.401
1441    -13.467
1442    -13.118
1443    -13.123
1444    -13.483
1445    -11.84
1446    -13.139
1447    -13.306
1448    -12.962999
1449    -12.853
1450    -13.407
1451    -13.443
1452    -13.212
1453    -13.291
1454    -13.344
1455    -13.288
1456    -13.57
1457    -13.206
1458    -12.907
1459    -13.393
1460    -13.318
1461    -13.168
1462    -13.451
1463    -13.36
1464    -13.334
1465    -13.493
1466    -13.282
1467    -13.372
1468    -13.343
1469    -13.066999
1470    -13.33
1471    -13.451
1472    -13.125999
1473    -13.295
1474    -13.485
1475    -13.467
1476    -13.250999
1477    -13.064
1478    -13.343
1479    -13.323999
1480    -13.396
1481    -13.406
1482    -12.864
1483    -13.171
1484    -13.2439995
1485    -13.416
1486    -13.316999
1487    -13.505
1488    -13.172
1489    -12.71
1490    -16.819
1491    -17.313
1492    -16.719
1493    -17.198
1494    -17.202
1495    -17.325
1496    -16.965
1497    -16.923
1498    -16.784
1499    -16.677
1500    -16.938
1501    -16.886
1502    -17.071
1503    -16.934
1504    -16.855999
1505    -17.186
1506    -17.16
1507    -16.769
1508    -17.02
1509    -17.248
1510    -17.065
1511    -16.903
1512    -16.393
1513    -16.912
1514    -16.854
1515    -16.980999
1516    -16.865
1517    -17.336
1518    -17.023
1519    -17.035
1520    -16.67
1521    -17.232
1522    -17.07
1523    -16.858
1524    -16.725
1525    -17.178
1526    -17.016
1527    -16.890999
1528    -16.64
1529    -17.249
1530    -17.243
1531    -17.173
1532    -17.296
1533    -17.33
1534    -17.098
1535    -17.235
1536    -17.308
1537    -17.091
1538    -16.986
1539    -17.22
1540    -16.945
1541    -17.18
1542    -16.85
1543    -16.915
1544    -17.023
1545    -16.929
1546    -17.098
1547    -17.296
1548    -16.607
1549    -17.082
1550    -16.654
1551    -17.453
1552    -16.508
1553    -16.936
1554    -16.994
1555    -17.281
1556    -17.341
1557    -16.972
1558    -17.369
1559    -17.098999
1560    -16.971
1561    -16.939
1562    -17.084
1563    -17.292
1564    -17.361
1565    -16.843
1566    -17.115
1567    -17.217
1568    -17.328
1569    -17.104
1570    -17.155
1571    -17.069
1572    -17.194
1573    -17.092
1574    -17.277
1575    -16.754
1576    -17.187
1577    -17.262
1578    -17.15
1579    -17.339
1580    -17.389
1581    -17.078
1582    -17.131
1583    -17.251
1584    -17.154
1585    -17.163
1586    -17.267
1587    -17.07
1588    -17.372
1589    -17.328
1590    -17.079
1591    -16.765999
1592    -17.28
1593    -17.216
1594    -12.926
1595    -17.338
1596    -16.984
1597    -17.352
1598    -16.598999
1599    -17.123
1600    -16.885
1601    -16.837
1602    -17.001
1603    -17.121
1604    -16.973999
1605    -17.312
1606    -17.08
1607    -17.008
1608    -17.309
1609    -17.039
1610    -17.737
1611    -16.603
1612    -17.251
1613    -17.132
1614    -16.811
1615    -17.147
1616    -16.925
1617    -17.076
1618    -17.177
1619    -17.156
1620    -16.955
1621    -16.27
1622    -17.114
1623    -17.361
1624    -16.553
1625    -16.897
1626    -17.211
1627    -16.973
1628    -16.996
1629    -17.103
1630    -17.137
1631    -17.012
1632    -15.811
1633    -16.886
1634    -16.351
1635    -16.996
1636    -11.823
1637    -16.69
1638    -11.695
1639    -17.042
1640    -16.987
1641    -17.022
1642    -16.352
1643    -13.915
1644    -16.976
1645    -16.985
1646    -17.14
1647    -17.232
1648    -17.24
1649    -17.223999
1650    -17.291
1651    -17.058
1652    -17.118
1653    -17.407
1654    -17.032999
1655    -2.617
1656    -2.508
1657    -2.8709998
1658    -2.826
1659    -2.909
1660    -2.718
1661    -2.4569998
1662    -2.965
1663    -2.683
1664    -2.9819999
1665    -2.455
1666    -2.8249998
1667    -2.736
1668    -2.6019998
1669    -2.598
1670    -2.949
1671    -2.7329998
1672    -2.32
1673    -2.998
1674    -2.7659998
1675    -2.642
1676    -2.879
1677    -2.741
1678    -2.806
1679    -2.488
1680    -2.659
1681    -3.658
1682    -2.6339998
1683    -2.564
1684    -2.649
1685    -2.52
1686    -2.716
1687    -2.817
1688    -2.7199998
1689    -1.882
1690    -2.9039998
1691    -2.933
1692    -2.399
1693    -2.5489998
1694    -10.248
1695    -10.856
1696    -11.283
1697    -9.687
1698    -10.638
1699    -11.26
1700    -11.003
1701    -10.984
1702    -10.828
1703    -10.981
1704    -11.948
1705    -12.205
1706    -12.175
1707    -12.071
1708    -12.199
1709    -12.348
1710    -11.295
1711    -11.307
1712    -12.069
1713    -10.771
1714    -12.068
1715    -11.479
1716    -12.403
1717    -11.096
1718    -10.97
1719    -12.295
1720    -11.117
1721    -11.335
1722    -11.17
1723    -11.793
1724    -12.191
1725    -12.055
1726    -12.2039995
1727    -10.941
1728    -12.173
1729    -10.832
1730    -10.586
1731    -11.181
1732    -11.998
1733    -11.03
1734    -11.429
1735    -8.469999
1736    -11.943
1737    -11.947
1738    -12.264
1739    -12.25
1740    -11.289
1741    -11.325
1742    -11.406
1743    -11.183
1744    -10.888
1745    -9.988
1746    -12.427
1747    -11.873
1748    -11.762
1749    -9.622
1750    -9.246
1751    -12.309999
1752    -12.096
1753    -8.669
1754    -11.035
1755    -11.37
1756    -12.164
1757    -6.9599996
1758    -10.41
1759    -12.156
1760    -11.416
1761    -12.193
1762    -11.343
1763    -10.099
1764    -12.285
1765    -11.983
1766    -11.127
1767    -11.386
1768    -5.5119996
1769    -11.764
1770    -12.465
1771    -10.958
1772    -10.857
1773    -11.32
1774    -10.984
1775    -10.193
1776    -11.225
1777    -10.082
1778    -12.214
1779    -11.24
1780    -12.283
1781    -11.873
1782    -12.179
1783    -11.45
1784    -11.035
1785    -12.45
1786    -10.645
1787    -10.719999
1788    -12.326
1789    -10.503
1790    -11.97
1791    -12.401
1792    -11.9279995
1793    -12.476
1794    -10.784
1795    -12.415
1796    -11.333
1797    -10.343
1798    -10.833
1799    -12.378
1800    -12.315
1801    -10.704
1802    -11.269
1803    -9.691999
1804    -11.611
1805    -10.631
1806    -12.416
1807    -12.299
1808    -11.085
1809    -10.66
1810    -12.122
1811    -12.408
1812    -11.923
1813    -9.343
1814    -9.361
1815    -10.59
1816    -12.182
1817    -11.614
1818    -11.4
1819    -11.322
1820    -11.378
1821    -11.429
1822    -10.841
1823    -11.238
1824    -11.165
1825    -10.958
1826    -11.233
1827    -10.933
1828    -12.187
1829    -8.748
1830    -11.381
1831    -10.839
1832    -12.477
1833    -11.741
1834    -10.407
1835    -11.581
1836    -10.12
1837    -12.028
1838    -11.078
1839    -10.797
1840    -12.299
1841    -10.761
1842    -11.677
1843    -10.954
1844    -11.445
1845    -11.368
1846    -12.515
1847    -10.813
1848    -11.49
1849    -12.241
1850    -11.469
1851    -12.308
1852    -10.714
1853    -10.786
1854    -10.748
1855    -12.139
1856    -10.988
1857    -11.135
1858    -11.388
1859    -10.227
1860    -10.959
1861    -10.483
1862    -11.836
1863    -9.864
1864    -10.892
1865    -11.422
1866    -11.623
1867    -10.37
1868    -12.217
1869    -11.479
1870    -11.891
1871    -11.742
1872    -11.024
1873    -11.6
1874    -11.628
1875    -9.995
1876    -12.344
1877    -9.616
1878    -10.9939995
1879    -10.437
1880    -9.924
1881    -11.097
1882    -11.65
1883    -11.426
1884    -12.202
1885    -11.526
1886    -10.698999
1887    -11.939
1888    -11.866
1889    -12.102
1890    -12.325
1891    -11.292
1892    -11.476
1893    -11.645
1894    -12.332
1895    -12.257
1896    -12.404
1897    -11.908
1898    -12.225
1899    -12.115
1900    -11.893
1901    -12.445
1902    -9.715
1903    -10.826
1904    -9.813
1905    -11.277
1906    -12.252
1907    -11.507999
1908    -11.358
1909    -11.528
1910    -10.444
1911    -10.293
1912    -11.3
1913    -11.861
1914    -11.611
1915    -12.01
1916    -11.4279995
1917    -10.721
1918    -10.778999
1919    -11.716
1920    -10.374
1921    -11.024
1922    -12.342
1923    -10.529
1924    -10.727
1925    -11.884
1926    -11.665
1927    -11.728
1928    -10.996
1929    -12.145
1930    -11.529
1931    -11.3689995
1932    -11.059999
1933    -12.442
1934    -11.952
1935    -12.153
1936    -11.324
1937    -12.039
1938    -11.243
1939    -12.697
1940    -12.398
1941    -11.719
1942    -12.599
1943    -12.399
1944    -11.287
1945    -11.648
1946    -12.38
1947    -12.047
1948    -9.111
1949    -12.164
1950    -10.969
1951    -11.499
1952    -11.406
1953    -11.139
1954    -8.976999
1955    -12.347
1956    -11.399
1957    -11.169
1958    -10.0199995
1959    -9.389
1960    -12.278
1961    -12.062
1962    -12.131
1963    -10.823999
1964    -12.147
1965    -11.431
1966    -11.884
1967    -11.401
1968    -11.338
1969    -10.906
1970    -11.691
1971    -11.611
1972    -11.634
1973    -11.905
1974    -10.769
1975    -11.664
1976    -12.029
1977    -11.241
1978    -12.17
1979    -12.194
1980    -12.285
1981    -12.22
1982    -12.446
1983    -12.543
1984    -12.275
1985    -11.996
1986    -11.078
1987    -11.464
1988    -12.523
1989    -12.107
1990    -7.026
1991    -10.705999
1992    -10.858
1993    -12.276
1994    -11.219
1995    -10.221
1996    -11.301
1997    -12.21
1998    -11.176
1999    -12.307
2000    -11.648
2001    -12.368
2002    -10.689
2003    -12.187
2004    -11.898
2005    -12.315
2006    -9.821
2007    -11.84
2008    -10.841
2009    -12.13
2010    -11.613
2011    -12.59
2012    -6.937
2013    -12.176
2014    -11.6119995
2015    -11.448
2016    -10.594
2017    -10.726
2018    -12.047
2019    -12.297
2020    -12.028
2021    -12.038
2022    -12.2369995
2023    -12.151
2024    -11.456
2025    -8.531
2026    -11.693
2027    -11.283
2028    -10.523
2029    -12.566
2030    -12.313
2031    -11.008
2032    -12.003
2033    -12.193
2034    -11.625
2035    -11.166
2036    -11.4279995
2037    -11.307
2038    -11.126
2039    -11.492
2040    -11.378
2041    -12.586
2042    -11.108
2043    -11.309
2044    -11.417
2045    -11.096
2046    -9.636
2047    -11.097
2048    -12.2439995
2049    -12.22
2050    -11.382
2051    -12.056
2052    -10.562
2053    -10.761
2054    -11.005
2055    -12.569
2056    -12.253
2057    -12.059
2058    -10.848
2059    -12.249
2060    -11.123
2061    -12.054
2062    -11.955
2063    -12.302
2064    -11.619
2065    -12.2039995
2066    -11.336
2067    -12.342
2068    -11.544
2069    -11.236
2070    -11.392
2071    -10.424
2072    -11.83
2073    -10.945
2074    -12.173
2075    -11.322
2076    -12.025
2077    -12.217
2078    -10.937
2079    -12.027
2080    -12.301
2081    -11.903
2082    -11.937
2083    -11.483
2084    -11.306
2085    -12.64
2086    -12.459
2087    -12.3029995
2088    -11.41
2089    -11.811
2090    -12.078
2091    -11.457
2092    -11.881
2093    -9.689
2094    -12.442
2095    -11.79
2096    -11.1119995
2097    -12.008
2098    -11.746
2099    -12.228
2100    -12.662
2101    -12.463
2102    -11.634
2103    -11.279
2104    -11.645
2105    -12.484
2106    -12.01
2107    -9.721
2108    -10.962
2109    -11.252
2110    -9.434
2111    -9.062
2112    -12.272
2113    -11.545
2114    -12.097
2115    -11.211
2116    -12.097
2117    -11.027
2118    -11.086
2119    -11.522
2120    -11.015
2121    -11.716
2122    -12.007
2123    -11.46
2124    -12.1779995
2125    -12.359
2126    -11.79
2127    -12.555
2128    -12.05
2129    -12.013
2130    -12.25
2131    -12.205
2132    -11.602
2133    -11.364
2134    -12.332
2135    -11.311
2136    -12.571
2137    -10.731
2138    -12.499
2139    -12.47
2140    -12.677
2141    -12.636
2142    -10.507999
2143    -11.299
2144    -11.684
2145    -12.212
2146    -9.214
2147    -12.141
2148    -11.277
2149    -12.227
2150    -11.316
2151    -11.241
2152    -12.175
2153    -12.041
2154    -12.103
2155    -12.546
2156    -11.224
2157    -11.614
2158    -12.085
2159    -11.014
2160    -12.288
2161    -12.636
2162    -12.532
2163    -11.684999
2164    -11.486
2165    -11.513
2166    -12.35
2167    -10.25
2168    -12.039
2169    -9.2
2170    -12.509
2171    -12.552
2172    -10.905
2173    -11.938
2174    -11.915
2175    -12.624
2176    -10.727
2177    -11.323
2178    -11.806
2179    -12.17
2180    -12.01
2181    -12.251
2182    -12.505
2183    -12.208
2184    -11.908
2185    -11.879
2186    -12.218
2187    -10.818
2188    -12.406
2189    -12.174
2190    -11.149
2191    -10.728
2192    -12.298
2193    -12.137
2194    -11.176
2195    -11.972
2196    -12.064
2197    -11.594
2198    -12.672
2199    -11.377
2200    -12.162
2201    -12.2369995
2202    -11.658
2203    -10.957
2204    -11.434
2205    -11.124
2206    -7.175
2207    -12.438
2208    -12.465
2209    -9.802
2210    -11.983
2211    -11.793
2212    -11.923
2213    -11.554
2214    -12.5529995
2215    -9.432
2216    -12.074
2217    -11.107
2218    -12.081
2219    -11.203
2220    -11.523
2221    -12.582
2222    -12.226
2223    -11.429
2224    -12.654
2225    -11.854
2226    -11.702
2227    -10.733
2228    -10.056
2229    -12.498
2230    -11.836
2231    -12.259
2232    -12.123
2233    -12.276
2234    -12.17
2235    -11.241
2236    -12.1
2237    -12.394
2238    -12.011
2239    -11.374
2240    -12.474
2241    -10.92
2242    -12.132
2243    -11.672
2244    -12.165
2245    -12.189
2246    -10.628
2247    -9.689
2248    -12.256
2249    -11.057
2250    -12.071
2251    -11.814
2252    -11.095
2253    -11.689
2254    -10.945
2255    -11.524
2256    -12.186
2257    -12.164
2258    -11.257
2259    -12.021
2260    -12.416
2261    -10.638
2262    -10.733
2263    -11.401
2264    -11.401
2265    -12.27
2266    -9.717
2267    -12.096
2268    -10.326
2269    -12.496
2270    -11.983
2271    -12.684
2272    -12.309999
2273    -12.226
2274    -11.458
2275    -12.018
2276    -11.544
2277    -11.325
2278    -11.53
2279    -12.097
2280    -11.148
2281    -12.387
2282    -11.117
2283    -10.851
2284    -12.21
2285    -12.1779995
2286    -11.979
2287    -12.043
2288    -12.024
2289    -11.243
2290    -11.707
2291    -10.804
2292    -11.499
2293    -10.682
2294    -12.0529995
2295    -11.828
2296    -11.114
2297    -12.2
2298    -12.152
2299    -11.54
2300    -12.315
2301    -12.25
2302    -8.671
2303    -12.207
2304    -12.038
2305    -12.247
2306    -11.309
2307    -11.879
2308    -12.245
2309    -11.821
