0    -8.011
1    -9.066
2    -9.024
3    -11.004
4    -10.996
5    -2.4559999
6    -2.23
7    -2.366
8    -2.275
9    -2.254
10    -2.304
11    -2.337
12    -2.322
13    -2.33
14    -2.3639998
15    -2.277
16    -2.299
17    -2.263
18    -2.355
19    -2.432
20    -2.36
21    -2.419
22    -2.324
23    -2.299
24    -2.31
25    -2.47
26    -2.249
27    -2.227
28    -2.378
29    -2.487
30    -2.388
31    -2.353
32    -2.44
33    -2.407
34    -2.35
35    -2.446
36    -2.439
37    -2.433
38    -2.336
39    -2.327
40    -2.415
41    -2.437
42    -2.306
43    -2.334
44    -2.312
45    -2.304
46    -4.244
47    -4.326
48    -4.215
49    -4.43
50    -4.385
51    -4.279
52    -4.296
53    -4.451
54    -4.38
55    -4.341
56    -4.389
57    -4.337
58    -4.333
59    -4.435
60    -4.342
61    -4.364
62    -4.255
63    -4.202
64    -4.292
65    -4.127
66    -4.114
67    -4.24
68    -4.242
69    -4.2799997
70    -4.237
71    -4.172
72    -4.259
73    -4.202
74    -4.199
75    -4.157
76    -4.251
77    -4.194
78    -4.258
79    -4.2539997
80    -4.262
81    -4.2209997
82    -4.177
83    -4.2139997
84    -4.279
85    -4.331
86    -4.317
87    -4.229
88    -4.1949997
89    -4.34
90    -4.286
91    -4.238
92    -4.268
93    -4.228
94    -4.19
95    -4.31
96    -4.345
97    -4.337
98    -4.246
99    -4.27
100    -4.318
101    -4.305
102    -4.365
103    -4.365
104    -4.26
105    -4.367
106    -4.328
107    -4.437
108    -4.353
109    -4.389
110    -4.404
111    -4.411
112    -4.335
113    -4.324
114    -4.284
115    -4.385
116    -4.404
117    -4.321
118    -4.428
119    -4.4709997
120    -4.392
121    -4.292
122    -4.364
123    -4.3719997
124    -4.299
125    -4.411
126    -4.321
127    -4.429
128    -4.362
129    -4.407
130    -4.374
131    -4.286
132    -4.349
133    -4.323
134    -4.332
135    -4.3389997
136    -4.277
137    -4.271
138    -4.336
139    -4.35
140    -4.348
141    -4.331
142    -4.315
143    -4.35
144    -4.338
145    -4.384
146    -4.324
147    -4.342
148    -4.391
149    -4.277
150    -4.351
151    -4.309
152    -4.277
153    -4.332
154    -4.291
155    -4.316
156    -4.367
157    -4.289
158    -4.218
159    -4.291
160    -4.328
161    -4.335
162    -4.303
163    -4.279
164    -4.325
165    -4.298
166    -4.3459997
167    -4.252
168    -4.293
169    -4.228
170    -4.35
171    -4.276
172    -4.298
173    -4.343
174    -4.376
175    -4.3
176    -4.373
177    -4.401
178    -4.353
179    -4.398
180    -4.317
181    -4.373
182    -4.304
183    -4.329
184    -4.354
185    -4.37
186    -4.327
187    -4.294
188    -4.303
189    -4.348
190    -4.3719997
191    -4.315
192    -4.357
193    -4.353
194    -4.358
195    -4.233
196    -4.259
197    -4.37
198    -4.35
199    -4.334
200    -4.299
201    -4.357
202    -4.383
203    -4.375
204    -4.3
205    -4.318
206    -4.326
207    -4.288
208    -4.286
209    -4.314
210    -4.324
211    -4.327
212    -4.253
213    -4.248
214    -4.333
215    -4.316
216    -4.296
217    -4.381
218    -4.367
219    -4.256
220    -4.326
221    -4.312
222    -4.349
223    -4.316
224    -4.292
225    -4.267
226    -4.345
227    -4.3129997
228    -4.31
229    -4.332
230    -4.234
231    -4.257
232    -4.256
233    -4.277
234    -4.242
235    -4.303
236    -4.37
237    -4.29
238    -4.383
239    -4.362
240    -4.282
241    -4.308
242    -4.317
243    -4.31
244    -4.293
245    -4.31
246    -4.415
247    -4.304
248    -4.275
249    -4.331
250    -4.328
251    -4.289
252    -4.324
253    -4.312
254    0.586
255    0.54700005
256    -4.284
257    -4.255
258    -4.302
259    -4.2869997
260    -4.265
261    -4.23
262    -4.357
263    -4.251
264    -4.193
265    -4.226
266    -4.326
267    -4.3
268    -4.334
269    -4.25
270    -4.283
271    -4.245
272    -4.183
273    -4.365
274    -4.425
275    -4.264
276    -4.37
277    -4.206
278    -4.309
279    -4.406
280    -4.326
281    -4.225
282    -4.217
283    -4.263
284    -4.305
285    -4.249
286    -4.368
287    -4.432
288    -4.408
289    -4.347
290    -4.273
291    -4.384
292    -4.355
293    -4.329
294    -4.391
295    -4.392
296    -4.389
297    -4.255
298    -4.29
299    0.521
300    0.409
301    -4.325
302    -4.388
303    -4.459
304    0.42700002
305    0.51500005
306    -4.362
307    -4.39
308    -4.404
309    -4.347
310    -4.37
311    -4.4379997
312    -4.298
313    -4.361
314    -4.338
315    -4.395
316    -4.362
317    -4.388
318    -4.358
319    -4.367
320    -4.425
321    -4.265
322    -4.332
323    -4.397
324    -4.2209997
325    -4.27
326    -4.268
327    -4.38
328    -4.27
329    -4.355
330    -4.304
331    -4.277
332    -4.255
333    -4.186
334    -4.283
335    -4.277
336    -4.177
337    -4.2799997
338    -4.233
339    -4.197
340    -4.229
341    -4.307
342    -4.318
343    -4.325
344    -4.223
345    -4.349
346    -4.248
347    -4.296
348    -4.361
349    -4.427
350    -4.337
351    -4.364
352    -4.393
353    -4.317
354    -4.374
355    -4.331
356    -4.3059998
357    -4.347
358    -4.289
359    -3.987
360    -4.241
361    0.61800003
362    0.61600006
363    -4.159
364    -4.396
365    -4.37
366    -4.3719997
367    -4.019
368    -3.7979999
369    -3.6929998
370    -3.701
371    -3.6929998
372    -4.371
373    -3.9429998
374    -4.366
375    -3.677
376    -3.727
377    -3.978
378    -3.99
379    -3.921
380    -4.001
381    -4.34
382    -3.699
383    -3.854
384    -4.386
385    -3.951
386    -4.264
387    -3.869
388    -4.024
389    -4.299
390    -3.975
391    -3.9569998
392    -4.031
393    -3.913
394    -4.2869997
395    -3.883
396    -3.926
397    -4.021
398    -3.927
399    -4.211
400    -3.96
401    -4.0
402    -3.87
403    -3.99
404    -3.8470001
405    -3.9689999
406    -3.941
407    -4.018
408    -4.088
409    -3.888
410    -4.095
411    -4.1219997
412    -3.848
413    -4.038
414    -3.8109999
415    -3.901
416    -3.887
417    0.73700005
418    -3.916
419    -3.854
420    -3.7859998
421    -3.9239998
422    -4.114
423    -3.757
424    -4.074
425    -3.83
426    -3.839
427    -4.134
428    -3.828
429    -3.984
430    -3.8309999
431    -3.8779998
432    -3.78
433    -3.867
434    -3.9369998
435    -4.141
436    -3.768
437    -3.942
438    -3.9299998
439    -3.928
440    -3.9759998
441    -3.98
442    -3.793
443    -3.962
444    -3.9759998
445    -3.919
446    -3.8449998
447    -3.874
448    -4.038
449    -3.816
450    -3.883
451    -3.852
452    -3.8969998
453    -3.815
454    -3.899
455    -3.944
456    -3.8579998
457    -3.85
458    -3.902
459    -3.834
460    -3.993
461    -3.985
462    -3.9169998
463    -3.959
464    -3.9239998
465    -3.991
466    -4.04
467    -4.014
468    -3.995
469    -16.018
470    -16.156
471    -16.25
472    -16.256
473    -3.973
474    -16.016
475    -3.933
476    -16.12
477    -11.194
478    -16.095
479    -16.001
480    -16.119
481    -16.037
482    -16.184
483    -3.9109998
484    -3.8709998
485    -3.883
486    -3.909
487    -3.952
488    -3.802
489    -3.921
490    -3.9039998
491    -3.962
492    0.93600005
493    -3.859
494    -3.907
495    -4.0
496    0.919
497    0.933
498    -3.852
499    -3.965
500    -3.9029999
501    -3.9299998
502    -3.979
503    -3.955
504    -3.876
505    -4.005
506    -3.9819999
507    -3.869
508    -3.945
509    -4.035
510    -4.054
511    -4.0099998
512    -3.975
513    -4.325
514    -4.305
515    -4.356
516    -4.296
517    -4.3789997
518    -4.151
519    -3.994
520    -4.144
521    -4.348
522    -4.097
523    -4.005
524    -4.072
525    -4.141
526    -4.101
527    -4.016
528    -4.02
529    -4.084
530    -4.066
531    -4.055
532    -4.019
533    -4.402
534    -4.347
535    -4.365
536    -4.397
537    -4.37
538    -4.352
539    -4.2269998
540    -4.378
541    -4.35
542    -4.325
543    -4.343
544    -4.025
545    -4.341
546    0.49800003
547    -4.263
548    -4.334
549    -4.308
550    -4.277
551    -4.3459997
552    -4.421
553    -4.358
554    -3.747
555    -3.756
556    -3.988
557    -4.352
558    -3.7789998
559    -3.7389998
560    -3.6079998
561    -3.7129998
562    -4.389
563    -4.017
564    -3.99
565    -3.901
566    -4.084
567    -4.0
568    -3.9369998
569    -4.055
570    -3.992
571    -4.009
572    -4.045
573    -4.06
574    -4.012
575    -3.992
576    -3.636
577    -3.945
578    -3.919
579    -3.925
580    -3.876
581    -3.843
582    -3.895
583    -3.961
584    -3.974
585    -3.9689999
586    0.85600007
587    -3.899
588    -3.985
589    -3.9039998
590    -3.9109998
591    -3.987
592    -3.846
593    -3.862
594    -3.965
595    -3.96
596    -3.9369998
597    -4.0629997
598    -3.994
599    -3.977
600    -3.966
601    -3.9720001
602    -3.981
603    -4.3789997
604    -4.398
605    -4.386
606    -4.384
607    -3.82
608    -4.286
609    -4.237
610    -4.333
611    0.541
612    -4.268
613    -4.377
614    -4.351
615    -4.294
616    -3.875
617    -4.319
618    -4.345
619    0.512
620    -4.273
621    -4.255
622    0.56100005
623    -4.237
624    -4.231
625    -4.291
626    -4.323
627    -4.305
628    -4.241
629    -4.252
630    -4.308
631    -3.997
632    -4.368
633    -4.344
634    -4.395
635    0.518
636    0.47300002
637    0.50600004
638    -4.291
639    -4.3389997
640    -4.322
641    -4.148
642    -4.336
643    -4.142
644    -4.312
645    -4.146
646    0.549
647    0.499
648    -4.166
649    -4.263
650    -4.327
651    -4.213
652    -4.174
653    -4.343
654    -4.377
655    -4.331
656    -4.385
657    -4.369
658    -4.343
659    -4.355
660    -4.344
661    -4.428
662    -4.403
663    -4.338
664    -4.364
665    -4.355
666    -4.384
667    -4.362
668    -4.319
669    -4.291
670    -4.281
671    -4.362
672    -4.356
673    -4.399
674    -4.354
675    -4.351
676    -4.302
677    -4.289
678    -4.321
679    -4.325
680    -4.316
681    -4.275
682    -4.271
683    -4.253
684    -4.197
685    -4.338
686    -4.355
687    0.554
688    -4.232
689    -4.282
690    -4.206
691    -4.251
692    -4.322
693    -4.207
694    -4.255
695    -4.252
696    -4.199
697    -4.352
698    -4.156
699    0.48200002
700    0.49500003
701    -4.312
702    0.568
703    -4.204
704    -4.321
705    -4.268
706    -4.361
707    -4.344
708    -4.25
709    -4.24
710    -4.299
711    -4.267
712    -4.23
713    -4.23
714    -4.143
715    -4.27
716    -4.296
717    -4.229
718    -4.216
719    -4.411
720    -4.329
721    -4.286
722    -4.327
723    -4.374
724    -4.228
725    -4.419
726    -4.201
727    -4.371
728    -4.461
729    -4.558
730    -4.376
731    -4.386
732    -4.501
733    -4.375
734    -4.465
735    -4.424
736    -4.423
737    -4.396
738    -4.4
739    -4.32
740    -4.327
741    -4.386
742    0.425
743    -4.42
744    -4.399
745    -4.357
746    -4.356
747    -4.437
748    -4.337
749    -4.322
750    -4.349
751    -4.299
752    -4.326
753    -4.418
754    -4.251
755    -4.268
756    -4.362
757    -4.22
758    -4.335
759    -4.231
760    -4.3
761    -4.259
762    -4.3719997
763    -4.408
764    -4.286
765    -4.342
766    -4.311
767    -4.24
768    -4.341
769    -4.439
770    -4.377
771    -4.305
772    -4.392
773    -4.326
774    -4.269
775    -4.334
776    -4.367
777    -4.373
778    -4.37
779    -4.369
780    -4.378
781    -4.367
782    -4.3389997
783    -4.424
784    -4.366
785    -4.296
786    -4.321
787    -4.326
788    -4.314
789    -4.356
790    -4.24
791    0.46300003
792    -4.365
793    -4.395
794    -4.363
795    -4.355
796    -4.371
797    -4.342
798    -4.329
799    -4.377
800    -4.337
801    -4.404
802    -4.429
803    -4.352
804    -4.385
805    -4.396
806    -4.348
807    -4.328
808    -4.324
809    -4.354
810    -4.249
811    0.363
812    -4.43
813    -4.412
814    -4.353
815    -4.251
816    -4.297
817    -4.377
818    -4.409
819    -4.377
820    -4.377
821    -4.419
822    -4.43
823    -4.412
824    -4.3719997
825    -4.44
826    -4.263
827    -4.441
828    -4.466
829    -4.441
830    -4.31
831    -4.355
832    -4.44
833    -4.228
834    -4.445
835    -4.351
836    0.38900003
837    -4.404
838    -4.38
839    -4.483
840    -4.522
841    -4.301
842    -4.3389997
843    -4.4049997
844    -4.3059998
845    -4.4
846    -4.354
847    -4.385
848    -4.333
849    -4.403
850    -4.2469997
851    -4.283
852    -4.402
853    -4.445
854    -4.389
855    -4.332
856    0.48700002
857    -4.41
858    -4.382
859    -4.356
860    -4.3789997
861    0.565
862    -4.397
863    -4.365
864    -4.268
865    -4.441
866    -4.239
867    -4.352
868    -4.403
869    -4.447
870    0.42100003
871    0.505
872    0.507
873    0.40300003
874    0.469
875    0.51100004
876    0.537
877    -4.455
878    -4.48
879    -4.475
880    -4.388
881    -4.365
882    -4.397
883    -4.378
884    -4.3389997
885    -4.386
886    -4.284
887    -4.378
888    -4.358
889    -4.365
890    -4.257
891    -4.381
892    -4.1949997
893    -4.382
894    -4.355
895    -4.291
896    -4.2799997
897    -4.366
898    -4.362
899    -4.345
900    0.469
901    0.469
902    -4.362
903    -4.455
904    -4.294
905    -4.359
906    -4.433
907    -4.499
908    -4.461
909    -4.444
910    -4.412
911    -4.371
912    -4.414
913    -4.495
914    -4.469
915    0.44500002
916    -4.412
917    -4.3789997
918    -4.41
919    -4.383
920    -4.341
921    -4.312
922    -4.401
923    -4.38
924    -4.434
925    -4.333
926    -4.418
927    -4.433
928    -4.417
929    -4.451
930    -4.479
931    -4.368
932    -4.448
933    -4.403
934    -4.4639997
935    -4.443
936    -4.492
937    -4.473
938    -4.356
939    -4.482
940    -4.468
941    -4.468
942    -4.425
943    -4.484
944    -4.369
945    -4.386
946    0.46300003
947    -4.382
948    -4.4309998
949    -4.258
950    -4.3129997
951    -4.458
