0    3.4520001
1    2.973
2    3.637
3    3.9670002
4    3.035
5    4.256
6    3.4280002
7    3.8160002
8    3.664
9    4.177
10    4.511
11    4.03
12    -25.534
13    -25.334
14    -25.991
15    -26.426
16    -26.261
17    -26.207
18    -26.357
19    -25.646
20    -24.961
21    -26.165
22    -26.262
23    -25.335
24    -26.159
25    -25.230999
26    -25.035
27    -25.376
28    -25.419
29    -25.221
30    -25.35
31    -24.911
32    -25.328
33    -21.035
34    -21.552
35    -20.868
36    -16.385
37    -21.67
38    -21.371
39    -21.102
40    -21.32
41    -20.74
42    -20.559
43    -21.755
44    -21.52
45    -21.612
46    -21.639
47    -21.352
48    -12.175
49    -11.855
50    -21.174
51    -21.573
52    -21.55
53    -21.455
54    -20.776
55    -12.788
56    -21.552
57    -22.138
58    -12.941999
59    -22.055
60    -17.572
61    -17.269
62    -17.796
63    -17.507
64    -17.44
65    -16.634
66    -17.668
67    -17.733
68    -17.747
69    -17.574
70    -17.52
71    -19.744
72    -19.572
73    -20.088
74    -19.906
75    -19.572
76    -13.632999
77    -19.855999
78    -19.627
79    -19.366
80    -19.354
81    -19.666
82    -16.348
83    -17.802
84    -18.826
85    -12.2369995
86    -17.375
87    -12.198
88    -18.532
89    -18.451
90    -18.316
91    -18.102
92    -18.687
93    -18.853
94    -18.657
95    -18.121
96    -17.677
97    -11.658
98    5.334
99    -18.544
100    -18.84
101    -18.744999
102    -16.598
103    -18.83
104    -17.626
105    -18.51
106    -18.74
107    -12.153
108    -12.542
109    -17.230999
110    -19.616
111    -12.132
112    -12.154
113    -11.878
114    -19.574
115    -19.815
116    -19.773
117    -19.341
118    -19.735
119    -19.414
120    -19.426
121    -19.688
122    -18.8
123    4.9700003
124    -19.765
125    -19.689
126    -19.86
127    -19.487
128    -18.804
129    -18.562
130    -18.428
131    -19.871
132    -18.75
133    -19.535
134    -19.798
135    -19.737
136    -19.051
137    -20.008
138    -19.326
139    -19.574
140    2.9240003
141    -19.219
142    -19.703
143    -18.697
144    3.0170002
145    -19.709
146    -19.744
147    -19.331
148    -21.664
149    2.5430002
150    -21.669
151    -21.971
152    -22.382
153    -23.045
154    -21.591
155    -20.649
156    -13.161
157    -22.978
158    3.4970002
159    -22.86
160    -21.462
161    -12.956
162    -12.823
163    -20.873
164    -12.724
165    -12.522
166    -12.924
167    -12.924
168    -12.62
169    -11.775
170    -21.063
171    -20.947
172    -11.838
173    -20.225
174    -11.794
175    -22.074
176    -11.969
177    -12.197
178    -11.573
179    -11.936
180    -21.826
181    -12.2
182    -11.318
183    -11.8
184    -21.906
185    -12.277
186    -11.917
187    -12.122
188    -12.17
189    -11.927
190    -22.215
191    -12.337
192    -11.789
193    -21.622
194    -12.064
195    -20.352
196    -21.84
197    -11.784
198    -21.886
199    -12.002
200    -12.016
201    -12.177
202    -12.114
203    -11.982
204    -12.36
205    -12.038
206    -7.406
207    -12.098
208    -20.742
209    -11.811
210    -11.73
211    -11.843
212    -24.749
213    -27.655
214    -15.837
215    -16.952
216    -16.737999
217    -25.838
218    -15.750999
219    -26.861
220    -16.039
221    -28.517
222    -17.572
223    -16.056
224    -15.796
225    -15.754
226    -16.132
227    -16.198
228    -15.932
229    -16.932
230    -17.842
231    -28.122
232    -28.383
233    -17.259
234    -25.121
235    -15.243
236    -11.626
237    -11.735
238    -24.832
239    -16.383
240    -27.315
241    -26.323
242    -29.152
243    -28.354
244    -15.014
245    -26.796
246    -29.153
247    -16.275
248    -15.602
249    -16.791
250    -14.602
251    -14.638
252    -26.255
253    -25.178
254    -15.271
255    -26.851
256    -27.055
257    -27.529
258    -27.821
259    -28.683
260    -16.879
261    -17.294
262    -28.098999
263    -17.127
264    -28.865
265    -17.223
266    -26.861
267    -28.265
268    -28.617
269    -16.611
270    -17.143
271    -15.805
272    -30.103
273    -28.834
274    -17.326
275    -30.629
276    -29.776
277    -29.559
278    -17.13
279    -16.712
280    -17.321
281    -15.469
282    -16.615
283    -28.578
284    -16.255
285    -17.239
286    -16.823
287    -16.84
288    -16.95
289    -31.486
290    -30.868
291    -17.428
292    -32.195
293    -16.655
294    -31.688
295    -33.013
296    -29.253
297    -31.793
298    -12.311
299    -26.716
300    -26.271
301    -32.76
302    -29.874
303    -16.705
304    -17.001
305    -30.144
306    -12.108
307    -11.779
308    -12.235
309    -12.349
310    -31.117
311    -16.374
312    -17.329
313    -26.107
314    -24.625
315    -11.671
316    -31.5
317    -16.491
318    -31.025
319    -30.096
320    -17.34
321    -16.787
322    -16.921
323    -30.971
324    -27.576
325    -27.628
326    -17.019
327    -30.186
328    -30.03
329    -30.074
330    -30.509
331    -31.808
332    -24.368
333    -27.56
334    -26.848
335    -27.844
336    -32.431
337    -32.584
338    -32.474
339    -32.664
340    -32.563
341    -32.591
342    -32.744
343    -32.711
344    -32.509
345    -32.811
346    -31.406
347    -32.423
348    -30.762
349    -32.24
350    -32.211998
351    -31.504
352    -31.557
353    -28.335
354    -30.734
355    -30.819
356    -28.501
357    -31.776
358    -27.767
359    -26.691
360    -26.701
361    -30.114
362    -27.236
363    -30.062
364    -27.608
365    -27.508
366    -28.685
367    -30.752
368    -27.255
369    -26.971
370    -32.649
371    -30.704
372    -28.362
373    -28.717
374    -29.473
375    -31.214
376    -30.493
377    -27.682
378    -30.293
379    -13.674
380    -30.368
381    -27.674
382    -30.634
383    -32.601
384    -28.406
385    -30.835
386    -28.55
387    -32.344
388    -30.749
389    -27.692
390    -30.618
391    -27.616
392    -28.691
393    -28.324
394    -26.811
395    -27.89
396    -30.524
397    -27.706
398    -28.69
399    -28.508
400    -28.934
401    -30.778
402    -23.843
403    -28.053
404    -28.364
405    -30.582
406    -32.487
407    -22.788
408    -29.835
409    -30.655
410    -30.691
411    -32.943
412    -23.852
413    -23.851
414    -23.826
415    -20.38
416    -17.723999
417    -17.622
418    -23.992
419    -22.916
420    -20.676
421    -19.751999
422    -24.737999
423    -26.678
424    -23.951
425    -22.652
426    -23.862
427    -23.829
428    -24.811
429    -22.775
430    -23.846
431    -23.69
432    -24.663
433    -23.932
434    -23.648
435    -22.933
436    -24.719
437    -23.436
438    -22.179
439    -22.909
440    -23.692
441    -23.964
442    -23.831
443    -25.514
444    -23.285
445    -25.372
446    -23.136
447    -23.973
448    -23.937
449    -23.597
450    -21.253
451    -23.858
452    -24.137
453    -23.901
454    -23.715
455    -23.879
456    -25.808
457    -23.197
458    -22.86
459    -23.892
460    -25.622
461    -23.769
462    -23.921
463    -23.579
464    -3.046
465    -24.764
466    -22.867
467    -22.962
468    -20.307
469    -23.702
470    -23.87
471    -23.875
472    -25.669
473    -23.936
474    -21.868
475    -23.89
476    -23.959
477    -25.431
478    -23.909
479    -23.689
480    -23.968
481    -23.593
482    -23.927
483    -23.834
484    -25.742
485    -23.771
486    -23.483
487    -23.719
488    -23.557
489    -22.784
490    -23.98
491    -23.754
492    -23.24
493    -23.701
494    -23.985
495    -23.34
496    -22.886
497    -23.806
498    -23.918
499    -23.763
500    -23.786
501    -23.987
502    -23.361
503    -22.57
504    -23.572
505    -23.764
506    -23.876
507    -23.638
508    -23.678
509    -22.819
510    -23.896
511    -23.624
512    -23.941
513    -23.612
514    -23.959
515    -23.696
516    -26.673
517    -23.714
518    -23.583
519    -23.555
520    -23.715
521    -26.304
522    -23.735
523    -23.891
524    -25.557
525    -23.621
526    -26.703
527    -23.539
528    -23.687
529    -23.808
530    -23.728
531    -26.642
532    -23.926
533    -26.016
534    -23.133
535    -23.742
536    -23.78
537    -23.933
538    -18.911
539    -23.763
540    -23.803
541    -23.827
542    -18.933
543    -23.765
544    -23.098999
545    -23.612999
546    -24.007
547    -18.829
548    -21.7
549    -23.980999
550    -22.946
551    -23.739
552    -21.677
553    -23.889
554    -23.699
555    -2.987
556    -23.776
557    -23.754
558    -23.752
559    -23.789
560    -23.893
561    -23.598999
562    -23.571
563    -22.957
564    -23.889
565    -23.564
566    -23.833
567    -23.91
568    -23.979
569    -23.776
570    -22.854
571    -23.401
572    -23.72
573    -23.643
574    -23.866
575    -23.345
576    -23.839
577    -23.054
578    -24.838
579    -23.878
580    -23.67
581    -23.785
582    -23.919
583    -23.708
584    -23.868
585    -23.882
586    -23.824
587    -23.98
588    -23.734
589    -22.778
590    -22.824
591    -23.966
592    -23.730999
593    -23.6
594    -23.752
595    -23.88
596    -23.982
597    -22.9
598    -23.871
599    -23.696
600    -22.774
601    -23.906
602    -21.38
603    -23.698
604    -22.847
605    -23.869
606    -22.977
607    -23.901
608    -23.791
609    -22.027
610    -23.742
611    -23.765
612    -23.832
613    -23.79
614    -23.223
615    -23.968
616    -22.857
617    -23.33
618    -23.769
619    -23.929
620    -23.928
621    -23.791
622    -22.954
623    -23.814
624    -24.005
625    -23.77
626    -23.91
627    -23.965
628    -24.572
629    -22.185
630    -23.928
631    -23.848
632    -23.815
633    -21.824
634    -23.89
635    -23.55
636    -23.839
637    -23.915
638    -23.628
639    -23.515
640    -23.415
641    -23.952
642    -23.698
643    -23.87
644    -23.486
645    -22.872
646    -23.942
647    -31.456
648    -23.853
649    -22.848999
650    -28.67
651    -23.784
652    -31.59
653    -23.775
654    -23.796
655    -28.573
656    -23.582
657    -28.466
658    -24.027
659    -23.03
660    -28.723
661    -23.829
662    -25.855999
663    -25.624
664    -23.929
665    -28.64
666    -23.727
667    -27.159
668    -28.793
669    -25.632
670    -27.696
671    -28.69
672    -28.472
673    -28.59
674    -28.778
675    -28.83
676    -23.848
677    -23.958
678    -23.836
679    -23.721
680    -23.753
681    -20.824
682    -23.639
683    -22.159
684    -23.934
685    -23.882
686    -23.844
687    -23.961
688    -23.723
689    -23.759
690    -22.093
691    -23.782
692    -23.871
693    -23.945
694    -21.789
695    -23.848
696    -23.578
697    -22.792
698    -23.853
699    -23.817
700    -23.537
701    -20.367
702    -23.574
703    -22.891
704    -21.751
705    -23.682
706    -23.649
707    -23.936
708    -28.601
709    -28.499
710    -28.259
711    -28.685
712    -28.626
713    -28.664
714    -28.821
715    -28.803
716    -28.698
717    -27.693
718    -27.048
719    -28.895
720    -23.942
721    -23.598999
722    -26.933
723    -23.791
724    -22.38
725    -28.582
726    -24.02
727    -22.657
728    -28.601
729    -21.468
730    -23.55
731    -23.989
732    -23.777
733    -23.797
734    -23.759
735    -23.53
736    -19.851
737    -23.728
738    -21.51
739    -23.926
740    -19.936
741    -20.853
742    -23.835
743    -23.872
744    -23.597
745    -23.675
746    -26.803
747    -23.765
748    -22.943
749    -27.685
750    -23.876
751    -23.846
752    -32.608
753    -32.753
754    -32.415
755    -32.415
756    -31.467
757    -32.643
758    -22.648
759    -23.965
760    -32.776
761    -32.791
762    -9.715
763    -32.097
764    -32.593
765    -31.822
766    -32.633
767    -32.813
768    -32.538
769    -27.915
770    -31.775
771    -31.775
772    -32.025
773    -31.784
774    -32.802
775    -32.761
776    -32.761
777    -31.79
778    -32.655
779    -28.406
780    -28.719
781    -32.647
782    -32.302
783    -23.875
784    -23.63
785    -32.291
786    -32.584
787    -32.559
788    -32.755
789    -23.789
790    -32.688
791    -32.688
792    -32.759
793    -22.443
794    -22.443
795    -21.59
796    -21.59
797    -32.601
798    -30.91
799    -30.91
800    -23.766
801    -31.475
802    -31.405
803    -32.626
804    -23.722
805    -32.244
806    -32.46
807    -23.804
808    -23.734
809    -32.636
810    -32.482
811    -32.853
812    -23.996
813    -23.996
814    -32.764
815    -23.918
816    -32.529
817    -28.687
818    -28.886
819    -31.59
820    -28.767
821    -32.834
822    -27.276
823    -27.817
824    -28.701
825    -28.75
826    -32.717
827    -32.533
828    -32.677
829    -28.432
830    -32.207
831    -32.207
832    -32.771
833    -23.735
834    -23.897
835    -32.671
836    -32.77
837    -31.116
838    -24.038
839    -23.228
840    -32.021
841    -32.597
842    -32.344
843    -32.344
844    -24.042
845    -23.416
846    -31.383999
847    -32.69
848    -32.82
849    -32.603
850    -23.035
851    -23.692
852    -32.683
853    -32.296
854    -32.296
855    -21.962
856    -30.91
857    -23.721
858    -32.151
859    -32.151
860    -32.842
861    -28.841
862    -28.730999
863    -32.796
864    -28.7
865    -32.748
866    -32.748
867    -32.682
868    -32.547
869    -32.769
870    -32.245
871    -32.597
872    -32.39
873    -32.39
874    -32.648
875    -34.807
876    -27.852
877    -34.25
878    -34.705
879    -34.626
880    -34.651
881    -34.632
882    -27.98
883    -27.98
884    -34.726
885    -27.308
886    -27.308
887    -27.797
888    -22.868
889    -27.193
890    -25.966
891    -24.144
892    -23.695
893    -25.998
894    -24.99
895    -25.931
896    -27.823
897    -23.168
898    -26.744999
899    -23.986
900    -25.218
901    -13.98
902    -23.887
903    -23.525
904    -23.891
905    -23.418
906    -23.97
907    -24.918
908    -24.918
909    -23.589
910    -23.879
911    -25.980999
912    -11.797
913    -11.797
914    -24.773
915    -23.816
916    -26.851
917    -12.091
918    -25.773
919    -24.735
920    -24.623
921    -24.73
922    -23.764
923    -23.609
924    -24.815
925    -24.815
926    -24.906
927    -24.906
928    -26.635
929    -24.687
930    -11.951
931    -23.89
932    -26.943
933    -24.887
934    -11.88
935    -23.244
936    -23.244
937    -23.663
938    -23.663
939    -24.964
940    -23.713
941    -11.975
942    -24.877
943    -25.8
944    -11.577
945    -23.992
946    -24.596
947    -11.966
948    -27.546
949    -28.596
950    -27.402
951    -28.567
952    -28.765999
953    -23.63
954    -22.824
955    -22.577
