0    1.3870001
1    2.38
2    1.309
3    0.6370001
4    -0.34599996
5    0.61600006
6    1.382
7    1.254
8    -0.631
9    2.3
10    0.624
11    1.573
12    1.244
13    4.29
14    4.019
15    1.388
16    2.337
17    2.526
18    2.021
19    1.471
20    1.2590001
21    5.298
22    1.299
23    2.303
24    1.373
25    3.412
26    1.327
27    1.286
28    1.661
29    7.203
30    1.3080001
31    1.3050001
32    1.0730001
33    3.066
34    3.2680001
35    3.434
36    8.366
37    -0.30999994
38    5.422
39    4.414
40    15.594
41    4.6210003
42    4.477
43    0.59300005
44    6.9110003
45    5.652
46    2.025
47    5.696
48    1.86
49    10.273
50    0.77400005
51    5.678
52    -1.3199999
53    2.14
54    0.63500005
55    0.564
56    8.396
57    -1.755
58    0.878
59    3.716
60    5.526
61    10.113
62    4.66
63    -0.33099997
64    0.36
65    8.575
66    2.304
67    0.81000006
68    0.735
69    3.377
70    -0.26999998
71    5.801
72    -0.626
73    12.38
74    4.85
75    1.283
76    2.368
77    1.543
78    2.436
79    2.388
80    1.7820001
81    1.271
82    2.423
83    2.288
84    1.6760001
85    0.018000007
86    1.4350001
87    -0.51399994
88    0.897
89    -3.271
90    26.86
91    3.326
92    -0.50899994
93    3.284
94    2.304
95    1.257
96    2.542
97    7.394
98    3.5900002
99    3.264
100    0.73800004
101    3.3140001
102    8.385
103    10.26
104    1.288
105    74.47
106    66.518
107    62.366
108    73.254
109    46.193
110    47.158
111    51.377
112    39.809
113    41.037
114    24.792
115    33.433
116    22.622
117    10.462
118    13.44
119    23.375
120    23.412
121    3.4950001
122    11.873
123    15.355
124    -6.103
125    2.792
126    52.355
127    3.622
128    -7.536
129    -19.519
130    0.67600006
131    -4.684
132    -3.775
133    -2.691
134    -1.6029999
135    8.412
136    7.495
137    51.489
138    10.5130005
139    -0.09499997
140    0.23
141    -3.2589998
142    14.504
143    2.792
144    7.6870003
145    60.662
146    37.586
147    61.266
148    34.014
149    14.364
150    2.469
151    3.462
152    3.585
153    6.8190002
154    3.038
155    6.358
156    1.9620001
157    -0.24799997
158    5.301
159    70.24
160    22.284
161    37.424
162    27.879
163    26.435
164    27.535
165    27.793
166    37.377
167    6.788
168    10.345
169    6.544
170    12.065001
171    -5.365
172    9.057
173    7.085
174    15.079
175    73.166
176    72.005
177    101.961
178    10.258
179    2.681
180    10.35
181    0.43300003
182    69.893
183    3.095
184    0.24800001
185    26.066
186    -2.609
187    18.227
188    5.8
189    52.079
190    -0.5059999
191    3.0300002
192    47.564
193    1.218
194    1.247
195    18.298
196    8.257
197    15.242
198    9.205
199    11.243
200    9.213
201    4.201
202    5.217
203    3.225
204    5.21
205    5.187
206    10.196
207    1.2
208    4.21
209    9.194
210    9.406
211    4.251
212    1.521
213    1.239
214    6.591
215    19.222
216    3.198
217    -0.793
218    -1.801
219    1.23
220    13.202
221    -3.808
222    0.23700002
223    -1.322
224    -1.781
225    1.225
226    3.231
227    6.333
228    4.551
229    10.362
230    0.246
231    8.21
232    6.267
233    2.24
234    -4.38
235    -1.798
236    1.279
237    3.223
238    1.246
239    8.861
240    -3.717
241    -0.44699997
242    0.201
243    -1.766
244    -3.733
245    4.268
246    20.627
247    -5.771
248    -0.56799996
249    -3.773
250    -2.753
251    -4.772
252    2.43
253    0.324
254    18.066
255    55.337
256    -1.752
257    7.386
258    81.419
259    83.996
260    84.917
261    94.919
262    70.707
263    66.84
264    51.302002
265    88.137
266    60.966
267    80.082
268    42.001
269    103.436
270    61.334
271    84.306
272    36.077
273    73.176
274    20.648
275    8.56
276    2.5770001
277    3.242
278    6.222
279    48.784
280    51.252
281    38.493
282    20.158
283    2.041
284    63.896
285    39.099
286    4.7790003
287    5.429
288    29.536
289    8.664
290    41.234
291    30.868
292    38.588
293    30.571
294    29.501
295    28.614
296    34.805
297    27.954
298    1.862
299    0.716
300    4.362
301    2.032
302    7.109
303    2.979
304    22.243
305    12.277
306    23.323
307    -1.657
308    -1.703
309    -6.573
310    -2.507
311    -1.697
312    -1.628
313    -0.67999995
314    89.554
315    30.652
316    19.437
317    14.579
318    0.99600005
319    21.985
320    27.179
321    2.599
322    9.661
323    3.1620002
324    0.68
325    2.4520001
326    14.315
327    10.098
328    5.44
329    7.7460003
330    2.318
331    3.388
332    9.498
333    3.6650002
334    5.25
335    2.705
336    2.914
337    4.113
338    1.337
339    2.433
340    4.43
341    0.314
342    3.316
343    8.446
344    4.403
345    1.589
346    1.339
347    0.93200004
348    0.33600003
349    5.638
350    7.406
351    3.483
352    6.509
353    2.3140001
354    2.042
355    6.972
356    3.303
357    5.308
358    3.372
359    2.857
360    1.2490001
361    1.436
362    3.6620002
363    2.4740002
364    3.49
365    7.122
366    1.423
367    4.977
368    7.728
369    7.423
370    0.3670001
371    2.829
372    7.442
373    3.782
374    2.257
375    3.315
376    9.254
377    7.4110003
378    2.791
379    4.1480002
380    6.263
381    5.541
382    1.2900001
383    7.383
384    3.292
385    2.83
386    1.301
387    2.532
388    1.658
389    4.297
390    1.059
391    0.3110001
392    2.287
393    1.376
394    -0.42299998
395    1.424
396    2.345
397    1.287
398    2.27
399    3.274
400    4.282
401    2.276
402    8.609
403    5.245
404    1.541
405    3.599
406    1.4100001
407    5.2860003
408    50.638
409    2.379
410    2.317
411    3.308
412    2.372
413    1.713
414    1.3
415    1.32
416    1.366
417    4.384
418    12.465
419    0.69000006
420    2.448
421    3.263
422    7.466
423    1.69
424    65.274
425    1.0
426    1.4760001
427    2.4650002
428    5.596
429    5.292
430    5.3780003
431    2.253
432    4.285
433    4.317
434    1.245
435    1.592
436    57.662
437    -1.137
438    29.338
439    27.623
440    -1.026
441    0.689
442    0.95300007
443    4.395
444    1.25
445    1.29
446    1.136
447    0.81100005
448    1.422
449    2.8270001
450    1.379
451    -6.502
452    2.575
453    0.55700004
454    1.477
455    0.513
456    3.535
457    1.416
458    2.2680001
459    5.31
460    6.853
461    4.377
462    1.401
463    1.8080001
464    1.279
465    2.549
466    0.03000009
467    3.374
468    12.812
469    2.361
470    2.036
471    2.587
472    2.387
473    2.276
474    1.8100001
475    0.48800004
476    -1.8189999
477    2.639
478    1.8050001
479    -1.505
480    2.507
481    2.644
482    1.385
483    2.408
484    1.562
485    1.792
486    0.32900012
487    4.601
488    2.657
489    2.595
490    -0.47399998
491    2.8730001
492    0.008000016
493    2.558
494    5.552
495    10.777
496    1.674
497    3.895
498    2.608
499    -1.1489999
500    2.988
501    5.506
502    3.468
503    2.792
504    14.691
505    3.486
506    7.169
507    2.615
508    0.57000005
509    3.491
510    2.401
511    4.05
512    -1.104
513    1.363
514    0.652
515    3.032
516    -1.7479999
517    4.605
518    3.504
519    -0.89
520    -0.36899996
521    2.489
522    1.8790001
523    5.599
524    -0.16999996
525    6.594
526    -1.6529999
527    0.3060001
528    5.686
529    -0.03399998
530    0.11100006
531    -0.4619999
532    -0.08499998
533    1.55
534    3.5240002
535    2.5970001
536    0.70400006
537    1.5500001
538    0.62700003
539    1.623
540    -0.928
541    0.5020001
542    1.491
543    -0.28399998
544    1.485
545    -0.20899999
546    -3.149
547    -3.144
548    1.674
549    0.768
550    -2.1299999
551    0.961
552    -4.164
553    -0.29499996
554    -0.701
555    -4.175
556    0.08100009
557    0.32700002
558    6.046
559    -0.352
560    2.6230001
561    1.3050001
562    2.563
563    1.8
564    3.9710002
565    1.223
566    0.5070001
567    -4.566
568    2.1330001
569    2.875
570    -0.6429999
571    0.45300007
572    1.577
573    -1.285
574    1.5150001
575    3.651
576    3.8650002
577    1.312
578    0.016000032
579    2.816
580    2.725
581    2.172
582    -1.033
583    1.724
584    0.58300006
585    1.463
586    -0.8759999
587    0.572
588    1.825
589    0.79600006
590    1.55
591    0.80200005
592    1.0710001
593    3.2
594    2.804
595    2.345
596    2.259
597    1.356
598    1.253
599    2.349
600    -0.694
601    -0.719
602    3.736
603    2.647
604    3.515
605    2.668
606    1.4790001
607    2.859
608    4.782
609    4.028
610    1.394
611    4.293
612    1.238
613    4.418
614    0.286
615    1.79
616    -0.07999992
617    9.258
618    -0.42299998
619    3.364
620    2.571
621    4.442
622    2.459
623    6.348
624    3.01
625    3.565
626    1.551
627    3.3930001
628    -2.221
629    1.4660001
630    0.586
631    0.1270001
632    2.5279999
633    2.436
634    1.254
635    0.611
636    0.21600008
637    5.4960003
638    2.427
639    1.639
640    2.302
641    2.488
642    1.1240001
643    -5.697
644    4.627
645    -1.163
646    3.512
647    -0.31699997
648    0.588
649    -0.13699996
650    2.351
651    4.274
652    1.237
653    1.622
654    -4.098
655    1.38
656    2.517
657    7.259
658    1.414
659    3.0990002
660    -0.33199996
661    5.284
662    6.213
663    1.386
664    0.31500003
665    -0.33999997
666    7.855
667    1.45
668    1.405
669    1.344
670    -1.292
671    3.729
672    6.669
673    -0.09799993
674    1.483
675    1.258
676    1.316
677    0.499
678    3.251
679    4.561
680    1.258
681    1.455
682    -2.716
683    1.454
684    3.6690001
