0    1.652
1    1.806
2    1.3180001
3    1.527
4    1.837
5    1.809
6    2.163
7    1.288
8    1.303
9    1.164
10    1.08
11    1.353
12    1.355
13    1.39
14    1.343
15    1.172
16    1.36
17    1.227
18    1.403
19    1.8
20    1.919
21    2.066
22    1.395
23    2.818
24    1.127
25    2.816
26    3.6000001
27    2.6330001
28    1.245
29    1.155
30    1.398
31    1.329
32    2.6330001
33    1.332
34    1.416
35    1.1570001
36    3.0180001
37    1.319
38    1.131
39    1.081
40    1.087
41    2.519
42    3.02
43    0.016000032
44    0.019000053
45    1.116
46    3.0170002
47    2.634
48    1.22
49    3.078
50    0.07700014
51    0.07800007
52    1.326
53    1.34
54    1.317
55    1.3
56    1.3
57    1.334
58    2.619
59    2.619
60    1.398
61    0.078999996
62    1.326
63    0.016000032
64    1.329
65    1.348
66    1.107
67    2.519
68    -0.515
69    1.33
70    1.239
71    1.638
72    0.07800007
73    1.217
74    3.081
75    3.081
76    0.078999996
77    1.34
78    0.078999996
79    0.016000032
80    1.315
81    0.08000016
82    3.0170002
83    1.209
84    0.01999998
85    -0.56499994
86    2.522
87    1.1340001
88    1.21
89    1.339
90    1.346
91    1.323
92    1.3050001
93    1.346
94    3.1780002
95    0.18000007
96    3.181
97    1.297
98    1.354
99    1.337
100    1.398
101    1.329
102    3.0180001
103    3.016
104    2.736
105    1.302
106    1.3280001
107    0.08000016
108    0.078999996
109    3.0800002
110    0.18400002
111    0.022000074
112    1.2360001
113    0.18000007
114    3.184
115    0.18000007
116    3.18
117    0.17800021
118    0.181
119    3.078
120    1.9070001
121    3.18
122    0.078999996
123    1.302
124    1.398
125    0.078999996
126    0.18200016
127    0.18000007
128    1.4760001
129    0.18000007
130    0.181
131    1.35
132    1.367
133    0.018000126
134    0.018000126
135    1.3050001
136    1.326
137    1.149
138    0.17900014
139    -0.6999999
140    1.539
141    1.944
142    0.74
143    1.131
144    0.712
145    -1.323
146    0.61800003
147    0.70500004
148    1.371
149    0.89500004
150    0.67
151    0.90300006
152    0.73700005
153    1.355
154    0.82600003
155    0.77000004
156    0.624
157    1.12
158    0.84400004
159    0.947
160    0.869
161    0.51000005
162    2.252
163    0.56700003
164    0.597
165    0.63500005
166    0.499
167    0.86700004
168    0.90000004
169    0.67600006
170    1.304
171    0.711
172    0.528
173    -1.3659999
174    -0.10799998
175    0.518
176    0.711
177    0.53000003
178    1.0120001
179    0.513
180    0.57600003
181    0.75200003
182    0.66300005
183    0.71300006
184    0.71500003
185    0.93000007
186    1.312
187    0.9110001
188    0.859
189    0.68
190    0.89900005
191    -2.8179998
192    1.1350001
193    1.478
194    0.72300005
195    -5.1679997
196    0.2800001
197    1.0680001
198    1.904
199    0.73200005
200    1.35
201    1.1060001
202    0.592
203    1.4230001
204    -1.469
205    -1.881
206    -1.8529999
207    -1.9599999
208    -1.876
209    -1.6019999
210    -3.546
211    -2.145
212    -1.685
213    -1.956
214    -0.885
215    -1.571
216    -1.8069999
217    -1.6869999
218    -5.474
219    -1.972
220    -1.479
221    -1.879
222    -1.466
223    -0.86399996
224    -2.157
225    -1.458
226    -1.757
227    -2.017
228    -1.6999999
229    -1.862
230    -2.098
231    -1.7789999
232    -1.897
233    -2.246
234    -1.879
235    -2.248
236    -1.036
237    -1.878
238    -2.223
239    -1.553
240    -0.8759999
241    -2.113
242    -1.9109999
243    -2.227
244    -2.0809999
245    -2.414
246    -1.8659999
247    -1.883
248    -1.885
249    -2.8439999
250    -4.1949997
251    -1.887
252    -1.875
253    -2.221
254    -3.033
255    -1.888
256    -2.28
257    -1.805
258    -1.888
259    -1.879
260    -1.2699999
261    -1.859
262    -1.874
263    -1.898
264    -4.5699997
265    -2.139
266    -1.873
267    -1.3439999
268    -1.8989999
269    -1.895
270    -2.09
271    -1.849
272    -2.01
273    -1.188
274    -2.348
275    -4.243
276    -1.81
277    -2.227
278    -1.9799999
279    -1.7379999
280    -1.836
281    -5.392
282    -1.7689999
283    -1.977
284    4.291
285    -1.966
286    -1.9959999
287    -2.1759999
288    -1.4499999
289    -5.186
290    -1.875
291    -2.131
292    -1.89
293    -1.88
294    -1.875
295    -1.885
296    -2.157
297    -1.5459999
298    -1.858
299    -1.907
300    -1.894
301    -5.201
302    -1.4449999
303    -2.079
304    -1.0849999
305    -1.856
306    -1.987
307    -2.026
308    -1.3989999
309    -1.8479999
310    -1.949
311    -2.161
312    -2.1599998
313    -1.584
314    -1.7219999
315    -2.254
316    -1.461
317    -4.0889997
318    -4.932
319    -2.184
320    -1.9849999
321    -4.535
322    -2.223
323    -1.864
324    -2.0419998
325    -2.204
326    -1.8729999
327    -1.6989999
328    -1.9779999
329    -1.872
330    -2.2089999
331    -2.0809999
332    -1.696
333    -1.872
334    -1.3709999
335    -1.5289999
336    -1.706
337    -5.257
338    -1.6759999
339    -1.706
340    -2.021
341    -2.185
342    -1.79
343    -1.831
344    -2.169
345    -1.3599999
346    0.43000007
347    -1.8349999
348    -4.075
349    -1.739
350    -1.987
351    -2.047
352    -1.848
353    -4.786
354    -2.008
355    -1.3579999
356    -1.93
357    -0.80799985
358    -1.586
359    -1.0129999
360    -1.6889999
361    -5.128
362    -1.999
363    -2.012
364    -2.105
365    -1.933
366    -1.982
367    -4.748
368    -0.38699985
369    -2.177
370    -6.328
