0    -5.1349998
1    -5.151
2    -5.1879997
3    -5.121
4    -5.229
5    -5.263
6    -5.093
7    -4.3789997
8    -3.58
9    -4.303
10    -4.365
11    -5.263
12    -5.205
13    -5.177
14    -5.205
15    -4.397
16    -5.198
17    -5.159
18    -5.019
19    -5.567
20    -4.021
21    -4.444
22    -5.304
23    -4.9119997
24    -5.052
25    -5.076
26    -4.2679996
27    -3.56
28    -5.299
29    -4.684
30    -4.105
31    -5.012
32    -5.0699997
33    -3.669
34    -5.121
35    -3.54
36    -4.4309998
37    -3.6609998
38    -5.23
39    -5.3059998
40    -5.264
41    -4.882
42    -5.034
43    -3.564
44    -4.653
45    -5.149
46    -4.845
47    -3.521
48    -4.678
49    -5.2539997
50    -2.544
51    -4.3599997
52    -0.7199998
53    -4.992
54    -3.5
55    -5.252
56    -3.429
57    -3.33
58    -3.556
59    -4.417
60    -4.003
61    -3.541
62    -4.606
63    -0.47299957
64    -5.197
65    -3.614
66    -5.113
67    -5.272
68    -5.184
69    -3.576
70    -3.4599998
71    -4.802
72    -5.2539997
73    -5.144
74    -2.633
75    -5.184
76    -3.525
77    -4.993
78    -4.398
79    -5.223
80    -2.3209999
81    -5.143
82    -4.799
83    -5.173
84    -4.6949997
85    -4.865
86    -5.21
87    -4.864
88    -5.186
89    -5.185
90    -3.545
91    -3.754
92    -4.232
93    -3.414
94    -5.073
95    -5.222
96    -3.767
97    -3.394
98    -5.036
99    -3.588
100    -4.861
101    -4.455
102    -5.018
103    -5.071
104    -3.4899998
105    -4.8269997
106    -4.192
107    -3.9029999
108    -4.871
109    -5.176
110    -5.015
111    -3.527
112    -5.072
113    -5.152
114    -0.37599993
115    -5.242
116    -8.179
117    -4.957
118    -2.6839998
119    -3.532
120    -5.085
121    -3.546
122    -5.149
123    -5.2469997
124    -2.9669998
125    -4.508
126    -3.514
127    -3.5049999
128    -3.735
129    0.89900017
130    -5.252
131    -4.814
132    -3.669
133    -4.725
134    -4.409
135    -3.411
136    -5.046
137    -4.279
138    -4.539
139    -5.136
140    -5.1219997
141    -4.547
142    -5.295
143    -5.168
144    -5.3459997
145    -3.603
146    -5.263
147    -5.234
148    -5.272
149    -4.756
150    -5.144
151    -5.257
152    -3.422
153    -3.744
154    -5.194
155    -2.6999998
156    -5.321
157    -3.625
158    -5.026
159    -5.139
160    -4.923
161    -3.5049999
162    -3.589
163    -4.758
164    -4.4049997
165    -5.215
166    -4.226
167    -2.695
168    -5.001
169    -5.212
170    -5.292
171    -5.038
172    -3.958
173    -5.289
174    -5.23
175    -4.71
176    -4.891
177    -3.123
178    -4.09
179    -4.928
180    -4.97
181    -5.133
182    -4.282
183    -3.415
184    -4.999
185    -5.143
186    -4.114
187    -3.628
188    -3.409
189    -5.192
190    -3.587
191    -5.217
192    -5.285
193    -4.7869997
194    -3.483
195    -5.239
196    -4.4449997
197    -4.8859997
198    -1.4509997
199    -5.151
200    -4.703
201    -5.1879997
202    -5.272
203    -1.4849997
204    -3.1929998
205    -4.7209997
206    -5.115
207    -5.2209997
208    -5.272
209    -3.543
210    -2.698
211    -5.041
212    -5.234
213    -2.0149999
214    -4.583
215    -5.099
216    -5.183
217    -4.271
218    -5.173
219    -3.149
220    -5.093
221    -4.81
222    -3.619
223    -4.082
224    -3.479
225    -5.173
226    -3.4819999
227    -3.4589999
228    -3.794
229    -4.009
230    -3.467
231    -5.19
232    -3.51
233    -5.064
234    -4.579
235    -4.8859997
236    -3.478
237    -3.0779998
238    -5.207
239    -4.798
240    -3.358
241    -4.933
242    -5.016
243    -4.678
244    -2.837
245    -4.598
246    -2.5979998
247    -5.05
248    -4.755
249    -5.099
250    -5.0039997
251    -5.24
252    -4.575
253    -3.519
254    -3.3899999
255    -3.588
256    -3.261
257    -4.963
258    -5.042
259    -3.6739998
260    -5.057
261    -4.9849997
262    -5.23
263    -5.252
264    -5.286
265    -4.859
266    -4.965
267    -4.852
268    -4.8059998
269    -5.091
270    -4.429
271    -3.2589998
272    -3.52
273    -2.458
274    -4.64
275    -5.179
276    -5.265
277    0.23700047
278    -4.333
279    -2.37
280    -3.568
281    -3.748
282    -5.106
283    -4.534
284    -2.3709998
285    -3.453
286    -3.9929998
287    -5.068
288    -5.309
289    -3.688
290    -4.46
291    -4.458
292    -3.3339999
293    -4.74
294    -4.5959997
295    -3.466
296    -2.9439998
297    -5.066
298    -5.158
299    -3.599
300    -3.589
301    -2.928
302    -5.066
303    -5.158
304    -3.0319998
305    -5.0559998
306    -4.958
307    -5.209
308    -3.941
309    -5.017
310    -4.3719997
311    -4.513
312    -5.167
313    -2.1149998
314    -5.258
315    -3.514
