0    -34.572
1    -34.674
2    -33.618
3    -34.487
4    -34.594
5    -34.365
6    -34.254
7    -38.805
8    -33.839
9    -32.641
10    -39.109
11    -28.585
12    -28.635
13    -28.44
14    -28.703
15    -28.936
16    -28.568
17    -28.948
18    -28.605999
19    -28.463
20    -27.825
21    -28.868
22    -28.623
23    -27.59
24    -28.409
25    -27.612999
26    -28.475
27    -27.728
28    -28.314
29    -28.407999
30    -27.263
31    -27.347
32    -27.565
33    -28.81
34    -27.442
35    -28.358
36    -28.954
37    -28.66
38    -28.468
39    -28.458
40    -28.513
41    -28.103
42    -27.725
43    -27.386
44    -28.947
45    -27.744999
46    -28.908
47    -28.459
48    -28.723999
49    -11.484
50    -10.434
51    -26.933
52    -6.241
53    -28.552
54    -11.148
55    -28.492
56    -11.649
57    -28.543
58    -10.8880005
59    -26.765
60    -12.081
61    -28.602
62    -10.88
63    -28.681
64    -10.646
65    -28.681
66    -10.828
67    -28.18
68    -10.276
69    -28.461
70    -11.7369995
71    -28.547
72    -7.108
73    -11.895
74    -28.437
75    -28.447
76    -11.014
77    -28.317
78    -10.16
79    -28.671
80    -11.977
81    -27.638
82    -11.777
83    -28.109
84    -11.853
85    -28.291
86    -10.981
87    -28.338
88    -28.601
89    -7.024
90    -28.2
91    -27.777
92    -6.7349997
93    -28.275
94    -5.9779997
95    -28.506
96    -28.559
97    -9.61
98    -27.304
99    -5.311
100    -28.255
101    -28.677
102    -28.414
103    -4.406
104    -6.071
105    -27.536
106    -28.561
107    -5.759
108    -28.904
109    -7.128
110    -28.556
111    -9.096
112    -28.366
113    -6.98
114    -27.739
115    -2.92
116    -28.797
117    -7.138
118    -27.634
119    -8.651
120    -28.834
121    -7.918
122    -28.672
123    0.14900005
124    -28.718
125    -7.981
126    -28.409
127    -27.827
128    -7.969
129    -28.651
130    -4.911
131    -28.646
132    -7.286
133    -27.848999
134    -9.992
135    -7.302
136    -28.235
137    -26.355
138    -12.023
139    -28.726
140    -6.2539997
141    -28.401
142    -10.955
143    -11.357
144    -28.42
145    -12.193
146    -28.568
147    -4.054
148    -28.344
149    -12.133
150    -26.821
151    -13.231
152    -28.997
153    -10.66
154    -11.43
155    -28.444
156    -11.486
157    -28.157
158    -11.02
159    -28.107
160    -11.879
161    -28.6
162    -11.076
163    -27.444
164    -6.269
165    -28.457
166    -12.867
167    -28.682
168    -11.999
169    -28.534
170    -12.755
171    -28.282999
172    -11.189
173    -28.755
174    -10.938
175    -28.581
176    -13.101
177    -28.711
178    -7.118
179    -28.51
180    -7.5629997
181    -28.764
182    -12.09
183    -28.821
184    -7.21
185    -28.436
186    -11.596
187    -28.246
188    -10.997
189    -28.431
190    -12.073
191    -28.691
192    -12.192
193    -27.654
194    -12.02
195    -27.69
196    -10.915
197    -27.571
198    -11.0
199    -28.53
200    -10.823
201    -34.132
202    -5.374
203    -33.336998
204    -10.544
205    -34.259
206    -5.499
207    -34.085
208    -34.315
209    -34.508
210    -33.192
211    -34.135
212    -33.889
213    -33.7
214    -34.408
215    -34.272
216    -34.516
217    -34.585
218    -34.158
219    -33.988
220    -34.425
221    -32.983
222    -34.24
223    -33.301
224    -34.734
225    -34.59
226    -33.856
227    -34.461998
228    -34.711998
229    -34.261
230    -33.205
231    -34.529
232    -34.605
233    -34.485
234    -33.469
235    -33.361
236    -33.42
237    -33.676
238    -34.42
239    -33.241
240    -34.434
241    -34.391
242    -34.55
243    -33.486
244    -34.182
245    -34.456
246    -33.566
247    -34.558
248    -34.09
249    -34.685
250    -34.414
251    -34.607
252    -34.86
253    -33.475
254    -34.301
255    -34.508
256    -33.302
257    -34.519
258    -34.141
259    -34.291
260    -34.028
261    -34.37
262    -34.645
263    -33.651
264    -34.108
265    -34.798
266    -34.643
267    -34.706
268    -33.161
269    -34.303
270    -34.156
271    -33.431
272    -33.347
273    -33.483
274    -33.294
275    -32.458
276    -34.499
277    -34.379
278    -34.559
279    -34.68
280    -34.538
281    -34.341
282    -34.582
283    -34.783
284    -32.876
285    -33.788
286    -34.406
287    -34.457
288    -33.777
289    -34.209
290    -33.413
291    -32.21
292    -33.432
293    -34.457
294    -33.935
295    -34.159
296    -34.777
297    -34.558
298    -34.664
299    -34.227
300    -33.671
301    -34.6
302    -33.682
303    -34.694
304    -34.474
305    -34.412
306    -34.453
307    -34.0
308    -34.589
309    -34.563
310    -33.569
311    -34.043
312    -34.487
313    -34.31
314    -34.704
315    -34.27
316    -34.36
317    -34.189
318    -33.699
319    -34.125
320    -33.98
321    -34.739
322    -34.495
323    -34.187
324    -34.102
325    -33.912
326    -34.664
327    -34.579
328    -34.391
329    -34.622
330    -34.249
331    -34.268
332    -34.688
333    -37.941
334    -39.072998
335    -39.711
336    -39.473
337    -38.785
338    -38.288
339    -38.06
340    -39.237
341    -38.194
342    -38.619
343    -39.397
344    -38.033
345    -38.615
346    -39.797
347    -39.403
348    -39.065998
349    -39.393
350    -39.29
351    -39.173
352    -39.302
353    -38.253
354    -39.267
355    -39.559
356    -38.56
357    -38.292
358    -39.517
359    -39.632
360    -34.727
361    -39.741
362    -34.06
363    -39.398
364    -34.168
365    -39.516
366    -33.557
367    -38.431
368    -34.534
369    -34.772
370    -33.482
371    -34.519
372    -34.238
373    -34.686
374    -33.717
375    -34.653
376    -34.367
377    -34.632
378    -32.569
379    -34.393
380    -34.646
381    -33.107
382    -33.753
383    -34.848
384    -34.2
385    -34.042
386    -34.055
387    -28.539
388    -28.471
389    -28.308
390    -31.415
391    -32.463
392    -31.376
393    -32.469
394    -32.181
395    -32.654
396    -32.886
397    -32.32
398    -31.098
399    -32.407
400    -31.619
401    -32.598
402    -54.161
403    -54.145
404    -54.412
405    -54.927
406    -54.386
407    -55.002
408    -54.745
409    -54.914
410    -55.096
411    -54.322
412    -55.335
413    -55.011
414    -54.2
415    -53.801
416    -55.274
417    -54.919
418    -54.404
419    -54.937
420    -54.973
421    -54.051
422    -54.084
423    -54.839
424    -53.988
425    -55.219
426    -53.904
427    -55.199
428    -55.269
429    -55.307
430    -56.37
431    -55.038
432    -54.228
433    -55.251
434    -55.885
435    -56.197998
436    -56.128
437    -55.977
438    -56.118
439    -55.092
440    -56.152
441    -56.136
442    -56.091
443    -51.209
444    -54.684
445    -56.011
446    -55.74
447    -55.233
448    -42.395
449    -56.17
450    -56.225
451    -56.352
452    -55.964
453    -56.189
454    -56.059
455    -56.357
456    -54.136
457    -55.385
458    -43.304
459    -55.114
460    -56.189
461    -56.033
462    -55.521
463    -51.471
464    -53.433
465    -56.247
466    -56.446
467    -54.32
468    -49.969
469    -55.961
470    -54.908
471    -55.985
472    -55.115
473    -56.101
474    -55.847
475    -56.238
476    -51.047
477    -56.07
478    -56.396
479    -56.047
480    -56.244
481    -55.95
482    -51.259
483    -56.211998
484    -56.145
485    -55.117
486    -55.499
487    -55.123
488    -54.978
489    -51.211998
490    -56.042
491    -54.21
492    -54.977
493    -56.062
494    -51.002
495    -55.895
496    -55.367
497    -56.076
498    -55.081
499    -56.168
500    -55.346
501    -51.267
502    -56.284
503    -56.161
504    -55.165
505    -53.979
506    -50.871
507    -56.196
508    -43.245
509    -56.102
510    -54.99
