0    -24.296
1    -22.324
2    -21.542
3    -21.967
4    -21.228
5    -22.477
6    -22.558
7    -20.97
8    -28.714
9    -22.303
10    -21.619
11    -22.151
12    -20.466
13    -22.103
14    -22.134
15    -21.629
16    -21.925
17    -16.213
18    -15.355
19    -14.866
20    -16.357
21    -4.109
22    -12.617
23    -12.581
24    -12.0789995
25    -12.659
26    -12.598
27    -12.309
28    -12.426
29    -12.474
30    -12.794
31    -14.782
32    -12.582
33    -12.582
34    -12.471
35    -12.339
36    -11.757
37    -12.398
38    -13.015
39    -12.782
40    -12.689
41    -12.778
42    -12.617
43    -12.959
44    -12.631
45    -12.944
46    -11.807
47    -12.266
48    -12.882999
49    -12.74
50    -9.568
51    -12.422
52    -12.176
53    -12.696
54    -10.262
55    -12.816999
56    -12.863
57    -12.526
58    -12.498
59    -12.500999
60    -12.809
61    -12.875999
62    -12.022
63    -12.412
64    -12.014999
65    -13.811
66    -12.63
67    -15.043
68    -15.7
69    -11.999
70    -1.237
71    -12.467
72    -12.946
73    -12.298
74    -13.76
75    -10.733
76    -12.571
77    -12.1119995
78    -16.161
79    -14.602
80    -12.804
81    -13.074
82    -12.04
83    -12.83
84    -12.703
85    -11.689
86    -10.972
87    -5.835
88    -12.903
89    -10.302
90    -12.339
91    -12.024
92    -15.45
93    -1.148
94    -2.708
95    -1.0739999
96    -1.231
97    -1.1459999
98    -2.939
99    -1.6299999
100    -2.467
101    -2.449
102    -0.658
103    -2.823
104    -1.292
105    -2.8439999
106    -1.362
107    -2.747
108    -1.148
109    -2.7329998
110    -1.8729999
111    -2.6339998
112    -1.504
113    -2.914
114    -2.8119998
115    -2.9299998
116    -2.374
117    -1.4559999
118    -2.591
119    -2.169
120    -2.84
121    -2.921
122    -2.7059999
123    -1.981
124    -2.59
125    -2.717
126    -2.994
127    -2.862
128    -2.789
129    -2.507
130    -2.888
131    -3.045
132    -2.383
133    -2.573
134    -2.886
135    -2.618
136    -2.6269999
137    -1.119
138    -0.56799996
139    -1.0379999
140    -2.808
141    -1.574
142    -9.851
143    -5.706
144    -5.816
145    -9.316999
146    -5.802
147    -5.579
148    -6.118
149    -7.9519997
150    -5.864
151    -5.704
152    -0.928
153    -5.245
154    -5.322
155    -8.368
156    -3.044
157    2.6060002
158    2.7250001
159    2.1590002
160    2.062
161    2.256
162    3.0790002
163    3.5330002
164    2.858
165    -5.177
166    2.9850001
167    21.627
168    0.73300004
169    1.22
170    0.70400006
171    -12.024
172    0.841
173    0.71400005
174    -14.197
175    0.707
176    0.95400006
177    0.694
178    0.652
179    0.69600004
180    0.77300006
181    0.67
182    1.0840001
183    0.77400005
184    0.5450001
185    0.6700001
186    0.5170001
187    0.50600004
188    0.1270001
189    0.9950001
190    0.7170001
191    1.4410002
192    0.4180001
193    0.7010001
194    0.47600007
195    0.2980001
196    9.092
197    0.0710001
198    -0.5789999
199    1.1140001
200    0.5710001
201    0.3060001
202    -0.1609999
203    2.0370002
204    0.024000049
205    0.31200004
206    -0.0149998665
207    0.20200002
208    0.77000004
209    0.813
210    -3.174
211    0.924
212    -2.119
213    -1.8049998
214    -1.6599998
215    -2.0679998
216    2.269
217    1.5130001
218    2.5440001
219    -2.183
220    -2.05
221    -2.191
222    -2.132
223    -2.0579998
224    -2.192
225    -2.067
226    -2.25
227    -1.8869998
228    -2.1019998
229    -2.361
230    -2.31
231    -2.129
232    -2.3799999
233    -2.1679997
234    -1.7089999
235    -1.9289999
236    -1.4879999
237    -2.237
238    -2.079
239    -2.116
240    -2.091
241    -1.9749999
242    -2.011
243    -2.031
244    -2.027
245    -1.395
246    -1.8679998
247    -2.1139998
248    -2.2189999
249    -2.02
250    -1.685
251    -2.145
252    -1.9199998
253    -1.7249999
254    1.6240001
255    -1.981
256    2.0740001
257    -1.747
258    -2.1859999
259    -2.36
260    -1.6789999
261    1.6710001
262    1.8600001
263    -1.2059999
264    -1.727
265    -2.1499999
266    2.512
267    -5.2
268    -5.584
269    -2.587
270    -9.937
271    -5.548
272    -5.705
273    2.707
274    -6.288
275    2.615
276    1.0090001
277    -5.601
278    2.2640002
279    -5.893
280    -5.948
281    1.7030001
282    0.5760002
283    2.427
284    -2.335
285    -4.137
286    0.92300004
287    -3.7459998
288    0.59900045
289    -4.1099997
290    1.261
291    -4.4639997
292    1.5460001
293    -2.751
294    1.539
295    1.056
296    2.0340002
297    -4.0959997
298    -2.48
299    2.25
300    -2.783
301    -4.078
302    1.6790001
303    -2.816
304    -4.421
305    -4.007
306    8.27
307    -3.9229999
308    1.271
309    2.207
310    -5.904
311    2.164
312    -4.46
313    1.7010001
314    -4.357
315    -1.7329998
316    -0.26499987
317    0.526
318    -2.1009998
319    -4.366
320    -2.0049999
321    -4.152
322    -2.0949998
323    -2.1999998
324    -0.63899994
325    -1.9909999
326    -3.8719997
327    -1.9289999
328    -4.557
329    -1.8639998
330    -1.157
331    -2.216
332    -0.888
333    -4.166
334    1.9800001
335    -1.183
336    0.4050002
337    -1.395
338    -2.2779999
339    -1.9889998
340    -0.46099997
341    -2.177
342    1.455
343    1.7070001
344    -1.777
345    -2.2419999
346    -3.7719998
347    2.0800002
348    1.6760001
349    1.945
350    -3.793
351    2.028
352    1.8570001
353    2.095
354    -2.0299997
355    1.8100001
356    1.6090001
357    -2.0429997
358    1.881
359    1.8900001
360    -2.2319999
361    -2.336
362    1.8510001
363    2.069
364    -2.106
365    2.453
366    -0.5639999
367    1.5500001
368    1.881
369    1.738
370    -1.0869999
371    -2.189
372    1.6
373    1.8220001
374    6.3
375    -2.1069999
376    -1.859
377    -2.304
378    -1.9849999
379    2.1620002
380    1.565
381    2.0340002
382    -1.7379999
383    -2.3639998
384    1.8830001
385    -2.172
386    1.6560001
387    1.531
388    -5.1289997
389    -4.185
390    5.7580004
391    0.0050001144
392    -0.21499991
393    -0.013999939
394    0.33700013
395    1.3740001
396    -1.7019999
397    0.041000128
398    1.733
399    -0.39499998
400    -3.5319998
401    1.6570001
402    -4.0839996
403    1.797
404    -4.036
405    -3.205
406    -0.45399988
407    1.7780001
408    0.5830002
409    -4.252
410    -2.098
411    -4.098
412    -4.4709997
413    3.436
414    -0.43499994
415    2.1200001
416    -0.41199994
417    2.7040002
418    -3.439
419    1.6930001
420    -1.6209998
421    -3.888
422    -0.543
423    0.2900002
424    1.858
425    -2.373
426    1.396
427    1.8460001
428    1.6860001
429    1.9290001
430    1.7580001
431    1.6590002
432    0.09200001
433    -4.771
434    -0.32899988
435    -3.8769999
436    -5.415
437    1.7590001
438    -4.19
439    -6.536
440    0.53400016
441    -6.251
442    1.9300001
443    -1.816
444    -2.1299999
445    0.14600003
446    0.51600003
447    1.1430001
448    -1.9699999
449    0.70300007
450    0.41900003
451    -1.4269999
452    -1.9519999
453    1.092
454    0.33300006
455    0.50600004
456    1.1600001
457    -1.824
458    -2.1
459    0.069000006
460    -1.2229999
461    -2.418
462    1.3390002
463    -1.1479999
464    1.0450001
465    -2.1
466    0.33500004
467    -1.9699999
468    -2.01
469    -0.30499995
470    -1.829
471    -1.8089999
472    0.19000006
473    -1.7729999
474    0.53700006
475    -0.64199996
476    -2.086
477    0.148
478    -2.0219998
479    0.63400006
480    0.44300008
481    0.54200006
482    1.0670002
483    1.5290003
484    0.76900005
485    -5.773
486    -5.229
487    -3.159
488    -3.168
489    -5.466
490    -5.3719997
491    -5.664
492    -8.85
493    -5.591
494    -3.154
495    -5.81
496    -5.2799997
497    -5.266
498    -5.6359997
499    -5.289
500    -0.12499994
501    -5.9309998
502    -2.7729998
503    -5.884
504    -3.08
505    1.83
506    -5.506
507    -5.428
508    -4.021
509    -3.6069999
510    -3.258
511    -3.205
512    -5.758
513    -3.132
514    -5.874
515    -6.658
516    -5.727
517    -5.0579996
518    -10.122
519    -2.244
520    -3.041
521    -3.129
522    -3.095
523    -3.037
524    -3.254
525    -5.054
526    -3.087
527    -5.312
528    -5.932
529    -5.7609997
530    -2.824
531    -5.9379997
532    -5.988
533    19.838
534    -5.687
535    -3.086
536    -3.225
537    -2.3249998
538    -2.901
539    -3.202
540    -6.166
541    -3.215
542    -2.138
543    -3.151
544    -3.039
545    16.956
546    -5.933
547    -3.144
548    -5.429
549    -3.229
550    -5.565
551    -2.596
552    -3.185
553    -5.765
554    -3.059
555    -9.537
556    -9.689
557    -9.573999
558    -9.500999
559    -9.65
560    -9.785
561    -9.933
562    -9.913
563    -9.673
564    -9.873
565    -9.776
566    -9.605
567    -9.806
568    -9.815
569    -9.893
570    -9.8
571    -9.874
572    -9.705
573    -9.561
574    -9.703
575    -9.649
576    -9.517
577    -5.307
578    -5.954
579    -5.635
580    -3.194
581    -3.742
582    -5.403
583    -5.483
584    2.417
585    -5.84
586    -5.8199997
587    -5.239
588    -5.836
589    -5.895
590    -5.803
591    -3.229
592    -5.961
593    -5.6099997
594    -3.181
595    -3.1759999
596    -3.158
597    -3.085
598    -3.096
599    -3.169
600    -5.686
601    -5.143
602    -6.182
603    -3.199
604    -6.558
605    -5.388
606    -3.092
607    -5.957
608    -5.234
609    -5.487
610    -5.47
611    -3.235
612    -3.082
613    1.016
614    -3.24
615    -3.1859999
616    -5.4779997
617    -0.765
618    -5.738
619    -3.185
620    -5.751
621    -3.0839999
622    0.59300005
623    -3.1009998
624    -3.619
625    -3.117
626    -3.234
627    -5.68
628    -5.112
629    -1.9369999
630    0.05000007
631    1.0450001
632    -3.05
633    0.68700004
634    -3.697
635    -5.428
636    -3.249
637    -3.1729999
638    0.75200003
639    1.0020001
640    -5.884
641    -2.258
642    0.93200004
643    -3.814
644    -5.246
645    0.768
646    0.634
647    0.915
648    0.67700005
649    4.026
650    1.1880001
651    0.82500005
652    1.463
653    0.61300004
654    1.014
655    0.901
656    -3.191
657    1.039
658    0.897
659    3.9780002
660    1.008
661    -5.453
662    1.251
663    1.019
664    0.647
665    0.60800004
666    0.791
667    -4.812
668    1.2780001
669    0.693
670    0.90000004
671    0.98
672    0.998
673    0.71400005
674    0.97800004
675    0.89300007
676    -1.902
677    2.843
678    0.929
679    -127.943
680    -127.895
681    -127.866
682    -127.715
683    -127.649
684    -127.801
685    -127.837
686    -127.845
687    -127.92
688    -127.894
689    -127.926
690    -127.809
691    -127.876
692    -127.883
693    -127.816
694    -128.125
695    -127.811
696    -157.029
697    -157.042
698    -127.725
699    -127.936
700    -127.911
701    -127.857
702    -127.897
703    -127.944
704    -127.969
705    -127.833
706    -127.911
707    -127.832
708    -127.992
709    -127.938
710    -127.954
711    -127.8
712    -128.05
713    -127.873
714    -127.956
715    -127.823
716    -127.775
717    -127.944
718    -127.968
719    -127.906
720    -127.894
721    -127.818
722    -127.776
723    -127.902
724    -127.675
725    -127.861
726    -127.892
727    -128.126
728    -127.794
729    -127.92
730    -127.863
731    -156.992
732    -127.893
733    -127.815
734    -127.806
735    -127.937
736    -127.953
737    -127.917
738    -127.886
739    -127.911
740    -127.814
741    -127.918
742    -127.94
743    -127.792
744    -127.932
745    -128.022
746    -127.955
747    -127.923996
748    -127.809
749    -128.039
750    -127.884
751    -127.901
752    -127.844
753    -128.014
754    -127.795
755    -127.851
756    -127.907
757    -127.9
758    -127.856
759    -128.015
760    -127.969
761    -127.869
762    -127.946
763    -127.899
764    -127.911
765    -128.015
766    -128.042
767    -127.891
768    -127.99
769    -128.13
770    -128.029
