0    -3.846
1    -6.092
2    -5.802
3    -6.804
4    -2.401
5    -7.146
6    -5.472
7    -4.049
8    -5.128
9    -7.055
10    -6.847
11    -10.594
12    -4.377
13    -4.963
14    -9.79
15    -3.253
16    -2.446
17    -3.0879998
18    -2.266
19    -3.307
20    -3.32
21    -3.126
22    -4.453
23    -3.754
24    -3.557
25    -4.39
26    -4.375
27    -2.953
28    -15.255
29    -4.781
30    -3.189
31    -3.096
32    1.462
33    1.544
34    -0.18299997
35    -3.38
36    -0.24599999
37    -2.063
38    0.055000067
39    -0.48899996
40    0.031000018
41    1.501
42    -1.227
43    -0.41999996
44    1.618
45    -0.454
46    -0.29899997
47    -0.352
48    -0.40499997
49    -0.38099998
50    -0.41499996
51    -2.5609999
52    0.015000105
53    -0.44399995
54    0.060000062
55    -0.20499998
56    -3.33
57    -0.55499995
58    -0.28699994
59    -0.06999993
60    0.75500005
61    1.0120001
62    -2.448
63    -0.61399996
64    -0.19199997
65    -0.487
66    0.814
67    1.322
68    0.21800005
69    -0.25399995
70    -0.28399998
71    0.3080001
72    0.3080001
73    0.07800007
74    1.057
75    -0.21599996
76    0.596
77    1.9810001
78    0.70100003
79    1.595
80    1.781
81    0.503
82    0.45400003
83    0.70600003
84    0.68600005
85    -9.152
86    1.5830001
87    0.78300005
88    1.386
89    3.775
90    1.2880001
91    0.83300006
92    0.48600006
93    0.48600006
94    -1.375
95    5.62
96    0.748
97    -1.188
98    0.49100003
99    0.66
100    0.841
101    0.91400003
102    0.74500006
103    0.69600004
104    0.89500004
105    -1.0289999
106    -14.736
107    -1.6
108    -1.05
109    -0.92199993
110    -1.1439999
111    -0.472
112    -1.158
113    -0.86099994
114    -0.18399996
115    -0.18399996
116    -1.453
117    -0.99
118    -0.8169999
119    -0.357
120    -0.10099995
121    -0.9419999
122    -1.5999999
123    -0.33499992
124    1.1220001
125    0.54200006
126    1.2210001
127    0.67700005
128    0.48900002
129    0.462
130    0.43500003
131    0.689
132    0.24000001
133    0.50200003
134    0.86700004
135    -0.18999994
136    -0.24299997
137    -1.654
138    -0.30799997
139    -1.198
140    1.741
141    -1.148
142    0.63900006
143    1.0940001
144    1.0780001
145    -0.18399996
146    -0.30999994
147    0.03400004
148    0.22700012
149    0.003000021
150    2.483
151    -0.32199997
152    -0.49299997
153    1.7770001
154    1.7770001
155    1.848
156    0.95800006
157    1.2060001
158    1.2590001
159    0.37100005
160    1.8190001
161    0.83300006
162    0.81700003
163    0.90400004
164    0.757
165    0.75500005
166    0.96000004
167    1.01
168    0.563
169    1.3740001
170    0.98200005
171    0.70900005
172    1.304
173    -1.382
174    1.0170001
175    3.3060002
176    0.651
177    0.546
178    1.121
179    -0.43899995
180    0.66800004
181    1.062
182    0.81000006
183    -1.0509999
184    0.77800006
185    0.822
186    0.651
187    0.666
188    0.91800004
189    1.8670001
190    0.845
191    1.3820001
192    0.97800004
193    0.67300004
194    0.906
195    0.90500003
196    0.762
197    0.71500003
198    1.7110001
199    0.84800005
200    0.73600006
201    0.957
202    0.94100004
203    0.74700004
204    0.86600006
205    1.064
206    1.3470001
207    0.72300005
208    1.4540001
209    0.569
210    0.88100004
211    0.92700005
212    0.906
213    0.84800005
214    0.804
215    1.0270001
216    2.81
217    1.1400001
218    0.83300006
219    1.256
220    0.59400004
221    0.59300005
222    0.717
223    1.8690001
224    1.2140001
225    1.6380001
226    0.577
227    3.0560002
228    0.89100003
229    2.466
230    0.744
231    1.1340001
232    0.683
233    1.307
234    1.3330001
235    0.69600004
236    0.633
237    0.83100003
238    0.93700004
239    0.75900006
240    1.2260001
241    0.73700005
242    0.73600006
243    1.0
244    1.088
245    1.0830001
246    0.77800006
247    0.79200006
248    0.887
249    0.915
250    0.957
251    1.246
252    0.78000003
253    0.896
254    0.84400004
255    1.4660001
256    0.93900007
257    0.624
258    0.711
259    1.088
260    0.72300005
261    1.501
262    1.442
263    0.75500005
264    0.70100003
265    0.92
266    1.0810001
267    0.67300004
268    1.029
269    0.74300003
270    0.84300005
271    0.82500005
272    1.0040001
273    0.781
274    5.0559998
275    0.98
276    0.799
277    0.66300005
278    0.55200005
279    2.2710001
280    0.85400003
281    0.92200005
282    0.73
283    0.822
284    0.809
285    0.492
286    0.675
287    0.527
288    0.9710001
289    0.74200004
290    0.749
291    1.1340001
292    0.892
293    1.118
294    0.637
295    0.87100005
296    0.734
297    0.87900007
298    0.83400005
299    0.492
300    0.748
301    0.99700004
302    0.67800003
303    0.049000025
304    0.76600003
305    2.151
306    0.83300006
307    1.08
308    0.938
309    0.87100005
310    0.578
311    0.88900006
312    0.65300006
313    0.78300005
314    0.91600007
315    0.74
316    -0.22499996
317    -0.099999964
318    1.5090001
319    0.92600006
320    0.199
321    0.74200004
322    -0.32299995
323    0.957
324    2.013
325    0.64900005
326    0.74300003
327    0.035000086
328    0.69200003
329    1.312
330    -0.31499994
331    1.661
332    0.69100004
333    0.82500005
334    0.72900003
335    0.82100004
336    0.97400004
337    1.0500001
338    0.78700006
339    0.846
340    0.915
341    -0.70799994
342    0.083000064
343    1.156
344    -0.14899999
345    1.6600001
346    0.80300003
347    0.82900006
348    0.71000004
349    0.786
350    0.86100006
351    0.87700003
352    0.933
353    1.149
354    1.1090001
355    1.768
356    0.674
357    0.68600005
358    0.90800005
359    1.031
360    -5.106
361    0.762
362    0.72700006
363    0.689
364    0.814
365    0.73
366    0.638
367    0.91400003
368    0.906
369    0.06700003
370    0.88000005
371    0.882
372    0.71500003
373    2.528
374    0.56200004
375    0.08400011
376    1.758
377    0.989
378    1.026
379    0.65300006
380    0.91400003
381    0.883
382    0.100000024
383    0.60200006
384    0.94600004
385    0.781
386    1.102
387    -0.02399993
388    2.1490002
389    1.7030001
390    -5.192
391    0.83900005
392    0.84300005
393    0.08700001
394    0.73300004
395    0.772
396    0.82000005
397    1.508
398    0.648
399    0.97300005
400    0.595
401    1.71
402    0.75000006
403    1.725
404    1.2190001
405    0.975
406    -5.175
407    0.851
408    0.039000034
409    0.794
410    0.85300004
411    0.65500003
412    0.69200003
413    -0.042999983
414    0.91200006
415    0.69900006
416    1.225
417    1.113
418    -0.032999933
419    0.70500004
420    0.92800003
421    -0.29999995
422    0.726
423    1.931
424    1.8100001
425    0.67800003
426    0.648
427    0.648
428    0.81500006
429    1.813
430    0.80500007
431    0.80500007
432    -0.07099998
433    1.013
434    0.83300006
435    0.74200004
436    0.82800007
437    0.93500006
438    0.514
439    1.2870001
440    1.0630001
441    0.591
442    0.753
443    0.95800006
444    1.938
445    0.82500005
446    0.818
447    1.23
448    0.679
449    0.892
450    0.70600003
451    0.92700005
452    0.777
453    1.714
454    0.485
455    0.99600005
456    0.6
457    0.758
458    0.58400005
459    0.87500006
460    1.049
461    0.88100004
462    1.3010001
463    -1.88
464    -1.8399999
465    -1.4649999
466    -1.9419999
467    -1.823
468    -1.886
469    -1.88
470    -1.887
471    -1.972
472    -1.685
473    -1.877
474    -2.221
475    -1.8829999
476    -1.938
477    -2.199
478    -2.254
479    -8.667
480    -1.8089999
481    -1.384
482    -1.039
483    -2.1469998
484    -1.405
485    -1.859
486    -2.1209998
487    -2.099
488    -2.339
489    -2.2719998
490    -2.112
491    -2.0289998
492    -1.903
493    -1.891
494    -1.901
495    -2.194
496    -1.878
497    -1.894
498    -1.883
499    -1.8889999
500    -1.892
501    -1.885
502    -1.877
503    -7.767
504    -1.886
505    -1.901
506    -1.891
507    -1.242
508    -1.65
509    -1.911
510    -1.882
511    -1.891
512    -1.903
513    -1.887
514    -1.886
515    -2.146
516    -2.212
517    -2.1929998
518    -1.7659999
519    -1.1809999
520    -1.2909999
521    -1.275
522    -2.063
523    -1.869
524    -1.78
525    -1.8139999
526    -8.384
527    -1.765
528    -1.3189999
529    -1.8629999
530    -2.151
531    -1.841
532    -1.884
533    -1.888
534    -1.7629999
535    -2.183
536    -1.864
537    -2.308
538    -1.724
539    -0.20599985
540    -1.783
541    -1.6429999
542    -1.93
543    -1.994
544    -2.3309999
545    -1.4419999
546    -2.205
547    -2.5679998
548    -0.12099981
549    -1.67
550    -1.9009999
551    -1.816
552    -1.8529999
553    -1.782
554    -0.47199988
555    -1.908
556    -2.062
557    -2.123
558    -1.8479999
559    -2.184
560    -2.141
561    -1.9
562    -4.807
563    -2.32
564    -1.836
565    -0.6839998
566    -1.9139999
567    -2.178
568    1.4810001
569    -1.979
570    -1.958
571    -1.8809999
572    -1.68
573    -1.931
574    -1.99
575    -2.076
576    -2.037
577    -1.869
578    -1.859
579    -2.043
580    -1.894
581    -2.023
582    -1.902
583    -1.953
584    -1.4499999
585    -1.0159999
586    -1.6489999
587    -1.6659999
588    -1.8779999
589    -1.9229999
590    -1.2599999
591    -1.87
592    -1.882
593    -1.8499999
594    -1.844
595    -1.856
596    -2.069
597    -1.732
598    -1.757
599    -2.1759999
600    -1.5059999
601    -1.8889999
602    -2.033
603    -1.861
604    -1.6989999
605    -1.8529999
606    -1.87
607    -4.766
608    -2.1009998
609    -1.8089999
610    -1.8429999
611    -1.951
612    -1.7019999
613    -3.919
614    -2.0379999
615    -1.489
616    -2.025
617    -1.846
618    -1.3439999
619    -1.611
620    -3.9889998
621    -2.077
622    -1.75
623    -1.045
624    -1.847
625    -1.073
626    -1.8499999
627    -1.4009999
628    -2.0349998
629    -1.7329999
630    -1.3699999
631    -2.1469998
632    -1.3619999
633    -3.974
634    -2.041
635    -1.466
