0    -29.422
1    -43.866
2    -29.698
3    -29.381
4    -43.822998
5    -43.572
6    -46.607
7    -43.253
8    -29.831
9    -43.771
10    -29.512
11    -46.437
12    -29.307
13    -34.927
14    -43.772
15    -29.205
16    -44.458
17    -29.487
18    -29.681
19    -44.379
20    -43.54
21    -29.54
22    -43.819
23    -29.494999
24    -29.633
25    -29.362999
26    -43.359
27    -29.605999
28    -29.605999
29    -30.679
30    -29.566
31    -43.489
32    -33.395
33    -29.621
34    -43.241
35    -45.783
36    -30.411
37    -9.657
38    -29.919
39    -43.555
40    -30.076
41    -29.913
42    -29.001999
43    -43.516
44    -43.495
45    -30.134
46    -43.794
47    -29.898
48    -29.658
49    -66.408
50    -29.681
51    -29.633
52    -29.898
53    -9.792
54    -29.354
55    -43.908
56    -29.732
57    -30.107
58    -29.934
59    -29.622
60    -29.858
61    -44.78
62    -29.757
63    -43.743
64    -30.066
65    -29.246
66    -29.307
67    -29.846
68    -43.687
69    -30.032
70    -29.271
71    -29.648
72    -29.177
73    -29.322
74    -29.867
75    -29.476
76    -31.431
77    -29.463
78    -29.698
79    -29.884
80    -45.86
81    -29.548
82    -29.453
83    -29.532
84    -16.176
85    -16.571
86    -16.957
87    -16.811
88    -16.959
89    -16.869
90    -16.657
91    -30.855999
92    -17.751
93    -17.076
94    -32.013
95    -30.893
96    -30.583
97    -16.357
98    -17.151
99    -16.853
100    -17.06
101    -16.122
102    -16.813
103    -30.995
104    -16.72
105    -16.857
106    -30.102
107    -17.209
108    -16.654
