0    -28.157999
1    -28.155
2    -28.149
3    -28.103
4    -28.205
5    -28.182
6    -28.18
7    -28.202
8    -28.184
9    -28.167
10    -28.157
11    -28.147
12    -28.208
13    -28.142
14    -28.154
15    -28.151
16    -28.167
17    -28.18
18    -28.157999
19    -28.157
20    -28.147
21    -28.148
22    -28.135
23    -28.151
24    -28.136
25    -28.149
26    -28.144
27    -28.183
28    -28.135
29    -28.109
30    -28.166
31    -28.159
32    -28.154
33    -28.134
34    -28.174
35    -28.13
36    -28.167
37    -28.185
38    -28.167
39    -28.125
40    -28.157
41    -28.198
42    -28.146
43    -28.199
44    -28.144
45    -28.187
46    -28.14
47    -28.174
48    -28.164
49    -28.16
50    -28.149
51    -28.123
52    -28.138
53    -28.173
54    -28.157
55    -28.123
56    -28.17
57    -28.169
58    -28.128
59    -28.186
60    -28.141
61    -28.144
62    -28.17
63    -28.12
64    -28.195
65    -28.161
66    -28.213
67    -28.176
68    -28.165
69    -28.151
70    -28.136
71    -28.149
72    -28.164
73    -28.162
74    -28.151
75    -28.197
76    -28.163
77    -28.172
78    -28.163
79    -28.166
80    -28.111
81    -28.167
82    -28.187
83    -28.171
84    -28.131
85    -28.165
86    -28.14
87    -28.157
88    -28.167
89    -28.189
90    -28.157
91    -28.22
92    -28.155
93    -28.148
94    -28.14
95    -28.19
96    -28.164
97    -28.195
98    -28.169
99    -28.157999
100    -28.095
101    -28.195
102    -28.129
103    -28.172
104    -28.139
105    -28.124
106    -28.162
107    -28.171
108    -28.166
109    -28.166
110    -28.177
111    -28.135
112    -28.172
113    -28.173
114    -28.168
115    -28.177
116    -28.18
117    -28.143
118    -28.102
119    -28.109
120    -28.138
121    -28.161
122    -28.097
123    -28.112
124    -28.173
125    -28.142
126    -28.131
127    -28.152
128    -28.147
129    -28.148
130    -28.138
131    -28.141
132    -28.171
133    -28.142
134    -28.175
135    -28.162
136    -28.179
137    -28.107
138    -28.137
139    -28.166
140    -28.154
141    -28.192
142    -28.124
143    -28.164
144    -28.132
145    -28.162
146    -28.131
147    -28.186
148    -28.165
149    -28.182
150    -28.135
151    -28.139
152    -28.151
153    -28.154
154    -28.18
155    -28.173
156    -28.092
157    -28.16
158    -28.107
159    -28.171
160    -28.165
161    -28.177
162    -28.154
163    -28.153
164    -28.168
165    -28.163
166    -28.127
167    -28.165
168    -28.139
169    -28.169
170    -28.187
171    -28.149
172    -28.142
173    -28.126
174    -28.181
175    -28.14
176    -28.144
177    -28.119
178    -28.151
179    -28.161
180    -28.176
181    -28.122
182    -28.149
183    -28.177
184    -28.144
185    -28.149
186    -28.159
187    -28.128
188    -28.114
189    -28.162
190    -28.145
191    -28.15
192    -28.136
193    -28.134
194    -28.18
195    -28.151
196    -28.156
197    -28.168
198    -28.101
199    -28.184
200    -28.132
201    -28.14
202    -28.166
203    -28.172
204    -28.164
205    -28.17
206    -28.156
207    -28.153
208    -28.154
209    -28.16
210    -28.131
211    -28.154
212    -28.121
213    -28.197
214    -28.105999
215    -28.166
216    -28.162
217    -28.134
218    -28.14
219    -28.166
220    -28.149
221    -28.178
222    -28.172
223    -28.175
224    -28.147
225    -28.162
226    -28.122
227    -28.157999
228    -28.184
229    -28.147
230    -28.175
231    -28.166
232    -28.144
233    -28.161
234    -28.152
235    -28.15
236    -28.152
237    -28.139
238    -28.15
239    -28.132
240    -28.144
241    -28.184
242    -28.1
243    -28.138
244    -28.165
245    -28.157999
246    -28.122
247    -28.157999
248    -28.104
249    -28.169
250    -28.197
251    -28.169
252    -28.148
253    -28.118
254    -28.165
255    -28.145
256    -28.706
257    -28.706
258    -28.706
259    -28.706
260    -28.159
261    -28.151
262    -28.159
263    -28.169
264    -28.16
265    -28.098999
266    -28.208
267    -28.164
268    -28.112
269    -28.157
270    -28.183
271    -28.188
272    -28.138
273    -28.149
274    -28.17
275    -28.169
276    -28.145
277    -28.129
278    -28.173
279    -28.113
280    -28.177
281    -28.168
282    -28.157
283    -28.186
284    -28.172
285    -28.184
286    -28.173
287    -28.169
288    -28.122
289    -28.168
