0    -39.311
1    -39.36
2    -39.796
3    -38.557
4    -38.327
5    -38.396
6    -39.41
7    -39.084
8    -39.417
9    -39.564
10    -39.404
11    -39.127
12    -37.496
13    -38.2
14    -39.193
15    -39.392
16    -39.233
17    -33.097
18    -34.743
19    -34.225
20    -34.259
21    -33.227
22    -33.473
23    -33.936
24    -33.572998
25    -33.37
26    -34.571
27    -34.23
28    -34.47
29    -34.791
30    -33.109
31    -34.459
32    -34.806
33    -34.503
34    -34.748
35    -34.495
36    -28.585
37    -28.962
38    -28.496
39    -31.516
40    -32.792
41    -32.728
42    -32.628
43    -32.711
44    -31.314
45    -32.447
46    -32.719
47    -32.512
48    -32.391
49    -32.385
50    -31.126
51    -31.645
52    -54.304
53    -55.248
54    -54.518
55    -55.224
56    -54.47
57    -54.945
58    -54.406
59    -55.015
60    -54.88
61    -55.429
62    -54.025
63    -54.469
64    -55.421
65    -55.103
66    -54.813
67    -54.785
68    -53.867
69    -54.668
70    -53.984
71    -55.157
72    -54.825
73    -55.111
74    -54.383
75    -55.328
76    -54.956
77    -54.397
78    -52.905
79    -55.134
80    -54.895
81    -55.787
82    -55.876
83    -55.967
84    -54.956
85    -56.147
86    -55.053
87    -55.85
88    -55.322
89    -56.461
90    -55.753
91    -55.211
92    -55.131
93    -55.938
94    -55.186
95    -55.111
96    -56.194
97    -55.342
98    -56.04
99    -55.264
100    -56.037
101    -54.308
102    -56.195
103    -55.062
104    -54.825
105    -55.993
106    -55.274
107    -56.294
108    -55.157
109    -56.239
110    -54.956
111    -55.064
112    -54.512
113    -55.315998
114    -56.277
115    -55.333
116    -55.996
117    -55.002
118    -54.893
119    -55.236
120    -55.287
121    -56.421
122    -55.966
123    -50.982
124    -55.88
125    -55.322
126    -55.873
127    -55.2
128    -56.006
129    -55.994
130    -55.194
131    -55.31
132    -56.114
133    -55.41
134    -55.162
135    -56.333
136    -56.308
137    -51.313
138    -55.979
139    -55.299
140    -56.116
141    -56.158
142    -56.047
143    -56.275
144    -55.965
145    -56.404
146    -54.17
147    -54.991
148    -56.059
149    -55.12
150    -55.955
151    -50.979
152    -55.938
153    -54.835
154    -56.103
155    -55.482
156    -55.877
157    -56.282
158    -56.415
159    -55.136
160    -56.215
161    -56.304
162    -56.317
163    -55.054
164    -56.347
165    -50.955
166    -56.37
167    -56.328
168    -54.904
169    -54.833
170    -54.609
171    -56.086998
