0    1.4560001
1    0.749
2    0.90700006
3    0.841
4    0.95000005
5    0.99700004
6    1.9850001
7    1.2620001
8    1.243
9    1.296
10    -1.8189999
11    -1.875
12    -2.204
13    -1.902
14    -1.7759999
15    -0.5919999
16    -1.381
17    -0.502
18    -0.67499995
19    -0.673
20    -0.4619999
21    -1.081
22    -0.7659999
23    -0.7299999
24    -0.2809999
25    1.1380002
26    -1.15
27    -0.931
28    -0.31999993
29    -0.43299997
30    -0.49199998
31    -0.706
32    -0.45099998
33    0.32800007
34    -0.92199993
35    -0.7809999
36    -0.51399994
37    -0.783
38    -0.5439999
39    -1.0509999
40    -1.1529999
41    -1.171
42    -0.7019999
43    -0.635
44    -0.6589999
45    -0.7729999
46    -0.5999999
47    -0.852
48    -0.34699988
49    -0.7789999
50    -0.9109999
51    -0.8809999
52    -0.5819999
53    -0.68499994
54    -0.76199996
55    -0.7069999
56    0.06000018
57    -0.70299995
58    -1.003
59    -0.86599994
60    -0.08699989
61    -0.6479999
62    -0.3499999
63    -0.538
64    -0.6559999
65    -0.8139999
66    -0.954
67    -0.936
68    -1.023
69    -0.83299994
70    -0.7449999
71    -1.002
72    -1.354
73    -1.129
74    -0.46099997
75    -0.8859999
76    -1.375
77    -0.8399999
78    -0.76399994
79    -0.30599988
80    0.37000012
81    0.17700005
82    0.365
83    0.3670001
84    0.37300003
85    0.2650001
86    -0.10699993
87    0.44900012
88    0.08400011
89    0.14100003
90    0.8980001
91    0.15700006
92    0.060000062
93    0.39400005
94    0.51900005
95    0.32800007
96    0.245
97    0.036000013
98    0.44900012
99    0.15600002
100    0.13300002
101    -0.375
102    -0.12399995
103    0.18500006
104    0.49600005
105    -0.37299997
106    0.25
107    0.40300012
108    0.20600009
109    0.2830001
110    0.14600003
111    0.4080001
112    0.34300005
113    0.097
114    0.21100008
115    0.31300008
116    0.5000001
117    0.102
118    0.4640001
119    0.1960001
120    0.393
121    0.5940001
122    1.0110002
123    -0.371
124    0.32200003
125    0.7800001
126    0.46000004
127    0.28900003
128    0.36
129    0.85000014
130    0.37500012
131    0.29700005
132    0.36
133    0.3030001
134    0.16500008
135    0.24900007
136    0.3110001
137    0.19800007
138    0.33800006
139    0.31000006
140    0.048000097
141    0.44400012
142    -0.375
143    0.13900006
144    0.222
145    0.36100006
146    0.36400008
147    0.38900006
148    -0.119999945
149    -0.15999997
150    0.14200008
151    0.291
152    0.5730001
153    0.3800001
154    -0.17399997
155    0.2850001
156    0.19500005
157    0.10500002
158    0.31200004
159    0.5530001
160    0.30100012
161    0.199
162    0.06800008
163    2.473
164    -0.04699993
165    0.45000005
166    0.18200004
167    0.39700007
168    1.2250001
169    0.521
170    1.48
171    0.70700014
172    0.6140001
173    0.12900007
174    0.4410001
175    0.2600001
176    0.23700011
177    -0.16999996
178    0.25600004
179    0.032999992
180    0.6170001
181    0.20600009
182    0.22300005
183    0.19000006
184    0.5860001
185    0.5990001
186    0.52900004
187    0.49300003
188    1.0440001
189    0.5730001
190    0.6980001
191    0.5660001
192    0.24100006
193    0.6300001
194    0.84300005
195    0.5730001
196    0.6
197    0.47700012
198    0.76300013
199    0.48800004
200    0.45300007
201    0.08200002
202    0.536
203    0.5000001
204    0.54700005
205    0.6660001
206    0.34000003
207    0.651
208    0.097
209    1.065
210    0.42500007
211    0.554
212    0.73800004
213    0.9130001
214    0.59000003
215    0.63100004
216    0.90700006
217    0.4970001
218    0.6550001
219    0.45400012
220    0.50400007
221    0.6170001
222    0.91900015
223    0.5450001
224    0.44200003
225    0.9100001
226    -0.11199993
227    0.0990001
228    0.85000014
229    0.6650001
230    0.6470001
231    0.42700005
232    0.42400002
233    0.75100005
234    0.5680001
235    0.9710001
236    0.50600004
237    0.56200004
238    1.4610002
239    -0.10799998
240    0.5500001
241    0.40300012
242    0.595
243    0.8950001
244    0.32900012
245    0.083000064
246    0.63300014
247    0.6480001
248    0.5610001
249    0.64100003
250    0.9770001
251    0.2850001
252    0.5810001
253    0.3950001
254    0.31200004
255    0.5970001
256    0.57800007
257    0.7750001
258    0.4920001
259    0.6140001
260    0.462
261    0.5510001
262    0.13800001
263    1.4310002
264    0.15800011
265    0.6270001
266    0.46800005
267    0.5050001
268    0.97300005
269    0.5380001
270    0.78600013
271    0.40100002
272    1.1190002
273    0.43000007
274    0.43800008
275    0.7620001
276    0.43400002
277    1.398
278    0.093000054
279    0.439
280    0.47500002
281    0.51300013
282    0.9440001
283    0.5610001
284    0.43500006
285    0.7170001
286    0.6470001
287    0.32300007
288    0.42900002
289    0.6830001
290    0.29500008
291    0.8240001
292    0.7680001
293    0.623
294    0.7400001
295    0.50100005
296    0.43500006
297    0.4560001
298    0.5280001
299    0.7800001
300    0.5610001
301    0.5810001
302    0.29400003
303    0.6910001
304    0.9770001
305    0.3540001
306    0.7390001
307    0.46700013
308    0.56500006
309    0.42100012
310    0.32300007
311    0.462
312    1.0470002
313    0.5640001
314    0.6400001
315    0.4970001
316    0.5680001
317    0.6420001
318    0.38700008
319    0.8900001
320    0.56200004
321    0.81500006
322    0.9390001
323    1.0180001
324    0.48800004
325    0.5400001
326    0.5970001
327    0.4590001
328    0.5690001
329    0.6500001
330    0.5000001
331    0.99100006
332    0.56500006
333    1.197
334    0.6170001
335    -0.109999955
336    0.5000001
337    0.3160001
338    0.46000004
339    0.5710001
340    0.6960001
341    0.58700013
342    0.4510001
343    0.9260001
344    0.1960001
345    0.748
346    1.1790001
347    0.65400004
348    1.835
349    0.42900002
350    0.5730001
351    0.8520001
352    0.66400003
353    0.53400004
354    0.7140001
355    0.702
356    0.725
357    0.35100007
358    0.10800004
359    0.25400007
360    1.8130002
361    0.6020001
362    0.5680001
363    0.8360001
364    0.32000005
365    0.6580001
366    0.462
367    0.54200006
368    0.7110001
369    0.143
370    4.149
371    0.3900001
372    0.6630001
373    0.24300003
374    0.3820001
375    0.34700012
376    0.5170001
377    0.71200013
378    0.37000012
379    0.7930001
380    0.45500004
381    1.2280002
382    0.5350001
383    0.6190001
384    0.53200006
385    0.56700003
386    0.7140001
387    0.5180001
388    1.1890001
389    0.702
390    0.50900006
391    0.3770001
392    0.07700002
393    0.70700014
394    0.9200001
395    0.68000007
396    0.48600006
397    0.66700006
398    0.9050001
399    0.628
400    0.1680001
401    0.77400005
402    0.5150001
403    0.8010001
404    0.39800012
405    0.6710001
406    0.69200003
407    0.94700015
408    0.35000002
409    0.549
410    0.5580001
411    0.42500007
412    0.7040001
413    0.582
414    0.7160001
415    0.8650001
416    0.5410001
417    0.49600005
418    0.6580001
419    0.75800014
420    0.31200004
421    0.6450001
422    0.91100013
423    1.1880002
424    0.194
425    0.7140001
426    0.48000002
427    0.49400008
428    0.27900004
429    0.39700007
430    0.33800006
431    0.44900012
432    0.15400004
433    0.5230001
434    0.508
435    -0.10399997
436    1.233
437    1.3990002
438    0.76300013
439    0.54200006
440    0.503
441    0.5100001
442    0.30900002
443    0.56500006
444    0.73800004
445    0.5450001
446    0.0990001
447    0.5180001
448    0.23500001
449    0.93000007
450    0.61000013
451    0.6780001
452    0.8240001
453    0.5300001
454    0.26200008
455    0.85300004
456    0.2850001
457    1.2180002
458    0.56200004
459    0.7500001
460    0.7160001
461    0.14700007
462    0.7220001
463    0.4330001
464    0.4920001
465    0.4000001
466    0.08100009
467    0.15700006
468    0.531
469    0.6270001
470    2.121
471    0.4690001
472    0.70000005
473    0.7190001
474    0.44800007
475    0.3440001
476    0.7420001
477    0.6190001
478    0.27100003
479    0.2470001
480    1.0350001
481    0.4510001
482    0.37800002
483    0.48100007
484    0.32300007
485    1.0930002
486    0.9670001
487    0.5380001
488    0.86000013
489    1.0280001
490    0.61600006
491    0.9540001
492    0.39100003
493    0.3720001
494    0.4050001
495    0.4740001
496    0.49600005
497    0.64100003
498    1.7680001
499    0.53400004
500    0.53900003
501    0.6430001
502    0.47300005
503    0.41700006
504    0.4970001
505    0.5910001
506    0.6200001
507    0.88300014
508    0.096000075
509    0.5400001
510    0.8240001
511    0.63300014
512    0.9360001
513    0.5430001
514    1.2310002
515    0.5120001
516    0.4840001
517    0.623
518    0.17800009
519    0.23700011
520    0.16600001
521    0.669
522    0.76300013
523    0.38600004
524    0.21800005
525    0.63400006
526    0.83300006
527    1.098
528    0.68700004
529    0.8110001
530    0.69200003
531    1.181
532    0.7400001
533    0.64900005
534    0.07000005
535    0.43400002
536    0.8460001
537    0.44200003
538    0.23100007
539    0.8650001
540    0.6300001
541    0.17900002
542    0.39200008
543    0.65900004
544    1.5410001
545    1.7620001
546    0.43800008
547    0.42100012
548    0.65600014
549    0.43200004
550    1.0310001
551    0.9180001
552    0.94500005
553    0.57500005
554    0.7730001
555    0.51900005
556    1.434
557    0.68000007
558    0.5910001
559    0.9480001
560    0.623
561    0.27700007
562    0.7060001
563    1.4150002
564    0.49500012
565    1.5300002
566    1.4610002
567    0.6450001
568    0.595
569    0.49500012
570    0.54200006
571    0.5170001
572    0.416
573    0.48900008
574    0.57000005
575    0.7730001
576    0.3490001
577    0.67200005
578    1.8850002
579    1.5250001
580    2.3420002
581    1.3270001
582    1.8000002
583    1.595
584    1.7520001
585    1.9570003
586    1.457
587    1.6760001
588    1.3590002
589    1.769
590    1.9390001
591    1.7580001
592    1.8500001
593    1.6100001
594    1.3620002
595    1.7270002
596    1.8510001
597    1.3300002
598    1.6420002
599    1.167
600    1.2090001
601    1.7880001
602    1.9660001
603    1.5770001
604    2.7470002
605    1.6230001
606    1.6930001
607    1.7110002
608    1.5550001
609    1.6910002
610    1.6460001
611    1.2290001
612    1.2710001
613    1.7820001
614    1.723
615    1.5410001
616    1.7250001
617    1.6070001
618    1.4910002
619    1.5350001
620    1.5120001
621    1.5200002
622    1.6590002
623    1.9060001
624    2.1000001
625    1.733
626    1.565
627    1.2750001
628    1.7960002
629    1.7800002
630    1.7140002
631    2.061
632    1.7390001
633    1.7470002
634    2.348
635    1.7310002
636    1.9220002
637    1.5670002
638    0.9950001
639    1.3530002
640    1.5710001
641    1.868
642    2.2990003
643    1.5760002
644    1.713
645    1.8260002
646    1.592
647    1.2020001
648    1.8800001
649    2.0630002
650    1.654
651    1.6490002
652    1.595
653    1.7390001
654    2.3330002
655    1.8610001
656    1.8370001
657    1.799
658    1.5660002
659    1.5560002
660    1.8750002
661    2.278
662    1.7830002
663    1.6400001
664    2.196
665    1.6480002
666    1.8490002
667    1.9660001
668    1.6810002
669    1.9810002
670    1.7020001
671    1.5410001
672    1.549
673    2.5630002
674    1.5500002
675    2.5590003
676    1.9570003
677    1.73
678    1.8630002
679    1.0210001
680    1.565
681    1.4620001
682    1.904
683    1.526
684    0.99100006
685    1.9550002
686    1.707
687    2.6740003
688    1.8720002
689    1.6560001
690    1.628
691    1.8610001
692    0.9990001
693    1.779
694    1.542
695    1.5870001
696    1.7600002
697    1.7620001
698    0.9990001
699    1.7820001
700    1.3960001
701    1.348
702    1.6100001
703    1.6890001
704    1.6530001
705    2.2890003
706    1.506
707    1.9810002
708    1.7210002
709    1.8400002
710    1.4530001
711    1.6250002
712    2.173
713    1.5840001
714    2.8810003
715    1.2900002
716    1.983
717    1.4360001
718    1.651
719    1.2470002
720    1.411
721    1.9320002
722    2.055
723    2.2180002
724    1.8190002
725    1.6530001
726    1.2570002
727    1.6290002
728    1.776
729    1.4780002
730    1.9080002
731    1.7380002
732    1.536
733    1.707
734    1.5740001
735    1.7260001
736    2.0080001
737    1.743
738    1.5220001
739    2.0730002
740    1.1950002
741    1.9680002
742    2.1890001
743    1.3260002
744    1.9540002
745    1.2570002
746    1.5970001
747    1.3800001
748    1.6160002
749    1.6660001
750    1.6500001
751    1.5600002
752    1.565
753    1.8490002
754    1.3360002
755    1.6480002
756    1.7610002
757    1.6920002
758    1.9100001
759    1.286
760    1.654
761    1.6820002
762    1.6520002
763    1.309
764    1.6220002
765    2.2570002
766    1.5320001
767    1.6290002
768    1.417
769    2.3240001
770    1.6290002
771    1.5960002
772    1.421
773    1.4070001
774    1.276
775    1.8900001
776    1.6690001
777    1.674
778    1.6980002
779    1.7570002
780    1.6820002
781    1.536
782    1.924
783    1.519
784    2.167
785    1.7950001
786    2.0310001
787    2.3920002
788    1.5610001
789    1.674
790    2.3060002
791    1.6010001
792    2.5790002
793    1.924
794    1.5170002
795    1.72
796    1.2050002
797    1.644
798    1.69
799    1.1790001
800    1.5710001
801    1.7950001
802    2.0110002
803    1.8240001
804    0.9990001
805    1.6530001
806    1.5790002
807    1.677
808    1.4980001
809    0.9970001
810    1.7370002
811    2.005
812    1.707
813    2.7800002
814    1.5280001
815    1.8840001
816    1.4100001
817    1.605
818    2.4380002
819    2.374
820    1.7090001
821    1.529
822    1.8500001
823    1.9820001
824    2.2270002
825    1.746
826    1.7550001
827    2.7370002
828    2.3920002
829    2.3660002
830    1.5830002
831    1.529
832    1.6020002
833    1.2740002
834    1.8290002
835    2.7040002
836    1.973
837    3.118
838    1.667
839    1.5470002
840    2.1290002
841    1.4450002
842    1.4760001
843    1.9000001
844    1.6100001
845    1.621
846    1.5940001
847    2.2080002
848    1.404
849    1.8340001
850    2.8470001
851    1.5580001
852    1.73
853    2.0200002
854    1.569
855    2.2350001
856    1.7400002
857    1.5430002
858    1.4230001
859    1.9290001
860    1.5570002
861    1.546
862    1.5220001
863    2.0270002
864    1.6780002
865    1.8460002
866    1.789
867    1.8190002
868    1.4690001
869    1.9940002
870    2.2250001
871    1.411
872    2.016
873    1.6190002
874    1.6880002
875    1.467
876    1.2870002
877    1.9300001
878    1.8290002
879    1.7050002
880    1.519
881    2.025
882    1.0110002
883    1.6330001
884    1.266
885    1.7800002
886    1.5430002
887    1.4640002
888    1.7830002
889    1.7770002
890    1.46
891    1.6520002
892    1.8400002
893    1.3010001
894    1.667
895    1.4680002
896    1.5120001
897    1.424
898    1.1890001
899    1.9020002
900    2.4240003
901    1.4980001
902    1.411
903    1.8540001
904    1.4640002
905    1.516
906    2.9340003
907    1.4840002
908    1.8430002
909    1.2060001
910    2.0040002
911    1.5910001
912    1.513
913    1.565
914    1.812
915    1.9610002
916    1.5810001
917    1.5200002
918    1.6110001
919    1.8430002
920    2.5340002
921    1.2320001
922    1.7720001
923    1.3620002
924    1.0310001
925    1.631
926    1.8170002
927    1.7250001
928    1.5960002
929    1.917
930    1.4550002
931    1.6990001
932    1.7040002
933    1.9880002
934    1.3800001
935    1.664
936    1.9000001
937    1.4590001
938    2.1460001
939    3.6790004
940    1.7320001
941    1.6120002
942    1.1600001
943    1.6580002
944    1.7610002
945    2.0920002
946    1.7550001
947    1.6110001
948    1.4020002
949    1.753
950    1.4520001
951    1.5610001
952    2.9390001
953    1.924
954    1.7380002
955    1.644
956    1.5300002
957    1.5780001
958    1.5800002
959    1.674
960    1.6710002
961    1.9970002
962    1.677
963    1.8960001
964    2.1050003
965    1.0050001
966    1.6560001
967    1.608
968    1.7520001
969    1.9160001
970    1.5760002
971    1.6240001
972    1.5180001
973    1.7350001
974    1.674
975    1.8070002
976    1.7570002
977    1.5610001
978    1.493
979    1.914
980    1.4250002
981    1.6600001
982    1.552
983    1.6070001
984    1.8440001
985    1.835
986    1.7450001
987    1.3530002
988    1.6620002
989    1.3720002
990    1.9760001
991    1.8400002
992    1.9880002
993    1.5710001
994    2.006
995    1.6270001
996    1.8650002
997    1.6190002
998    1.615
999    1.8530002
1000    1.6090002
1001    2.1200001
1002    1.756
1003    1.6500001
1004    1.546
1005    1.6850002
1006    1.6710002
1007    1.5300002
1008    2.2910001
1009    2.14
1010    1.6760001
1011    1.786
1012    5.254
1013    1.9190001
1014    1.6260002
1015    1.7800002
1016    1.5070002
1017    1.8060002
1018    1.6860001
1019    1.848
1020    1.7090001
1021    1.661
1022    1.6500001
1023    1.9030001
1024    1.539
1025    1.0110002
1026    1.546
1027    1.6120002
1028    1.424
1029    1.789
1030    1.5250001
1031    1.7440002
1032    1.8190002
1033    1.424
1034    1.483
1035    1.8170002
1036    1.654
1037    2.5800002
1038    1.5430002
1039    0.9990001
1040    2.2830002
1041    1.6400001
1042    1.4980001
1043    2.2710001
1044    1.6660001
1045    3.19
1046    1.6060002
1047    1.7340002
1048    1.72
1049    1.5480001
1050    1.6890001
1051    1.868
1052    1.4840002
1053    1.7880001
1054    1.539
1055    1.5380001
1056    1.8290002
1057    1.8420002
1058    1.8950002
1059    1.654
1060    2.078
1061    1.9160001
1062    1.9150002
1063    2.2870002
1064    1.4910002
1065    2.1720002
1066    1.8880002
1067    1.7880001
1068    1.5810001
1069    2.0260003
1070    1.8560002
1071    2.0500002
1072    1.8500001
1073    2.8700001
1074    2.7830002
1075    2.7050002
1076    2.7570002
1077    2.5890002
1078    2.818
1079    2.6060002
1080    3.4760003
1081    2.663
1082    2.8600001
1083    3.3140001
1084    2.9720001
1085    2.7450001
1086    2.706
1087    2.716
1088    2.38
1089    2.966
1090    2.857
1091    2.6610003
1092    2.7140002
1093    3.5620003
1094    2.8910003
1095    3.144
1096    2.8290002
1097    3.178
1098    2.6990001
1099    2.857
1100    2.8330002
1101    2.729
1102    2.6740003
1103    2.7930002
1104    2.8370001
1105    3.7730002
1106    2.933
1107    3.2280002
1108    2.634
1109    2.742
1110    3.1990004
1111    2.3450003
1112    2.8980002
1113    2.8040001
1114    2.7350001
1115    2.1230001
1116    2.7600002
1117    2.969
1118    2.7150002
1119    2.6580002
1120    2.5890002
1121    2.706
1122    2.844
1123    2.1460001
1124    2.7960002
1125    2.7100003
1126    2.7600002
1127    2.7920003
1128    2.867
1129    2.8760002
1130    3.2660003
1131    2.9830003
1132    2.7440002
1133    2.742
1134    2.7700002
1135    3.2640004
1136    2.7170002
1137    3.1480002
1138    2.7690003
1139    2.6770003
1140    3.414
1141    2.7960002
1142    2.9320002
1143    2.114
1144    2.8750002
1145    2.8370001
1146    2.782
1147    2.7120001
1148    2.4620001
1149    2.7810001
1150    2.5290003
1151    2.8140001
1152    2.818
1153    3.3980002
1154    3.1750002
1155    3.4150004
1156    2.841
1157    2.4390001
1158    3.0300002
1159    2.9510002
1160    3.058
1161    2.9830003
1162    2.7790003
1163    2.8650002
1164    2.9600003
1165    2.755
1166    2.9160001
1167    2.5770001
1168    3.0290003
1169    2.6780002
1170    3.183
1171    2.953
1172    2.7140002
1173    2.9570003
1174    3.053
1175    3.3920002
1176    2.7870002
1177    2.7510002
1178    2.7680001
1179    2.877
1180    2.6150002
1181    2.874
1182    2.982
1183    2.6910002
1184    2.6980002
1185    3.0030003
1186    3.1230001
1187    2.7000003
1188    3.466
1189    3.7120004
1190    2.7020001
1191    3.013
1192    3.4320002
1193    2.653
1194    2.716
1195    3.0500002
1196    2.8860002
1197    2.9940002
1198    2.713
1199    2.782
1200    2.8120003
1201    2.9470003
1202    2.782
1203    3.0300002
1204    2.8730001
1205    3.4060001
1206    2.4510002
1207    3.5080004
1208    2.9770002
1209    3.0420003
1210    2.6130002
1211    2.9180002
1212    2.5430002
1213    2.9160001
1214    2.8130002
1215    2.933
1216    3.0700002
1217    3.005
1218    3.1480002
1219    2.9140003
1220    2.8460002
1221    2.8420002
1222    2.9670002
1223    2.8260002
1224    3.0830002
1225    2.9210002
1226    2.6100001
1227    3.584
1228    2.5730002
1229    3.1670003
1230    3.0040002
1231    3.4680004
1232    2.5490003
1233    2.8810003
1234    2.492
1235    2.7630002
1236    3.0500002
1237    3.236
1238    2.1890001
1239    3.2860003
1240    2.762
1241    3.0150003
1242    2.765
1243    2.8830001
1244    2.5390003
1245    2.8580003
1246    2.7150002
1247    2.7530003
1248    3.086
1249    2.818
1250    2.92
1251    3.1950002
1252    3.0170002
1253    2.7740002
1254    3.17
1255    2.903
1256    3.0100002
1257    3.0370002
1258    2.7150002
1259    2.89
1260    2.9400003
1261    2.8160002
1262    2.719
1263    3.0630002
1264    3.224
1265    2.7150002
1266    2.1850002
1267    3.2680001
1268    2.4870002
1269    3.0370002
1270    2.7100003
1271    2.7230003
1272    2.765
1273    3.801
1274    2.785
1275    3.0370002
1276    2.6000001
1277    2.4720001
1278    2.7530003
1279    3.466
1280    3.9050002
1281    2.8140001
1282    2.8750002
1283    2.762
1284    2.5370002
1285    2.7080002
1286    3.085
1287    2.8680003
1288    2.7150002
1289    3.0740004
1290    3.38
1291    2.8470001
1292    2.693
1293    2.7560003
1294    2.91
1295    2.5430002
1296    2.926
1297    3.125
1298    2.3690002
1299    3.2970004
1300    3.2270002
1301    2.9160001
1302    2.874
1303    3.2580004
1304    4.3160005
1305    3.1270003
1306    2.502
1307    2.1850002
1308    2.729
1309    2.818
1310    2.785
1311    3.2680001
1312    2.759
1313    2.6380002
1314    2.163
1315    3.1600003
1316    3.0370002
1317    3.5220003
1318    3.006
1319    3.006
1320    3.0280004
1321    2.9480002
1322    2.9810002
1323    3.151
1324    2.9510002
1325    2.818
1326    2.966
1327    2.7790003
1328    2.8350003
1329    2.8120003
1330    2.7790003
1331    3.269
1332    -4.509
1333    -4.525
1334    -4.409
1335    -4.118
1336    -4.332
1337    -4.524
1338    -4.3059998
1339    -4.222
1340    -4.217
1341    -3.73
1342    -4.246
1343    -4.198
1344    -4.157
1345    -4.65
1346    -4.2
1347    -4.607
1348    -4.259
1349    -4.865
1350    -3.8839998
1351    -4.374
1352    -0.099999905
1353    -0.36299992
1354    -0.3829999
1355    0.18100023
1356    -0.42599964
1357    -0.45899963
1358    -0.28599977
1359    -0.48599958
1360    -0.23099995
1361    -1.0159998
1362    -0.23799992
1363    -0.15199995
1364    -0.1789999
1365    -0.19899988
1366    -0.056999683
1367    -0.41499996
1368    -0.5339999
1369    -0.16599989
1370    -0.36399984
1371    -0.8319998
1372    -0.3989997
1373    -0.74399996
1374    -0.38599968
1375    -0.42199993
1376    0.055000305
1377    -0.35099983
1378    -0.40099955
1379    -0.39399958
1380    -0.17799997
1381    -0.29399967
1382    -0.3529997
1383    -0.16399956
1384    -0.38899994
1385    -0.4959998
1386    -0.32099962
1387    -0.11799955
1388    0.59800005
1389    -0.3199997
1390    -0.14899969
1391    -1.0319998
1392    -0.204
1393    -0.6569996
1394    -0.0449996
1395    -0.3739996
1396    -0.4039998
1397    -0.388
1398    -0.4659996
1399    -1.0219998
1400    -1.0299997
1401    -0.35499954
1402    -0.37699986
1403    0.116000175
1404    -0.4959998
1405    -0.46799994
1406    -0.6409998
1407    -0.09599972
1408    -0.6879997
1409    -0.38199997
1410    -0.09599972
1411    -0.022999763
1412    0.022000313
1413    -0.625
1414    -0.12299967
1415    -1.0069997
1416    -0.16499996
1417    -0.25499964
1418    -0.4959998
1419    0.5800004
1420    -0.3199997
1421    -0.24499989
1422    -0.7609997
1423    -0.34399986
1424    -0.5009999
1425    0.5010004
1426    -0.7079997
1427    -0.6029997
1428    -0.38599968
1429    -0.26699972
1430    -0.46099997
1431    -0.454
1432    -0.35999966
1433    -0.14599991
1434    0.12100029
1435    -0.14299965
1436    -0.48000002
1437    -0.112999916
1438    -0.2539997
1439    -0.38499975
1440    0.10500002
1441    -0.41799974
1442    -0.6949997
1443    -0.12299967
1444    -0.45599985
1445    -0.2659998
1446    -0.54699993
1447    -0.37199974
1448    -0.13199997
1449    -0.2909999
1450    -0.15999985
1451    -0.4449997
1452    -0.5239997
1453    0.09100008
1454    0.029000282
1455    -0.3529997
1456    -0.43199968
1457    0.5130005
1458    -0.6409998
1459    -0.31399965
1460    0.41900015
1461    -0.7819996
1462    -0.21700001
1463    -0.33099985
1464    -0.49799967
1465    -0.29199982
1466    -0.25099993
1467    -0.6859999
1468    0.37800026
1469    -0.34599972
1470    -0.34799957
1471    -0.38099957
1472    -0.13499975
1473    -0.9989996
1474    0.0050001144
1475    -0.43799973
1476    -0.48499966
1477    -2.656
1478    -1.9239998
1479    -3.0819998
1480    -2.8679998
1481    -2.7559998
1482    -2.62
1483    -3.0089998
1484    -2.7979999
1485    -3.1
1486    -3.245
1487    -2.977
1488    -2.5779998
1489    -2.826
1490    -2.727
1491    -2.928
1492    -2.6829998
1493    -2.699
1494    -2.816
1495    -2.8769999
1496    -2.751
1497    -2.892
1498    -2.994
1499    -3.085
1500    -2.648
1501    -2.704
1502    -2.869
1503    -2.6609998
1504    -0.559
1505    -3.111
1506    -0.48000002
1507    -1.4459999
1508    -1.5569999
1509    -3.08
1510    -1.0379999
1511    -2.4199998
1512    0.33200026
1513    -1.6269999
1514    -2.579
1515    -2.0709999
1516    -2.814
1517    -3.0689998
1518    -0.45699978
1519    -1.9719999
1520    -2.501
1521    -2.139
1522    -2.823
1523    -2.3739998
1524    -2.99
1525    -1.8629999
1526    -3.2649999
1527    -1.9399998
1528    -3.244
1529    -1.9989998
1530    -2.4989998
1531    -1.9269998
1532    -0.5289998
1533    -2.8089998
1534    -2.1349998
1535    5.1730003
1536    -1.2119999
1537    -2.099
1538    -1.9069998
1539    -3.1809998
1540    -2.626
1541    1.9530005
1542    -2.518
1543    -0.8759999
1544    -3.054
1545    -2.688
1546    -2.7069998
1547    -3.218
1548    -2.905
1549    -2.2549999
1550    -2.7459998
1551    -0.7069998
1552    -1.5569999
1553    -2.883
1554    -1.8519998
1555    -1.1379998
1556    -3.004
1557    -2.4069998
1558    -2.248
1559    -0.94299984
1560    -3.225
1561    -3.124
1562    -2.517
1563    -2.952
1564    -3.105
1565    -2.3059998
1566    -2.3109999
1567    -3.143
1568    -1.8139999
1569    -1.708
1570    -2.589
1571    1.9930005
1572    -2.044
1573    -2.968
1574    -1.3039999
1575    -2.751
1576    -2.487
1577    -0.72199965
1578    -2.52
1579    -2.81
1580    -1.9129999
1581    -2.8
1582    -3.223
1583    -1.1659999
1584    -0.40599966
1585    -2.0949998
1586    -2.1279998
1587    -0.001999855
1588    -2.4329998
1589    -3.329
1590    -2.5279999
1591    -0.67599964
1592    -1.8999999
1593    -2.3739998
1594    -2.143
1595    -1.5589998
1596    -2.241
1597    -0.829
1598    -1.5479999
1599    -1.0489998
1600    -1.3909998
1601    -2.754
1602    -2.168
1603    -2.474
1604    -1.4029999
1605    -2.954
1606    -1.8879998
1607    -2.6539998
1608    -2.7619998
1609    -2.507
1610    -2.8109999
1611    -3.0819998
1612    -2.5579998
1613    -1.5429997
1614    -2.8049998
1615    6.6610003
1616    -1.2709999
1617    -1.4539998
1618    -2.3809998
1619    -2.8579998
1620    -3.092
1621    -2.0419998
1622    -2.04
1623    -2.3
1624    -1.6309998
1625    -1.6989999
1626    -3.123
1627    -2.258
1628    -2.695
1629    -1.8409998
1630    -0.50599957
1631    -1.5769999
1632    -1.1829998
1633    -0.93099976
1634    -2.303
1635    -2.0099998
1636    -1.8439999
1637    -2.6369998
1638    -2.2719998
1639    -0.28799963
1640    -3.4899998
1641    -1.8399999
1642    -1.0609999
1643    -2.076
1644    -2.3109999
1645    -1.9089999
1646    -2.3809998
1647    -2.623
1648    -1.4049997
1649    -2.635
1650    -3.225
1651    -1.9749999
1652    2.8420005
1653    -1.7979999
1654    -2.7849998
1655    -2.3349998
1656    -1.1389997
1657    -2.8089998
1658    -1.3469999
1659    -2.244
1660    -2.1629999
1661    2.1390004
1662    -1.5919998
1663    -1.3849998
1664    -0.80199957
1665    -2.783
1666    -2.241
1667    -2.909
1668    -1.6049998
1669    -0.8999996
1670    -1.3009999
1671    -2.35
1672    -1.4799998
1673    -1.9469998
1674    -0.83500004
1675    -3.093
1676    -2.922
1677    -2.5579998
1678    -2.672
1679    -1.7269998
1680    -2.6439998
1681    -1.836
1682    -2.119
1683    -2.031
1684    -2.9009998
1685    -2.0429997
1686    -1.4649999
1687    -2.8679998
1688    -2.2359998
1689    -3.208
1690    -3.0809999
1691    -2.83
1692    -2.372
1693    -0.07099962
1694    -1.5329998
1695    -1.1419997
1696    -1.5949998
1697    -0.90499973
1698    -2.916
1699    -2.6729999
1700    -2.6369998
1701    -2.514
1702    -2.77
1703    -2.9039998
1704    -2.8019998
1705    -1.3359997
1706    -1.8949997
1707    -1.0349998
1708    -1.2909999
1709    -2.5419998
1710    -0.796
1711    -3.034
1712    -0.27699995
1713    -1.8449998
1714    -1.4889998
1715    -0.5079999
1716    -3.144
1717    -2.678
1718    -2.803
1719    -2.4009998
1720    -3.3669999
1721    -2.448
1722    -1.9989998
1723    0.61100006
1724    -2.597
1725    -2.8569999
1726    -2.6739998
1727    -1.7659998
1728    -0.64299965
1729    -2.6399999
1730    -1.9649999
1731    -2.8249998
1732    -2.6839998
1733    -2.2359998
1734    -2.333
1735    -3.017
1736    -1.9409997
1737    -1.9459999
1738    -2.2649999
1739    -1.4659998
1740    -2.192
1741    -2.405
1742    0.08600044
1743    -1.7509999
1744    -2.481
1745    -0.46399975
1746    -1.8199999
1747    -2.7919998
1748    -1.3879998
1749    -1.6389999
1750    -2.224
1751    -1.3649998
1752    -0.23099995
1753    2.5000005
1754    -2.3509998
1755    -2.8179998
1756    -2.51
1757    -1.9769998
1758    -2.773
1759    -0.57299995
1760    -2.8739998
1761    -2.5379999
1762    -2.931
1763    -1.5649998
1764    -2.5809999
1765    -2.247
1766    -1.9899998
1767    -0.12799978
1768    -2.5649998
1769    -2.949
1770    -0.9649997
1771    -2.9169998
1772    -2.465
1773    -2.06
1774    -2.938
1775    -0.829
1776    -2.1999998
1777    -0.85199976
1778    -1.287
1779    -1.2959998
1780    -2.777
1781    8.272
1782    -2.234
1783    -1.5909998
1784    -1.619
1785    -1.2039998
1786    -1.8899999
1787    -1.1259999
1788    -1.902
1789    -1.4879999
1790    -2.6769998
1791    -2.438
1792    -2.658
1793    -2.018
1794    -2.6049998
1795    2.3860002
1796    -3.119
1797    -1.4219999
1798    -2.5349998
1799    -3.2789998
1800    -2.2319999
1801    -2.899
1802    -2.9729998
1803    -2.4799998
1804    -1.7609999
1805    -1.6829998
1806    -1.2529998
1807    -2.9499998
1808    -0.45199966
1809    -1.55
1810    -2.0199997
1811    -3.011
1812    -2.784
1813    -2.1169999
1814    -2.464
1815    -2.725
1816    -2.967
1817    -2.8549998
1818    -2.856
1819    -2.416
1820    -2.136
1821    -1.7919998
1822    1.4730005
1823    -1.6579998
1824    -1.6999998
1825    -3.2419999
1826    -2.7559998
1827    -3.092
1828    -1.9689999
1829    -2.8799999
1830    -2.1379998
1831    -1.4159999
1832    -2.287
1833    -2.745
1834    -1.2769997
1835    -2.839
1836    -0.31799984
1837    -3.158
1838    -1.0599997
1839    -2.2959998
1840    -1.1039999
1841    -2.1929998
1842    -2.932
1843    -2.4759998
1844    -2.6669998
1845    -0.90499973
1846    -2.2369998
1847    -0.3659997
1848    -1.8499999
1849    -2.438
1850    -2.3409998
1851    -2.4109998
1852    -1.2429998
1853    -1.7929997
1854    -3.008
1855    -1.3089998
1856    -1.8639998
1857    -2.402
1858    -1.935
1859    -2.471
1860    0.4510002
1861    -0.26499987
1862    -3.0089998
1863    -2.666
1864    -1.3529999
1865    -0.7459998
1866    -1.7119999
1867    -2.3349998
1868    -0.8609996
1869    -3.249
1870    -1.0479999
1871    -1.8599999
1872    -1.1329999
1873    -2.7819998
1874    -0.89299965
1875    -0.3739996
1876    -2.4169998
1877    -1.4429998
1878    -2.205
1879    -1.7399998
1880    -1.9949999
1881    -1.8069999
1882    -2.5589998
1883    0.2210002
1884    -3.1069999
1885    -1.8669999
1886    -0.6329999
1887    -3.1599998
1888    -1.6739998
1889    -1.6739998
1890    -2.949
1891    -2.85
1892    -2.3209999
1893    -3.216
1894    -1.7809999
1895    -2.5459998
1896    -2.1209998
1897    -2.0279999
1898    -1.7299998
1899    -1.7489998
1900    -2.3009999
1901    1.3760004
1902    -2.175
1903    -2.7519999
1904    -0.5039997
1905    -2.33
1906    -1.8279998
1907    -2.0459998
1908    -1.1769998
1909    -0.5539999
1910    -2.731
1911    -2.9269998
1912    -1.7879999
1913    -3.034
1914    -3.1019998
1915    -2.735
1916    -2.6149998
1917    -2.7589998
1918    -2.758
1919    -1.4169998
1920    -2.9169998
1921    -0.533
1922    0.0800004
1923    -1.685
1924    -2.6899998
1925    -1.0959997
1926    -0.33999968
1927    -2.5089998
1928    -1.5979998
1929    -2.5449998
1930    -2.6039999
1931    -0.7789998
1932    -0.82599974
1933    -1.6429999
1934    -1.4469998
1935    -2.314
1936    -3.46
1937    -2.2779999
1938    -3.053
1939    -2.583
1940    -1.1549997
1941    3.8670006
1942    -1.3649998
1943    -2.4919999
1944    -2.5229998
1945    -1.7409999
1946    -0.035999775
1947    -0.8319998
1948    -1.1509998
1949    -3.136
1950    -2.2989998
1951    -1.3069999
1952    -0.77199984
1953    -0.8649998
1954    -1.6649997
1955    -1.5659997
1956    -2.616
1957    -2.3799999
1958    -1.81
1959    -1.5429997
1960    -1.7649999
1961    -1.6679997
1962    -2.425
1963    -1.8749998
1964    -3.468
1965    -1.8039999
1966    -2.28
1967    -0.8939996
1968    -1.9499998
1969    -1.6769998
1970    -1.8199999
1971    -2.096
1972    -0.55999994
1973    -2.4929998
1974    -2.6729999
1975    -2.0119998
1976    -1.4459999
1977    -1.5739999
1978    -2.7559998
1979    -0.9709997
1980    -1.1019998
1981    -2.7619998
1982    -3.151
1983    -0.24399996
1984    -2.984
1985    -1.5559998
1986    -1.6249998
1987    0.39900017
1988    -1.9419999
1989    -1.7579999
1990    0.31200027
1991    -3.4629998
1992    -3.011
1993    -2.4829998
1994    -2.2129998
1995    -2.0279999
1996    -1.7489998
1997    -2.08
1998    -2.7329998
1999    -2.865
2000    -2.4469998
2001    -2.771
2002    -2.8579998
2003    -1.0809999
2004    -1.7329998
2005    -1.9499998
2006    -1.5659997
2007    -0.362
2008    -0.5779996
2009    -1.0309999
2010    -2.4859998
2011    -2.099
2012    -1.7219999
2013    -2.6409998
2014    -2.1009998
2015    -2.3339999
2016    -1.8319998
2017    -1.6559999
2018    -3.053
2019    -1.2289999
2020    -1.0689998
2021    -1.9439998
2022    -2.0199997
2023    -0.29799986
2024    -2.366
2025    -2.0049999
2026    -1.6069999
2027    1.4840002
2028    -2.702
2029    -2.925
2030    -2.4259999
2031    -2.8249998
2032    -1.2509999
2033    3.2230005
2034    -2.9659998
2035    0.41000032
2036    -0.98
2037    -2.8279998
2038    -2.202
2039    -2.8319998
2040    -2.3979998
2041    -3.25
2042    -3.132
2043    -1.6179998
2044    -2.5389998
2045    0.10100031
2046    2.7200003
2047    -1.5169997
2048    -2.972
2049    -1.7819998
2050    -3.052
2051    -2.2849998
2052    -3.087
2053    -2.718
2054    -2.383
2055    -1.7519999
2056    -1.3209999
2057    -0.24699974
2058    -3.1669998
2059    -2.1799998
2060    -0.79299974
2061    -2.9699998
2062    -0.16499996
2063    -2.379
2064    -1.6469998
2065    -0.9949999
2066    -2.99
2067    -1.2639999
2068    -2.448
2069    -2.0359998
2070    -2.116
2071    -0.88899994
2072    -2.566
2073    -2.468
2074    -1.5629997
2075    -2.819
2076    -3.034
2077    -1.8119998
2078    -1.4049997
2079    -2.7979999
2080    -3.159
2081    3.0010004
2082    -1.8009999
2083    -1.3959999
2084    -2.62
2085    -2.3679998
2086    -0.32399988
2087    -2.6629999
2088    -2.9819999
2089    -2.222
2090    -2.79
2091    -3.001
2092    -3.446
2093    -1.1919999
2094    9.14
2095    -2.596
2096    -3.175
2097    -1.925
2098    -1.3529999
2099    -1.3789997
2100    -2.635
2101    -3.096
2102    -2.099
2103    -3.262
2104    -2.1999998
2105    -1.7109997
2106    -2.494
2107    1.2160001
2108    -3.451
2109    -2.347
2110    -1.9129999
2111    -1.2859998
2112    -2.9499998
2113    -3.1349998
2114    -2.6859999
2115    -1.8849998
2116    -0.98499966
2117    -0.5109997
2118    -0.22899961
2119    -2.504
2120    -2.8539999
2121    -2.51
2122    -1.1709998
2123    -2.074
2124    -0.1619997
2125    1.6720004
2126    -1.7159998
2127    -1.8499999
2128    -3.1479998
2129    -0.421
2130    -2.744
2131    -1.8239999
2132    -1.4019997
2133    -2.33
2134    -1.6829998
2135    -2.5379999
2136    -2.902
2137    -0.45099974
2138    -1.2479999
2139    -0.9779997
2140    -2.6769998
2141    -1.8569999
2142    -1.9089999
2143    0.34700012
2144    -1.5759997
2145    -2.692
2146    -2.8049998
2147    -2.695
2148    -0.2789998
2149    -2.0289998
2150    -2.1239998
2151    -2.574
2152    -1.3529999
2153    0.8970003
2154    -1.5679998
2155    -1.8839998
2156    -2.842
2157    -2.7619998
2158    -2.3869998
2159    -2.533
2160    -2.882
2161    0.04400015
2162    -1.6169999
2163    -2.1499999
2164    -1.5309999
2165    2.1850004
2166    -2.5489998
2167    -2.294
2168    -3.0839999
2169    -1.3919997
2170    -1.4999998
2171    -2.172
2172    2.2360005
2173    -1.0709999
2174    -2.1569998
2175    -2.5919998
2176    -2.445
2177    -0.5669999
2178    -2.819
2179    -3.268
2180    0.6590004
2181    -1.3199999
2182    -3.063
2183    -2.8119998
2184    -2.7059999
2185    -3.008
2186    -1.6739998
2187    -0.88499975
2188    -2.2099998
2189    -2.511
2190    -3.225
2191    -1.6469998
2192    -2.751
2193    -1.0529997
2194    -2.619
2195    -0.45899963
2196    -2.691
2197    -3.3379998
2198    -2.376
2199    -3.1629999
2200    -2.508
2201    -2.527
2202    -3.0839999
2203    -1.1569998
2204    -2.9369998
2205    -2.905
2206    -2.514
2207    -2.172
2208    -2.8799999
2209    -2.189
2210    -2.152
2211    0.12500048
2212    -2.1349998
2213    -2.097
2214    -0.08199978
2215    -2.7299998
2216    -2.4139998
2217    -0.35899973
2218    -2.0289998
2219    0.04700041
2220    -2.122
2221    -0.96799994
2222    -2.4499998
2223    -0.41099977
2224    -2.865
2225    -3.0229998
2226    -1.31
2227    -2.8909998
2228    -2.386
2229    -1.2749999
2230    -2.481
2231    -2.2859998
2232    -2.6999998
2233    -2.1019998
2234    -2.7029998
2235    -2.408
2236    -2.9559999
2237    -2.36
2238    -2.2989998
2239    -1.7959998
2240    -1.9129999
2241    -3.072
2242    -2.1509998
2243    -2.9359999
2244    -2.6839998
2245    -2.817
2246    -2.728
2247    -2.343
2248    -1.7499998
2249    -2.1759999
2250    -2.968
2251    -2.429
2252    -2.1899998
2253    -2.859
2254    -2.1569998
2255    -3.422
2256    -2.722
2257    -2.7659998
2258    -2.172
2259    -2.202
2260    -2.4789999
2261    -0.2249999
2262    -2.7059999
2263    -1.7789998
2264    -2.0589998
2265    -0.803
2266    0.3590002
2267    -3.105
2268    -1.6569998
2269    -2.866
2270    -2.5749998
2271    -2.6269999
2272    -2.396
2273    -0.53499985
2274    -2.5189998
2275    -2.3809998
2276    -2.671
2277    -1.971
2278    -1.8469999
2279    -2.33
2280    -3.057
2281    -2.679
2282    -1.2719998
2283    -0.61399984
2284    -0.7819996
2285    -1.5359998
2286    -2.3579998
2287    -2.8569999
2288    -2.4399998
2289    -2.491
2290    -1.7679999
2291    -0.9909997
2292    -1.7849998
2293    -2.53
2294    -1.9599998
2295    -1.8939998
2296    -1.9879999
2297    -0.09599972
2298    -0.52299976
2299    -1.3269999
2300    -2.408
2301    -2.0379999
2302    -1.1569998
2303    -2.698
2304    -0.98899984
2305    -2.9559999
2306    -2.846
2307    -2.126
2308    -2.2289999
2309    -2.557
2310    -2.2499998
2311    -3.189
2312    -3.5099998
2313    0.9170003
2314    -1.4649999
2315    -2.178
2316    -2.172
2317    -2.7489998
2318    -0.8869996
2319    -1.9269998
2320    -2.691
2321    -2.1639998
2322    -3.086
2323    -0.022999763
2324    -2.402
2325    -1.6319997
2326    -2.2059999
2327    -2.54
2328    -2.958
2329    -2.485
2330    -2.7849998
2331    -2.7849998
2332    -1.6319997
2333    -3.467
2334    -1.2419999
2335    -2.383
2336    -2.8379998
2337    -1.9749999
2338    -2.8119998
2339    -3.1859999
2340    -1.0259998
2341    -1.56
2342    -2.0429997
2343    -2.5279999
2344    -1.5589998
2345    -2.2779999
2346    -3.126
2347    -2.324
2348    -1.8139999
2349    -2.7659998
2350    -0.3079996
2351    1.3440003
2352    -2.7099998
2353    -2.317
2354    -0.7049999
2355    -1.606
2356    -2.6969998
2357    -2.385
2358    -0.4829998
2359    -2.077
2360    -2.3609998
2361    -2.1249998
2362    -2.4109998
2363    -2.774
2364    -0.72699976
2365    -3.007
2366    -1.7589998
2367    -2.268
2368    -3.2419999
2369    -0.48000002
2370    -2.702
2371    -2.533
2372    -2.836
2373    -1.4219999
2374    -1.7619998
2375    2.6130004
2376    -2.6829998
2377    -2.472
2378    -2.82
2379    -1.527
2380    0.94900036
2381    -3.178
2382    -1.0929997
2383    -1.8009999
2384    -2.238
2385    -3.1279998
2386    -1.9429998
2387    -1.8749998
2388    -2.511
2389    -1.629
2390    -0.9199996
2391    -2.5319998
2392    -2.4129999
2393    -1.9619999
2394    -1.5779998
2395    -1.1159997
2396    -2.77
2397    -2.721
2398    -1.5999999
2399    -1.6939998
2400    -1.7269998
2401    -1.1429999
2402    -0.25299978
2403    0.01600027
2404    -2.8219998
2405    -3.019
2406    -1.7269998
2407    -2.7489998
2408    -2.3
2409    -2.8609998
2410    -0.13999987
2411    -2.2889998
2412    -2.132
2413    -0.5249996
2414    -2.8049998
2415    -2.018
2416    -2.6269999
2417    -0.46399975
2418    -2.053
2419    -1.4749999
2420    -1.3129997
2421    -3.041
2422    -3.063
2423    -1.9779999
2424    -1.5509999
2425    -2.3839998
2426    -2.086
2427    -2.905
2428    -2.679
2429    -2.7419999
2430    -3.0099998
2431    -1.971
2432    -2.629
2433    -1.0479999
2434    -2.7759998
2435    -2.534
2436    -2.337
2437    -2.017
2438    -2.336
2439    -0.27699995
2440    -1.2279999
2441    -2.2269998
2442    -1.0349998
2443    -2.8179998
2444    -3.466
2445    -1.7849998
2446    -1.7159998
2447    -3.066
2448    -0.21099997
2449    -1.9399998
2450    -2.9399998
2451    -2.645
2452    -2.2749999
2453    -2.4429998
2454    -2.435
2455    -0.49699974
2456    -1.4979999
2457    -2.4729998
2458    -3.203
2459    -2.5839999
2460    -2.1809998
2461    -0.112999916
2462    1.9350004
2463    -0.37999964
2464    -2.172
2465    -0.78900003
2466    -1.7859998
2467    -2.076
2468    -1.9739997
2469    -2.451
2470    -1.9799998
2471    -1.0139997
2472    -2.0359998
2473    -1.4989998
2474    -2.606
2475    -2.1369998
2476    -2.431
2477    -2.817
2478    -2.0479999
2479    -2.0219998
2480    -2.1599998
2481    -0.99399996
2482    -2.645
2483    -0.2999997
2484    -1.7719998
2485    -2.5129998
2486    -2.0589998
2487    -1.8319998
2488    -2.938
2489    -3.057
2490    -1.8769999
2491    -2.287
2492    -2.2159998
2493    -2.0889997
2494    -0.6439996
2495    -1.777
2496    -2.477
2497    -2.393
2498    -2.745
2499    -2.8019998
2500    -1.7939999
2501    -1.721
2502    -2.8909998
2503    -2.906
2504    -1.9229999
2505    3.9280005
2506    1.0590005
2507    -1.8
2508    -0.4329996
2509    -2.1809998
2510    -2.468
2511    -2.849
2512    -2.33
2513    -1.4719999
2514    -3.119
2515    -1.8289998
2516    -1.9959998
2517    -2.508
2518    -2.98
2519    -1.0899999
2520    -0.5749998
2521    -0.42799997
2522    -2.2659998
2523    -2.021
2524    -1.9189999
2525    -2.635
2526    -0.4829998
2527    1.6670003
2528    -2.0259998
2529    -1.4829998
2530    -1.7809999
2531    -2.451
2532    -0.42999983
2533    -2.79
2534    -2.665
2535    -2.692
2536    -1.4679999
2537    -1.3339999
2538    -1.3969998
2539    -1.1139998
2540    -2.3279998
2541    -0.7359996
2542    -2.7329998
2543    -3.099
2544    -1.2469997
2545    -1.2329998
2546    -1.3379998
2547    -2.8539999
2548    -1.6259999
2549    -2.586
2550    -2.3739998
2551    -2.8049998
2552    -1.5609999
2553    -0.7419996
2554    -0.20499992
2555    -0.18299961
2556    -1.8039999
2557    1.8880005
2558    -2.425
2559    -1.5939999
2560    -2.32
2561    -1.0419998
2562    -2.5619998
2563    -3.027
2564    -2.1339998
2565    -2.7189999
2566    -1.9449999
2567    -2.4469998
2568    -2.1759999
2569    -1.4459999
2570    -2.817
2571    -0.928
2572    -1.1499999
2573    -2.4239998
2574    -2.099
2575    -1.675
2576    -2.156
2577    -1.9519999
2578    -2.412
2579    -2.596
2580    0.30900002
2581    -1.1349998
2582    -0.32399988
2583    -2.616
2584    -2.7819998
2585    -2.7619998
2586    -1.8999999
2587    -1.0299997
2588    -1.2349999
2589    -2.3049998
2590    -1.5679998
2591    -2.4469998
2592    -1.1429999
2593    -1.5779998
2594    -1.8749998
2595    -1.2659998
2596    -2.6079998
2597    -2.781
2598    -2.31
2599    -1.4459999
2600    -2.488
2601    -1.1029999
2602    -2.6139998
2603    -1.4189999
2604    -3.192
2605    -2.08
2606    -2.1169999
2607    -2.5129998
2608    -2.0609999
2609    -0.37199974
2610    -1.8069999
2611    -2.34
2612    -2.988
2613    -2.376
2614    -2.7849998
2615    -2.422
2616    -2.876
2617    -1.1249998
2618    -1.7299998
2619    -2.6899998
2620    -1.2369998
2621    -2.768
2622    -2.3669999
2623    -0.8669996
2624    0.1500001
2625    0.09800005
2626    -0.97599983
2627    -2.442
2628    -2.2749999
2629    -2.2089999
2630    -1.7339997
2631    -2.623
2632    -0.95899963
2633    -2.2849998
2634    -2.2169998
2635    -1.2469997
2636    -1.4229999
2637    -2.564
2638    -2.159
2639    -1.5049999
2640    -2.395
2641    -3.0749998
2642    -1.8019998
2643    -2.804
2644    -2.724
2645    -1.9749999
2646    -2.6539998
2647    -1.4329998
2648    -1.8009999
2649    -1.9789999
2650    -1.0299997
2651    -1.6139998
2652    -0.17499971
2653    -2.6959999
2654    -2.4759998
2655    -1.3129997
2656    -0.20199966
2657    -2.6769998
2658    -2.839
2659    -2.2419999
2660    -1.9539998
2661    -2.4209998
2662    -1.3509998
2663    0.7790003
2664    2.0460005
2665    -2.205
2666    -2.3479998
2667    -1.9519999
2668    -0.012999535
2669    -0.96799994
2670    -2.488
2671    -1.8319998
2672    -1.4539998
2673    -1.7259998
2674    -2.781
2675    0.55700016
2676    -2.2659998
2677    -2.201
2678    -1.0569999
2679    -0.36499977
2680    -2.527
2681    6.7660007
2682    -2.031
2683    -2.3209999
2684    -2.175
2685    -2.8739998
2686    -3.1299999
2687    -1.1049998
2688    -1.9959998
2689    -2.5249999
2690    -2.691
2691    -1.8409998
2692    -2.52
2693    -2.587
2694    -2.5059998
2695    -1.7299998
2696    -1.3189998
2697    -2.6369998
2698    -2.7259998
2699    -3.1069999
2700    0.049000263
2701    -2.3549998
2702    -2.159
2703    -1.7119999
2704    -2.971
2705    -3.451
2706    4.9560003
2707    -2.2729998
2708    -2.8219998
2709    -2.4929998
2710    -2.1349998
2711    -2.5709999
2712    -2.889
2713    -2.8509998
2714    -2.5119998
2715    -3.1
2716    -2.198
2717    -1.767
2718    -2.432
2719    -2.2029998
2720    -1.3219998
2721    -0.10899973
2722    -2.4339998
2723    -2.4499998
2724    -0.07599974
2725    -1.2469997
2726    -2.175
2727    -0.10199976
2728    -3.098
2729    -2.8509998
2730    -2.4459999
2731    -2.8219998
2732    -2.6969998
2733    -3.073
2734    -2.889
2735    -0.40199995
2736    -2.4569998
2737    0.21600008
2738    -2.251
2739    -1.8009999
2740    -0.36399984
2741    -1.7379999
2742    -2.234
2743    -2.8639998
2744    -1.8889999
2745    -2.465
2746    -2.797
2747    -2.1369998
2748    -1.5129998
2749    -2.764
2750    -2.566
2751    -2.0889997
2752    -1.9159999
2753    -1.6799998
2754    -2.8709998
2755    -2.106
2756    -2.2829998
2757    -2.475
2758    -2.517
2759    -1.662
2760    -2.9529998
2761    -3.096
2762    -1.3629999
2763    -2.2519999
2764    -2.202
2765    -2.6339998
2766    -2.238
2767    -0.078999996
2768    -2.2419999
2769    -2.2229998
2770    -3.132
2771    -2.2919998
2772    -2.9239998
2773    -2.073
2774    -2.836
2775    2.0920005
2776    -1.6409998
2777    -1.4979999
2778    -2.7459998
2779    -1.8739998
2780    -0.8759999
2781    -2.9329998
2782    -3.0489998
2783    -2.465
2784    -0.8379998
2785    -2.3009999
2786    -2.386
2787    -1.7979999
2788    -2.0319998
2789    -3.044
2790    -1.2919998
2791    -2.7789998
2792    -2.353
2793    -2.908
2794    -2.7419999
2795    -1.8879998
2796    0.35200024
2797    -2.9469998
2798    -1.3759999
2799    -2.6269999
2800    -2.5849998
2801    -0.691
2802    -2.2829998
2803    -2.648
2804    -0.645
2805    -0.599
2806    -2.725
2807    -1.3549998
2808    -2.0789998
2809    -2.5519998
2810    -1.7879999
2811    -3.0479999
2812    -2.928
2813    1.0460005
2814    -1.6469998
2815    -0.24599981
2816    -0.58399963
2817    -2.8739998
2818    -0.83500004
2819    -2.096
2820    -0.62699986
2821    -2.2029998
2822    -1.4389999
2823    -2.165
2824    -2.6529999
2825    -3.059
2826    -2.261
2827    0.0630002
2828    -1.8579998
2829    -1.1719999
2830    -2.781
2831    0.81900024
2832    -2.257
2833    -1.4999998
2834    0.15600014
2835    -0.8249998
2836    -2.419
2837    -1.0659997
2838    -2.1539998
2839    -0.26899958
2840    -2.3879998
2841    -0.697
2842    -2.1569998
2843    -0.37199974
2844    -1.9729998
2845    -1.5509999
2846    1.0470004
2847    -0.7739997
2848    -1.1489999
2849    -3.19
2850    -2.419
2851    -3.192
2852    -2.418
2853    -3.087
2854    -3.222
2855    -2.3779998
2856    -2.671
2857    -2.702
2858    -3.165
2859    -2.665
2860    -2.017
2861    -2.4989998
2862    -2.8869998
2863    -1.5249999
2864    -2.632
2865    -3.0819998
2866    -2.231
2867    -2.4339998
2868    -2.728
2869    -2.3709998
2870    -2.9259999
2871    0.30300045
2872    -2.7879999
2873    -0.96000004
2874    -3.021
2875    -2.695
2876    -1.8429999
2877    -2.3089998
2878    -1.3669999
2879    -3.2929997
2880    -1.0409999
2881    -2.3419998
2882    -2.3439999
2883    -2.625
2884    -3.1609998
2885    -0.41799974
2886    -2.905
2887    -2.817
2888    -2.7489998
2889    -2.731
2890    -0.69299984
2891    -3.17
2892    -2.3809998
2893    -2.2329998
2894    -1.9829998
2895    -1.4719999
2896    -3.313
2897    -1.8279998
2898    -1.2889998
2899    -1.5099998
2900    0.7420001
2901    -2.763
2902    0.1340003
2903    -1.7749999
2904    -0.71399975
2905    -2.3019998
2906    -1.7589998
2907    -2.5879998
2908    -2.842
2909    -1.5609999
2910    -2.768
2911    -2.7719998
2912    -2.1599998
2913    -1.6509998
2914    -2.3409998
2915    -2.9329998
2916    -1.6939998
2917    2.3620005
2918    -2.886
2919    -2.2649999
2920    -0.38499975
2921    -2.6399999
2922    -2.323
2923    -1.7919998
2924    -2.3799999
2925    -0.7229996
2926    -1.7949998
2927    -1.5929999
2928    -3.1469998
2929    -1.6929998
2930    -2.6279998
2931    -2.3709998
2932    -2.727
2933    -3.0609999
2934    -0.52699995
2935    -2.5029998
2936    -0.18599987
2937    -0.28599977
2938    -1.2069998
2939    -1.4859998
2940    -2.3939998
2941    -3.103
2942    -1.0819998
2943    -2.037
2944    -1.9859998
2945    -2.531
2946    -2.702
2947    -1.7959998
2948    -1.8599999
2949    -1.3479998
2950    -0.6999998
2951    -2.0519998
2952    -0.7209997
2953    -3.001
2954    -2.5349998
2955    -2.0779998
2956    -2.7689998
2957    -2.5089998
2958    -1.6719999
2959    -2.3969998
2960    -0.85999966
2961    -2.668
2962    -1.8499999
2963    -2.824
2964    -2.07
2965    -0.034999847
2966    -0.25999975
2967    -2.649
2968    -0.5079999
2969    -2.439
2970    -1.1009998
2971    -1.7719998
2972    -2.6309998
2973    -2.5709999
2974    -2.3219998
2975    -3.0619998
2976    1.9070005
2977    -2.892
2978    -1.2809999
2979    -2.9239998
2980    -1.3789997
2981    -2.8799999
2982    -2.685
2983    -0.67199993
2984    -2.428
2985    -1.4459999
2986    -2.4689999
2987    1.9870005
2988    -2.4229999
2989    -3.073
2990    -2.4799998
2991    -2.51
2992    -1.1999998
2993    -2.336
2994    -1.902
2995    -0.8629999
2996    -2.6049998
2997    -2.0849998
2998    -1.8079998
2999    -2.7129998
3000    -2.3679998
3001    -2.902
3002    -2.271
3003    -2.132
3004    -1.4869998
3005    -1.7289999
3006    -2.179
3007    -3.0429997
3008    -1.4109998
3009    -2.6499999
3010    -2.5229998
3011    -2.488
3012    -2.4729998
3013    -2.508
3014    -2.3579998
3015    -2.882
3016    -2.471
3017    -2.143
3018    0.30300045
3019    -2.8709998
3020    -2.4009998
3021    -2.51
3022    -2.33
3023    -2.1629999
3024    -1.9999998
3025    -2.3649998
3026    -0.61399984
3027    -2.1669998
3028    -0.14599991
3029    -2.063
3030    -2.0359998
3031    -2.4989998
3032    -0.82299995
3033    -0.90599966
3034    -1.5789998
3035    -1.0869999
3036    -2.339
3037    -2.859
3038    -2.313
3039    -3.189
3040    -1.4279997
3041    -1.8509998
3042    -3.257
3043    -2.9989998
3044    -2.1969998
3045    -2.5249999
3046    -2.419
3047    -2.6859999
3048    -1.8029997
3049    -2.123
3050    -1.4709997
3051    -1.787
3052    -2.3119998
3053    -1.6769998
3054    -3.1299999
3055    -2.284
3056    -0.18499994
3057    -0.20499992
3058    -1.9269998
3059    -2.7069998
3060    -1.6669998
3061    -2.8539999
3062    2.0270004
3063    -1.7639999
3064    -2.579
3065    -3.0489998
3066    -2.3739998
3067    -1.537
3068    -2.113
3069    -2.0579998
3070    -2.1569998
3071    0.9670005
3072    -2.648
3073    -3.138
3074    -2.609
3075    -2.715
3076    -2.7549999
3077    -2.616
3078    -2.3289998
3079    -2.847
3080    3.5110006
3081    -2.228
3082    -2.497
3083    -1.7799997
3084    -2.883
3085    -2.8119998
3086    -2.635
3087    -1.1719999
3088    -2.478
3089    -1.935
3090    -3.0479999
3091    -0.005999565
3092    -2.86
3093    -2.235
3094    -1.6299999
3095    -2.5879998
3096    -1.7749999
3097    -2.5149999
3098    -1.0099998
3099    -2.609
3100    -0.8959999
3101    -0.9749999
3102    -2.3969998
3103    -1.9039998
3104    -0.8249998
3105    -1.9999998
3106    -2.906
3107    -2.975
3108    -0.2739997
3109    -1.7509999
3110    -2.754
3111    -2.297
3112    -2.9989998
3113    -1.0439999
3114    1.0900002
3115    -1.7529998
3116    -2.5359998
3117    -2.4989998
3118    -1.1029999
3119    7.0510006
3120    -3.085
3121    5.8450003
3122    -2.0329998
3123    1.9340003
3124    -0.53099966
3125    -2.7949998
3126    -2.4659998
3127    -2.6639998
3128    -2.2489998
3129    -1.836
3130    -2.758
3131    -2.702
3132    -2.5379999
3133    -1.5609999
3134    -2.5479999
3135    -3.04
3136    -3.103
3137    -3.136
3138    -1.7229998
3139    -0.95199966
3140    -2.304
3141    -1.0599997
3142    -2.2059999
3143    -2.9099998
3144    -3.221
3145    -2.718
3146    -1.7559998
3147    -1.4869998
3148    -2.898
3149    -2.0519998
3150    -1.31
3151    -2.694
3152    -0.15599966
3153    -2.478
3154    -1.8169999
3155    -2.7589998
3156    -2.5649998
3157    -2.6179998
3158    -2.8799999
3159    -2.764
3160    -1.6279998
3161    -2.761
3162    -1.4769998
3163    -3.202
3164    -2.145
3165    1.2840004
3166    -2.2169998
3167    -2.304
3168    -2.514
3169    -2.557
3170    -2.3109999
3171    -2.047
3172    2.2130003
3173    -1.8469999
3174    -2.2089999
3175    -2.32
3176    -2.7719998
3177    -2.0379999
3178    -0.8209996
3179    -1.2429998
3180    -3.027
3181    -1.7559998
3182    -2.1509998
3183    1.6870003
3184    -3.113
3185    0.9540005
3186    -1.9139998
3187    0.35200024
3188    -3.282
3189    -1.6689999
3190    -0.66499996
3191    -2.0019999
3192    -1.6159999
3193    -2.527
3194    -1.1339998
3195    -2.3649998
3196    -2.2499998
3197    -1.0829997
3198    -2.1569998
3199    -1.754
3200    -0.9789996
3201    -1.6889999
3202    -3.0479999
3203    -1.8349998
3204    -1.0419998
3205    -1.7779999
3206    -1.8309999
3207    -2.5129998
3208    -2.98
3209    -0.51399994
3210    -2.51
3211    -1.767
3212    -0.07099962
3213    -2.408
3214    -1.0999999
3215    -1.0999999
3216    -2.701
3217    -1.2489998
3218    -1.6819999
3219    -2.395
3220    -2.2429998
3221    -0.54799986
3222    -1.971
3223    -1.6959999
3224    -2.748
3225    -0.6109996
3226    -2.781
3227    -1.892
3228    -3.032
3229    -2.1509998
3230    -2.787
3231    -1.3589997
3232    -2.747
3233    -0.93899965
3234    -3.379
3235    -1.4129999
3236    -2.7129998
3237    -2.3089998
3238    -1.0349998
3239    0.2210002
3240    -2.0779998
3241    -2.7059999
3242    -1.8839998
3243    -1.7069998
3244    -2.964
3245    -1.981
3246    -2.313
3247    -1.6029999
3248    -2.5619998
3249    -2.875
3250    -1.1609998
3251    1.7230005
3252    -1.7429998
3253    -1.6699998
3254    -1.4979999
3255    -1.412
3256    -1.6719999
3257    -2.7719998
3258    -3.402
3259    -1.6709998
3260    -1.8749998
3261    -2.0329998
3262    -1.1919999
3263    -1.8419998
3264    -1.5849998
3265    -2.636
3266    -2.796
3267    -3.054
3268    -3.0049999
3269    -2.616
3270    -0.46299982
3271    -2.4099998
3272    -1.1019998
3273    -0.645
3274    -2.564
3275    -2.952
3276    -0.77999973
3277    -2.862
3278    -2.5519998
3279    -3.238
3280    -2.5709999
3281    -2.7459998
3282    -2.29
3283    -1.3169999
3284    0.022000313
3285    -2.7199998
3286    -1.4589999
3287    0.63100004
3288    -3.394
3289    -2.4569998
3290    -3.0839999
3291    -2.853
3292    -1.8379998
3293    -0.29699993
3294    -3.236
3295    -1.9559999
3296    -2.7429998
3297    -0.48499966
3298    -1.7949998
3299    -2.806
3300    -1.2379999
3301    -1.4259999
3302    -2.702
3303    0.2510004
3304    -2.199
3305    -1.3929999
3306    -2.6269999
3307    -1.0039997
3308    -1.4559999
3309    -2.159
3310    0.7000003
3311    0.7000003
3312    -2.544
3313    -2.5089998
3314    -2.2619998
3315    -1.9199998
3316    -2.399
3317    -2.449
3318    -2.327
3319    -3.0419998
3320    -2.547
3321    -0.43599987
3322    -1.8989999
3323    -2.655
3324    -2.8539999
3325    -1.1079998
3326    -1.4519999
3327    -3.001
3328    -1.3939998
3329    13.459002
3330    -0.8829999
3331    -2.3479998
3332    -2.689
3333    -1.0709999
3334    -0.3119998
3335    -1.7499998
3336    -2.7299998
3337    -1.0669999
3338    1.3880005
3339    -1.333
3340    -3.103
3341    -2.109
3342    -1.1069999
3343    -2.4959998
3344    -2.428
3345    -1.9639997
3346    -1.9269998
3347    -2.691
3348    -1.5449998
3349    -1.5169997
3350    -2.5849998
3351    -2.4299998
3352    -2.3539999
3353    -2.495
3354    -2.7329998
3355    -2.3219998
3356    -2.895
3357    -2.609
3358    -2.1739998
3359    -3.146
3360    -0.7319999
3361    -3.1079998
3362    0.12900019
3363    -2.383
3364    -2.8909998
3365    -2.199
3366    -2.441
3367    -1.5789998
3368    -2.9259999
3369    -2.994
3370    -3.23
3371    -2.9099998
3372    -2.2169998
3373    -2.4589999
3374    -2.1479998
3375    -0.7909999
3376    -1.2819998
3377    -3.1069999
3378    -1.8899999
3379    -2.7329998
3380    -2.168
3381    -2.484
3382    -2.2369998
3383    -0.783
3384    -2.0779998
3385    -3.162
3386    -1.9459999
3387    -1.7479999
3388    -2.8609998
3389    -3.1759999
3390    -1.7359998
3391    -1.6299999
3392    0.25700045
3393    -1.8989999
3394    1.8470001
3395    -1.846
3396    -1.9649999
3397    -2.07
3398    -1.9389999
3399    -3.222
3400    3.7020006
3401    -2.737
3402    -1.3539999
3403    -1.9099998
3404    -2.2719998
3405    -0.85999966
3406    -1.8749998
3407    -0.5829997
3408    -2.7549999
3409    -2.908
3410    -1.7399998
3411    -2.267
3412    -1.9649999
3413    -0.9399996
3414    -2.166
3415    -3.146
3416    -1.6539998
3417    -2.175
3418    -3.09
3419    -2.6339998
3420    -2.3289998
3421    -2.2329998
3422    -2.9789999
3423    -2.323
3424    0.67700005
3425    -2.62
3426    -2.0359998
3427    -1.1809998
3428    -2.2849998
3429    -1.8739998
3430    -1.7009997
3431    -3.1269999
3432    -2.007
3433    -1.3859999
3434    -1.869
3435    -1.5549998
3436    -2.955
3437    0.8920002
3438    -2.6209998
3439    -2.3839998
3440    -2.3869998
3441    -1.0629997
3442    -2.9599998
3443    -2.9129999
3444    -1.7389998
3445    0.35700035
3446    -2.501
3447    0.119000435
3448    -2.682
3449    -0.31799984
3450    -1.2309997
3451    -2.2759998
3452    -0.81899977
3453    -2.1279998
3454    -1.4479997
3455    -2.806
3456    -1.8449998
3457    0.16200018
3458    -2.0019999
3459    -2.632
3460    -1.2569997
3461    -2.793
3462    -1.0079999
3463    -1.9619999
3464    0.035000324
3465    -3.123
3466    -2.777
3467    -1.5179999
3468    -2.3379998
3469    -1.2539997
3470    -2.0489998
3471    -2.454
3472    -1.0579998
3473    -3.024
3474    1.5160003
3475    -2.9199998
3476    -2.017
3477    -2.876
3478    -2.385
3479    -1.0539999
3480    -2.53
3481    -2.9599998
3482    -2.7619998
3483    -0.30299997
3484    -1.9229999
3485    -2.655
3486    -2.6699998
3487    -2.201
3488    -1.2269998
3489    -3.1149998
3490    -2.166
3491    -2.06
3492    -2.3309999
3493    -1.2789998
3494    -2.7529998
3495    -1.902
3496    -1.1149998
3497    -3.0279999
3498    -3.011
3499    -3.2419999
3500    -1.8409998
3501    -2.8999999
3502    -2.2829998
3503    -2.3999999
3504    -2.5609999
3505    -1.1569998
3506    -1.3319998
3507    -2.3579998
3508    -2.8569999
3509    -1.8469999
3510    -2.7059999
3511    -1.5739999
3512    -3.08
3513    -2.258
3514    -3.217
3515    0.2920003
3516    -1.6769998
3517    -2.731
3518    -2.0329998
3519    -2.632
3520    0.7580004
3521    -0.6109996
3522    3.9710007
3523    0.25000048
3524    -2.3089998
3525    -2.475
3526    -2.646
3527    -2.0199997
3528    -2.208
3529    0.011000156
3530    -2.501
3531    -2.501
3532    -0.20199966
3533    -1.833
3534    -3.202
3535    -1.3719997
3536    -3.177
3537    -3.097
3538    -3.096
3539    -2.2259998
3540    -2.6629999
3541    -1.698
3542    -3.19
3543    -3.19
3544    -2.393
3545    -3.132
3546    -1.2019999
3547    -1.5749998
3548    -2.648
3549    -1.5309999
3550    -2.0949998
3551    -2.04
3552    -1.2009997
3553    -2.418
3554    -1.6489999
3555    -2.347
3556    -3.02
3557    -1.5749998
3558    4.1940002
3559    -2.4659998
3560    0.22600031
3561    -1.6279998
3562    -2.491
3563    -3.158
3564    -1.9339998
3565    -1.5839999
3566    -1.8899999
3567    -1.2279999
3568    -1.7089999
3569    -1.3589997
3570    -1.0609999
3571    -2.761
3572    -2.478
3573    -1.2009997
3574    -0.25
3575    -2.7919998
3576    -1.7109997
3577    -1.8289998
3578    -3.155
3579    -2.916
3580    -2.2429998
3581    -2.468
3582    -0.9239998
3583    -2.2519999
3584    -2.195
3585    -1.9059999
3586    -2.5249999
3587    -1.4229999
3588    -3.0299997
3589    -2.807
3590    -1.8019998
3591    -1.8049998
3592    -0.9459996
3593    -0.041999817
3594    -1.9589999
3595    -0.263
3596    -1.7479999
3597    -3.0839999
3598    -1.8379998
3599    -2.5019999
3600    -2.957
3601    -2.8439999
3602    -3.244
3603    -2.3839998
3604    -0.526
3605    -2.491
3606    -2.7789998
3607    -1.3389997
3608    -1.0779998
3609    -2.021
3610    -0.2739997
3611    -2.0579998
3612    -2.245
3613    -2.353
3614    -1.8619998
3615    -1.6729999
3616    -2.4659998
3617    -2.3899999
3618    -2.1729999
3619    -2.1929998
3620    -2.297
3621    -2.56
3622    -2.8319998
3623    -1.5419998
3624    -2.7259998
3625    -1.2189999
3626    -2.4369998
3627    -2.3909998
3628    -1.8879998
3629    -1.4259999
3630    -2.636
3631    -1.5969999
3632    -1.754
3633    -2.4859998
3634    -2.2359998
3635    -2.9529998
3636    -1.4319999
3637    -1.8489997
3638    -0.6459999
3639    -2.547
3640    -3.124
3641    -1.6319997
3642    -3.1019998
3643    0.008000374
3644    -2.5389998
3645    -2.3549998
3646    -2.7419999
3647    -2.9459999
3648    -2.602
3649    -2.771
3650    -2.9829998
3651    -2.2169998
3652    -1.8089998
3653    -2.751
3654    -2.29
3655    -2.6279998
3656    -3.098
3657    -0.13799953
3658    -1.5209999
3659    -2.3079998
3660    -3.111
3661    -1.3439999
3662    -2.745
3663    -2.1759999
3664    -1.948
3665    -2.893
3666    -1.1509998
3667    -2.5679998
3668    -2.7189999
3669    -2.583
3670    -2.4889998
3671    -2.5249999
3672    -3.123
3673    -1.4469998
3674    -1.5179999
3675    -1.1349998
3676    -1.2479999
3677    -3.103
3678    -2.293
3679    -1.287
3680    -2.902
3681    -1.6909997
3682    1.1640005
3683    -2.6839998
3684    -3.0249999
3685    -1.9829998
3686    -2.438
3687    -3.0809999
3688    -2.691
3689    -2.521
3690    -1.1999998
3691    -0.77699995
3692    -2.478
3693    -2.5149999
3694    -1.8489997
3695    -1.915
3696    -3.1019998
3697    -1.6159999
3698    -1.9509997
3699    -1.912
3700    -1.7729998
3701    -1.6019998
3702    -2.974
3703    -2.9169998
3704    -2.195
3705    -1.8009999
3706    -2.646
3707    -1.7629998
3708    -2.6669998
3709    -2.0919998
3710    -1.2209997
3711    -2.678
3712    -2.7649999
3713    -1.596
3714    -2.791
3715    -2.149
3716    -2.534
3717    -1.9659998
3718    -2.6669998
3719    -2.9599998
3720    -2.2359998
3721    -1.9009998
3722    -2.4569998
3723    -1.4969997
3724    -0.421
3725    -2.5129998
3726    -1.5989997
3727    -1.1139998
3728    -0.18199968
3729    -3.085
3730    -3.083
3731    -2.182
3732    -3.116
3733    -1.4979999
3734    -2.383
3735    -2.998
3736    -2.4989998
3737    -0.63199997
3738    -2.0719998
3739    -2.61
3740    -2.2359998
3741    -1.9189999
3742    -2.0219998
3743    -1.0389998
3744    -1.981
3745    -0.16699982
3746    -2.3779998
3747    -0.75499964
3748    -2.4799998
3749    -1.2109997
3750    -2.5119998
3751    -2.905
3752    -2.514
3753    -2.4339998
3754    -1.3889999
3755    -1.6559999
3756    -1.4419999
3757    -2.113
3758    -2.955
3759    -1.1619997
3760    -2.6239998
3761    -3.103
3762    -2.7199998
3763    -2.271
3764    -1.767
3765    -0.66299963
3766    -1.7459998
3767    -2.988
3768    -1.0959997
3769    -1.3919997
3770    -1.2309997
3771    -1.2619998
3772    -0.48799992
3773    -2.577
3774    -2.692
3775    -2.293
3776    -1.836
3777    -1.3589997
3778    -2.898
3779    -2.508
3780    -1.882
3781    -2.146
3782    -2.54
3783    -1.9739997
3784    -1.9519999
3785    -2.768
3786    -3.017
3787    -2.679
3788    -1.9719999
3789    -1.7389998
3790    -1.1579998
3791    -2.59
3792    -1.6169999
3793    -2.245
3794    -2.4589999
3795    -1.8209999
3796    -2.3079998
3797    -2.0129998
3798    -1.2299998
3799    -2.576
3800    -2.57
3801    -1.1189997
3802    -2.6999998
3803    -1.8069999
3804    -2.793
3805    -1.9419999
3806    -2.991
3807    -0.3959999
3808    -0.86399984
3809    -1.6529999
3810    -1.4009998
3811    -2.0789998
3812    -2.514
3813    -2.574
3814    -2.366
3815    -1.0669999
3816    -1.6299999
3817    -2.547
3818    -0.93499994
3819    -1.8999999
3820    -2.222
3821    -1.2529998
3822    -2.198
3823    -0.6919999
3824    -2.333
3825    -0.77299976
3826    -1.6939998
3827    -1.2699997
3828    -1.9339998
3829    -2.727
3830    -2.6439998
3831    -0.71799994
3832    5.3570004
3833    -2.7649999
3834    -2.097
3835    -2.498
3836    2.7420006
3837    -2.7779999
3838    -1.1419997
3839    -2.0149999
3840    -2.0679998
3841    -3.145
3842    -2.337
3843    -1.905
3844    -0.849
3845    -3.2009997
3846    -2.251
3847    -2.4629998
3848    -1.6559999
3849    -2.787
3850    -1.5649998
3851    -2.1869998
3852    -0.8649998
3853    -2.0879998
3854    -2.1599998
3855    -2.662
3856    -2.662
3857    -0.7159996
3858    -3.237
3859    -2.761
3860    -2.5459998
3861    -2.004
3862    -1.9339998
3863    -2.4799998
3864    -2.781
3865    -0.4159999
3866    -2.987
3867    -2.389
3868    -1.4619999
3869    -1.8049998
3870    -2.741
3871    -2.6039999
3872    -2.3879998
3873    -2.4129999
3874    -2.6369998
3875    0.01600027
3876    -0.87999964
3877    -1.5969999
3878    -1.6609998
3879    -0.86399984
3880    -0.59299994
3881    -2.6399999
3882    -1.823
3883    -1.6599998
3884    -2.461
3885    -2.346
3886    -1.9519999
3887    -1.8389997
3888    -0.9419999
3889    -1.8449998
3890    -2.737
3891    -2.6769998
3892    -1.3319998
3893    -0.9529996
3894    -2.8549998
3895    -2.317
3896    -2.205
3897    -0.763
3898    0.1420002
3899    1.8190002
3900    -2.406
3901    -2.804
3902    -1.1439998
3903    14.986
3904    -3.215
3905    -2.6269999
3906    -2.764
3907    -0.4909997
3908    -3.236
3909    -2.9329998
3910    -1.5919998
3911    -2.655
3912    -2.711
3913    -0.13999987
3914    -3.204
3915    -3.138
3916    -2.8409998
3917    -1.9239998
3918    -1.4209998
3919    0.78200006
3920    -2.408
3921    -2.6299999
3922    -2.179
3923    -2.372
3924    -1.9099998
3925    -2.6079998
3926    -3.454
3927    -2.593
3928    -1.9159999
3929    -2.393
3930    -2.2959998
3931    -0.45999956
3932    -2.133
3933    -1.4779999
3934    -1.7139997
3935    -1.9619999
3936    0.5140004
3937    -2.4259999
3938    -2.556
3939    -0.4789996
3940    -2.3119998
3941    -2.3669999
3942    -2.767
3943    -2.77
3944    -2.587
3945    -1.2349999
3946    -3.103
3947    -1.6329999
3948    -2.517
3949    -1.0169997
3950    -0.80999994
3951    -2.4339998
3952    -2.8909998
3953    -1.0899999
3954    -1.1949999
3955    -1.3809998
3956    -2.7199998
3957    -0.21999979
3958    -2.517
3959    -0.40999985
3960    -1.4479997
3961    -0.84299994
3962    -2.425
3963    -0.9369998
3964    -2.2259998
3965    -1.3209999
3966    -2.29
3967    -2.218
3968    -2.718
3969    -1.3709998
3970    -2.0389998
3971    -0.45699978
3972    -2.758
3973    -2.876
3974    -1.3499999
3975    -2.8449998
3976    -1.6469998
3977    -2.08
3978    -1.994
3979    -2.291
3980    -2.728
3981    -1.8579998
3982    -2.9399998
3983    -0.14699984
3984    -2.5019999
3985    -2.566
3986    -1.7039998
3987    -0.9169998
3988    -2.7689998
3989    -3.032
3990    -1.2709999
3991    -1.8779998
3992    -1.2719998
3993    -1.4429998
3994    -0.34899998
3995    -3.067
3996    -1.5279999
3997    -2.454
3998    -0.3529997
3999    -2.61
4000    -2.205
4001    -3.034
4002    -2.678
4003    -1.1599998
4004    -1.2609999
4005    -1.0749998
4006    -2.773
4007    -2.143
4008    -0.6159997
4009    -3.032
4010    -2.327
4011    -0.9369998
4012    -1.7199998
4013    -1.833
4014    -2.2299998
4015    -3.189
4016    -3.0759997
4017    -3.085
4018    -0.6699996
4019    -2.001
4020    -1.3289998
4021    -1.9339998
4022    -2.511
4023    -1.3519998
4024    -3.23
4025    -3.1399999
4026    -2.178
4027    -1.8259997
4028    0.5500002
4029    -1.836
4030    -2.076
4031    -2.2159998
4032    -2.33
4033    -1.0799999
4034    -1.9509997
4035    -1.8719997
4036    -2.967
4037    -2.4099998
4038    -1.9819999
4039    -0.16899967
4040    1.6700006
4041    -1.8009999
4042    -2.1729999
4043    -1.8879998
4044    -2.6409998
4045    -3.268
4046    -1.6119998
4047    -2.6379998
4048    -2.1759999
4049    -2.0549998
4050    -2.03
4051    -3.131
4052    -0.30499983
4053    -1.1019998
4054    -2.0199997
4055    -2.5519998
4056    -2.4529998
4057    -2.0879998
4058    -2.0879998
4059    -0.6359997
4060    -1.3129997
4061    -2.597
4062    -1.7249999
4063    -2.1709998
4064    -2.228
4065    -2.3709998
4066    -0.038999557
4067    -2.972
4068    -1.6819999
4069    -1.2929997
4070    -1.6239998
4071    -1.4839997
4072    -0.94799995
4073    -2.849
4074    2.1340003
4075    -2.879
4076    -2.727
4077    -2.596
4078    -1.2919998
4079    -2.6169999
4080    -3.1209998
4081    -2.655
4082    13.419001
4083    -1.4749999
4084    -1.8619998
4085    -1.2769997
4086    -2.313
4087    -3.126
4088    -2.3609998
4089    -1.9749999
4090    -1.1099999
4091    -1.79
4092    -2.974
4093    -2.553
4094    -0.80099964
4095    -2.9859998
4096    -2.3869998
4097    -2.5979998
4098    -3.3059998
4099    -2.53
4100    -3.105
4101    -2.0059998
4102    -2.0509999
4103    -0.7689996
4104    -2.5219998
4105    -2.228
4106    -2.7649999
4107    -3.2069998
4108    -3.0559998
4109    -1.9979999
4110    -2.784
4111    -1.3929999
4112    -2.0329998
4113    -1.8579998
4114    -1.2849998
4115    -2.1739998
4116    -3.199
4117    -0.87299967
4118    -2.4439998
4119    -2.4209998
4120    -2.7299998
4121    -2.6309998
4122    -2.2979999
4123    -1.2889998
4124    -2.9469998
4125    -2.438
4126    -1.3639998
4127    -2.044
4128    -2.8969998
4129    -2.4459999
4130    -2.6539998
4131    -1.9859998
4132    -2.715
4133    -1.7179999
4134    -0.97199965
4135    -0.17699957
4136    -2.3419998
4137    -2.462
4138    -1.9629998
4139    -2.6869998
4140    -2.3769999
4141    -2.629
4142    -1.7509999
4143    -1.7969999
4144    2.0140004
4145    -3.133
4146    -2.2389998
4147    -1.7659998
4148    -1.9879999
4149    -0.96799994
4150    -2.416
4151    -1.5299997
4152    -1.6499999
4153    -3.215
4154    -2.972
4155    -2.863
4156    -3.046
4157    -1.6869998
4158    -2.139
4159    -2.757
4160    -2.606
4161    1.1300001
4162    -3.057
4163    -1.4789999
4164    -3.245
4165    -1.8849998
4166    0.8840003
4167    -0.87199974
4168    -2.36
4169    1.3260002
4170    -1.7129998
4171    -3.044
4172    -1.6349998
4173    -2.939
4174    -1.3569999
4175    -2.0489998
4176    -2.487
4177    5.087001
4178    -2.501
4179    -1.8089998
4180    -2.8899999
4181    -1.9459999
4182    -2.185
