0    -5.587
1    -5.569
2    -5.587
3    -5.551
4    -5.606
5    -5.582
6    -5.558
7    -5.539
8    -5.583
9    -5.616
10    -5.561
11    -5.586
12    -5.571
13    -5.565
14    -5.578
15    -5.616
16    -5.58
17    -5.58
18    -5.582
19    -5.605
20    -5.563
21    -5.5889997
22    -5.576
23    -5.574
24    -5.567
25    -5.604
26    -5.575
27    -5.598
28    -5.571
29    -5.581
30    -5.573
31    -5.574
32    -5.573
33    -5.585
34    -5.597
35    -5.56
36    -5.594
37    -5.532
38    -5.581
39    -5.578
40    -5.588
41    -5.588
42    -5.569
43    -5.562
44    -5.603
45    -5.573
46    -5.615
47    -5.583
48    -5.558
49    -5.554
50    -5.572
51    -5.544
52    -5.572
53    -5.581
54    -5.553
55    -5.577
56    -5.6
57    -5.5889997
58    -5.569
59    -5.611
60    -5.564
61    -5.575
62    -5.545
63    -5.585
64    -5.608
65    -5.597
66    -5.604
67    -5.577
68    -5.559
69    -5.584
70    -5.55
71    -5.561
72    -5.567
73    -5.587
74    -5.6019998
75    -5.569
76    -5.571
77    -5.571
78    -5.591
79    -5.588
80    -5.585
81    -5.569
82    -5.543
83    -5.581
84    -5.581
85    -5.593
86    -5.563
87    -5.572
88    -5.601
89    -5.594
90    -5.599
91    -5.572
92    -5.571
93    -5.587
94    -5.536
95    -5.584
96    -5.604
97    -5.601
98    -5.57
99    -5.562
100    -5.571
101    -5.569
102    -5.576
103    -5.569
104    -5.576
105    -5.62
106    -5.581
107    -5.6019998
108    -5.572
109    -5.563
110    -5.566
111    -5.576
112    -5.585
113    -5.59
114    -5.554
115    -5.558
116    -5.557
117    -5.588
118    -5.578
119    -5.573
120    -5.541
121    -5.577
122    -5.585
123    -5.606
124    -5.603
125    -5.578
126    -5.57
127    -5.563
128    -5.576
129    -5.565
130    -5.584
131    -5.585
132    -5.579
133    -5.593
134    -5.565
135    -5.547
136    -5.5889997
137    -5.5889997
138    -5.521
139    -5.568
140    -5.582
141    -5.597
142    -5.574
143    -5.591
144    -5.594
145    -5.584
146    -5.607
147    -5.583
148    -5.582
149    -5.419
150    -5.423
151    -5.433
152    -5.418
153    -5.413
154    -5.387
155    -5.391
156    -5.417
157    -5.381
158    -5.449
159    -5.391
160    -5.415
161    -5.425
162    -5.38
163    -5.362
164    -5.424
165    -5.376
166    -5.408
167    -5.403
168    -5.39
