0    -5.753
1    -6.767
2    -7.199
3    -6.152
4    -6.99
5    -5.874
6    -5.318
7    -5.7349997
8    -5.534
9    -8.603
10    -6.586
11    -5.64
12    -5.693
13    -5.503
14    -5.854
15    -5.631
16    -10.084
17    -6.118
18    -4.878
19    -8.863
20    -11.611
21    -6.04
22    -8.706
23    -5.913
24    -7.611
25    -4.987
26    -3.688
27    -5.415
28    -5.847
29    -6.005
30    -5.516
31    -5.387
32    -5.6219997
33    -5.664
34    -1.8169999
35    -5.436
36    -5.758
37    -7.468
38    -5.645
39    -5.149
40    -5.611
41    -4.436
42    -6.297
43    -5.72
44    -5.5889997
45    -5.125
46    -5.922
47    -5.675
48    -5.71
49    -8.732
50    -5.906
51    -5.843
52    -8.693
53    -5.329
54    -7.358
55    -5.243
56    -5.408
57    -5.0299997
58    -5.218
59    -5.87
60    -6.185
61    -6.5179996
62    -10.412
63    -7.199
64    -8.243
65    -5.064
66    -7.5439997
67    -7.611
68    -10.207
69    -7.174
70    -8.254
71    -10.250999
72    -7.0769997
73    -6.174
74    -7.508
75    -5.377
76    -6.887
77    -7.476
78    -7.492
79    -5.045
80    -6.916
81    -7.009
82    -7.045
83    -6.8479996
84    -8.302
85    -6.9919996
86    -7.535
87    -7.472
88    -6.884
89    -7.006
90    -10.339
91    -9.345
92    -7.376
93    -9.3689995
94    -8.013
95    -8.071
96    -7.9589996
97    -7.44
98    -6.809
99    -6.852
100    -7.1219997
101    -6.6809998
102    -7.58
103    -7.249
104    -7.376
105    -7.752
106    -7.295
107    -7.1689997
108    -7.569
109    -7.793
110    -7.567
111    -7.513
112    -6.757
113    -7.765
114    -7.2869997
115    -6.98
116    -6.765
117    -7.046
118    -7.5559998
119    -6.89
120    -6.5909996
121    -6.6639996
122    -7.023
123    -13.977
124    -11.34
125    -14.287
126    -8.8689995
127    -7.9139996
128    -6.8739996
129    -6.92
130    -7.244
131    -7.029
132    -11.408
133    -7.166
134    -6.738
135    -7.457
136    -6.7539997
137    -12.347
138    -6.998
139    -5.435
140    -12.8689995
141    -6.553
142    -7.266
143    -7.17
144    -5.245
145    -7.148
146    -7.116
147    -7.358
148    -11.215
149    -12.093
150    -6.519
151    -12.123
152    -6.885
153    -6.962
154    -7.349
155    -7.123
156    -7.109
157    -7.012
158    -7.147
159    -6.738
160    -6.481
161    -6.748
162    -6.574
163    -6.574
164    -5.571
165    -7.278
166    -10.018
167    -5.729
168    -6.333
169    -6.538
170    -6.958
171    -7.029
172    -13.127
173    -6.5769997
174    -12.177
175    -12.116
176    -6.685
177    -12.822
178    -6.925
179    -6.84
180    -7.857
181    -6.942
182    -6.049
183    -6.986
184    -6.731
185    -6.983
186    -7.483
187    -6.09
188    -7.12
189    -7.105
190    -6.2469997
191    -6.737
192    -6.961
193    -6.8059998
194    -6.42
195    -6.903
196    -7.831
197    -6.943
198    -5.625
199    -6.6689997
200    -7.039
201    -6.4989996
202    -7.02
203    -6.891
204    -3.218
205    -7.0369997
206    -6.869
207    -6.42
208    -11.21
209    -6.484
210    -4.1879997
211    -4.489
212    -4.219
213    -3.7979999
214    -6.993
215    -4.398
216    -4.163
217    -4.18
218    -4.4969997
219    -4.332
220    -4.574
221    -4.161
222    -4.3929996
223    -3.796
224    -4.0629997
225    -4.564
226    -3.7459998
227    -4.297
228    -3.728
229    -4.098
230    -3.957
231    -4.066
232    -5.165
233    -4.657
234    -43.132
235    -4.047
236    -4.082
237    -4.575
238    -4.4379997
239    -4.517
240    -4.2869997
241    -4.631
242    -4.751
243    -3.998
244    -4.175
245    -4.179
246    -4.331
247    -4.238
248    -4.402
249    -4.368
250    -4.762
251    -4.481
252    -3.847
253    -4.152
254    -3.8709998
255    -4.455
256    -4.5039997
257    -3.948
258    -4.329
259    -4.4119997
260    -4.3519998
261    -4.642
262    -4.284
263    -4.041
264    -42.519
265    -4.25
266    -4.683
267    -4.2269998
268    -2.7779999
269    -3.8049998
270    -4.0439997
271    -4.521
272    -4.355
273    -4.644
274    -4.434
275    -4.328
276    -4.2559996
277    -4.128
278    -3.5099998
279    -5.648
280    -4.2609997
281    -3.8999999
282    -4.734
283    -4.467
284    -5.255
285    -6.472
286    -12.881
287    -6.1499996
288    -7.865
289    -6.734
290    -7.134
291    -5.366
292    -6.1899996
293    -5.8599997
294    -6.384
295    -5.463
296    -5.463
297    -7.436
298    -9.099
299    -8.459
300    -11.562
301    -7.764
302    -7.804
303    -6.957
304    -7.674
305    -4.6029997
306    -7.6049995
307    -9.186
308    -5.6219997
309    -7.903
310    -7.5909996
311    -13.142
312    -7.696
313    -6.422
314    -5.7089996
315    -6.8599997
316    -10.582
317    -7.578
318    -6.6619997
319    -7.006
320    -13.864
321    -6.234
322    -6.272
323    -8.407
324    -6.663
325    -6.843
326    -10.077
327    -6.481
328    -6.448
329    -6.968
330    -6.909
331    -6.738
332    -7.335
333    -6.943
334    -13.132999
335    -6.5629997
336    -6.9729996
337    -11.813
338    -12.797
339    -9.412
340    -6.5979996
341    -7.368
342    -6.265
343    -6.776
344    -6.651
345    -6.814
346    -6.7209997
347    -12.024
348    -9.789
349    -13.031
350    -6.875
351    -10.25
352    -6.5769997
353    -10.021
354    -6.7209997
355    -6.418
356    -8.219
357    -7.118
358    -7.1499996
359    -6.8999996
360    -6.1499996
361    -6.6219997
362    -7.0249996
363    -6.661
364    -6.0439997
365    -7.4449997
366    -11.742
367    -12.766
368    -6.55
369    -6.146
370    -9.191
371    -6.9639997
372    -12.896999
373    -7.762
374    -6.85
375    -6.7939997
376    -6.661
377    -6.3079996
378    -6.569
379    -5.758
380    -6.493
381    -4.192
382    -3.3969998
383    -4.7559996
384    -4.2799997
385    -4.7419996
386    -4.173
387    -2.4359999
388    -2.7779999
389    -4.686
390    -4.615
391    -4.274
392    -4.851
393    -4.6049995
394    -4.4329996
395    -4.427
396    -4.312
397    -3.7189999
398    -3.8569999
399    -4.054
400    -3.8289998
401    -3.281
402    -4.5389996
403    -4.37
404    -4.238
405    -4.383
406    -4.265
407    -4.402
408    -3.3129997
409    -4.856
410    -4.7349997
411    -4.994
412    -4.6499996
413    -4.288
414    -7.273
415    -1.2359996
416    -3.9729998
417    -7.949
418    -4.285
419    -4.325
420    -9.497
421    -3.179
422    -6.857
423    -4.184
424    -4.377
425    -4.2469997
426    -4.1759996
427    -7.578
428    -4.028
429    -5.703
430    -4.553
431    -4.389
432    -9.191
433    -9.6779995
434    -2.6159997
435    -7.14
436    -4.5109997
437    -5.023
438    -4.521
439    -5.026
440    -4.6899996
441    1.9180002
442    -4.429
443    -4.288
444    -4.1289997
445    -3.814
446    -8.775
447    -9.506
448    -4.252
449    -4.729
450    -4.856
451    -2.5519998
452    -5.1
453    -4.883
454    -4.608
455    -3.3409998
456    -9.703
457    -3.7629998
458    -4.732
459    -9.398
460    -5.9659996
461    -10.403
462    -4.13
463    -4.25
464    -4.527
465    -4.5719995
466    -4.326
467    -5.45
468    -4.759
469    -4.333
470    -9.013
471    -8.535
472    -7.659
473    -4.3719997
474    -4.457
475    -4.482
476    -3.573
477    -4.942
478    -3.613
479    -4.929
480    -1.658
481    -9.617
482    -10.499
483    -3.0909998
484    -4.25
485    -4.5719995
486    -4.1119995
487    -4.7019997
488    -3.925
489    -4.5109997
490    -9.042
491    -4.758
492    -4.49
493    -4.311
494    -11.375999
495    -4.443
496    -44.179
497    -11.139
498    -4.439
499    -4.943
500    -4.483
501    -5.988
502    -4.1029997
503    -10.8029995
504    -11.007999
505    -4.918
506    -9.19
507    -4.625
508    -4.516
509    -8.909
510    -4.516
511    -4.451
512    -10.639999
513    -4.392
514    -4.019
515    -0.1079998
516    -11.83
517    -9.332
518    -2.8069997
519    -4.4189997
520    -4.427
521    -4.408
522    -3.5489998
523    -4.715
524    -4.186
525    0.808
526    0.82000005
527    1.373
528    1.0320001
529    1.501
530    0.771
531    1.281
532    0.799
533    1.1040001
534    1.366
535    1.2620001
536    0.83800006
537    1.065
538    1.1650001
539    1.2570001
540    1.2750001
541    1.0
542    1.3410001
543    2.4250002
544    1.5910001
545    1.1320001
546    1.1850001
547    1.4250001
548    1.292
549    0.93700004
550    1.4490001
551    0.846
552    0.9710001
553    1.3410001
554    1.542
555    1.1520001
556    -8.249
557    -4.699
558    -3.017
559    -7.932
560    -8.101
561    -2.244
562    -7.078
563    -1.6669998
564    -1.1159997
565    -1.1559999
566    -1.5979998
567    -6.424
568    -2.974
569    -1.9059999
570    -9.432
571    -2.172
572    -2.379
573    -2.781
574    -1.8289998
575    -2.339
576    -7.3879995
577    -2.337
578    -2.1469998
579    -2.428
580    -2.225
581    -1.7269998
582    -2.5509999
583    -2.53
584    -2.4569998
585    -1.4899998
586    -2.5119998
587    -1.7299998
588    -2.2959998
589    -2.5919998
590    -2.701
591    -2.9529998
592    -1.1469998
593    -8.637
594    -8.676
595    -2.6169999
596    -2.7319999
597    -2.1179998
598    -2.257
599    -2.208
600    -1.4639997
601    -2.383
602    -2.132
603    -2.1049998
604    -2.336
605    -1.8829999
606    -3.4369998
607    -1.0299997
608    -3.5349998
609    -2.658
610    -3.35
611    -4.121
612    -3.0559998
613    -2.738
614    -3.198
615    -3.807
616    -3.3669999
617    -3.4
618    -2.337
619    -3.83
620    -3.722
621    -2.694
622    -1.9209998
623    -2.087
624    -3.0559998
625    -2.8669999
626    -2.747
627    -3.341
628    -2.9689999
629    -2.3319998
630    -3.0879998
631    -3.2059999
632    -0.9699998
633    -3.1019998
634    -1.9649999
635    -9.581
636    -0.9039998
637    -3.327
638    -2.865
639    -3.1929998
640    -2.5819998
641    -2.7359998
642    -3.059
643    -3.1499999
644    -3.241
645    -2.689
646    -2.376
647    -2.6049998
648    -2.1179998
649    -2.816
650    -2.712
651    -8.94
652    -2.866
653    -2.3289998
654    -2.0559998
655    -3.046
656    -8.019
657    -2.511
658    -9.973
659    -2.6499999
660    -2.2989998
661    -2.645
662    -1.9699998
663    -2.5619998
664    -2.906
665    -3.356
666    -3.1209998
667    -2.9199998
668    -2.655
669    -9.262
670    -2.98
671    0.3800001
672    -3.191
673    -3.21
674    -3.183
675    -6.937
676    -2.5119998
677    -5.178
678    -4.7869997
679    -2.9259999
680    -3.216
681    -3.2929997
682    -3.349
683    -2.8249998
684    -9.07
685    -2.6639998
686    -9.353
687    -2.8119998
688    -2.793
689    -2.711
690    -2.4459999
691    -2.8809998
692    -3.205
693    -0.71899986
694    -9.71
695    -2.967
696    -5.766
697    -7.9639997
698    -2.3409998
699    -3.3519998
700    -2.906
701    -2.912
702    -3.0279999
703    -2.244
704    -2.643
705    -1.8109999
706    -2.8769999
707    -4.3389997
708    -4.104
709    -2.826
710    -2.955
711    -2.99
712    -3.0029998
713    -3.064
714    -2.9789999
715    -1.9139998
716    -2.625
717    -2.191
718    -3.258
719    -1.7979999
720    -3.1609998
721    -3.5479999
722    -2.185
723    -2.949
724    -2.833
725    -2.8709998
726    -2.511
727    -2.994
728    -3.07
729    -2.665
730    -2.4989998
731    -3.1799998
732    -3.197
733    -3.1739998
734    -2.477
735    -2.3679998
736    -3.28
737    -7.148
738    -6.349
739    -2.636
740    -2.4469998
741    -3.4429998
742    -2.791
743    -2.836
744    -3.432
745    -2.468
746    -2.54
747    -3.0559998
748    -2.7199998
749    -2.073
750    -3.1339998
751    -6.568
752    -2.8569999
753    -3.057
754    -2.8509998
755    -2.7359998
756    -1.681
757    -3.125
758    -2.5519998
759    -2.425
760    -3.19
761    0.91400003
762    -3.001
763    -1.4439998
764    -2.998
765    -3.027
766    -8.658
767    -2.7199998
768    -2.6599998
769    -0.12599993
770    -2.724
771    -2.826
772    -3.0149999
773    -2.7089999
774    -2.652
775    -2.708
776    -1.3559997
777    -2.5609999
778    -2.2589998
779    -10.009
780    -3.0759997
781    0.09000015
782    -3.152
783    -7.054
784    -3.133
785    -6.9309998
786    -2.985
787    -3.3
788    -2.589
789    5.4040003
790    -2.2329998
791    -2.952
792    -4.469
793    -2.7659998
794    -3.0349998
795    -3.0609999
796    -2.261
797    -2.9169998
798    -3.416
799    -0.57599974
800    -3.383
801    -2.3079998
802    -2.978
803    -2.29
804    -3.064
805    -5.821
806    -3.238
807    -2.744
808    -2.773
809    -3.0289998
810    -2.8709998
811    -2.234
812    -2.916
813    -2.2319999
814    -2.6279998
815    -2.5349998
816    -2.33
817    -2.9629998
818    -3.0
819    -2.777
820    -2.211
821    -1.7029998
822    -2.9589999
823    -1.5899999
824    -2.245
825    -1.7429998
826    -2.728
827    -2.192
828    -2.9859998
829    -3.355
830    -2.939
831    -2.5289998
832    -1.3589997
833    -2.6279998
834    -1.7269998
835    -2.8109999
836    -1.7249999
837    -2.995
838    -2.793
839    -3.965
840    -2.327
841    -2.001
842    -2.5689998
843    -2.314
844    -2.477
845    -2.886
846    -1.7239997
847    -2.5619998
848    -2.1969998
849    -2.541
850    -2.389
851    -1.7919998
852    -2.064
853    -2.82
854    -2.439
855    -7.668
856    -2.6109998
857    -1.0499997
858    -8.912
859    -2.701
860    -3.054
861    -2.297
862    -2.4229999
863    -8.837
864    -2.5149999
865    -6.358
866    -2.57
867    -7.859
868    -2.8439999
869    -2.8539999
870    -2.7719998
871    -6.595
872    -2.718
873    -2.589
874    -2.6169999
875    -10.172
876    -2.1019998
877    -2.508
878    -2.738
879    -2.817
880    -2.9329998
881    -10.278999
882    -2.1809998
883    -5.2999997
884    -2.4369998
885    -7.8549995
886    -2.4759998
887    -2.316
888    -2.0659997
889    -2.274
890    -3.241
891    -1.1499999
892    22.701
893    -2.814
894    -3.1209998
895    -2.827
896    -1.6269999
897    -2.9229999
898    -1.6119998
899    -2.5979998
900    -1.9329998
901    -1.4949999
902    -3.961
903    -2.33
904    -2.951
905    -1.994
906    -1.4839997
907    -1.6779997
908    -2.5449998
909    -1.7839999
910    -12.8
911    -2.735
912    10.464001
913    -8.82
914    -2.027
915    -1.3669999
916    -0.7659998
917    -2.5519998
918    -0.47099972
919    -12.858
920    -2.031
921    -2.5849998
922    -11.268
923    -12.639999
924    -10.557
925    -2.819
926    -2.4499998
927    -13.044
928    -11.562
929    -2.251
930    -6.5
931    -3.1679997
932    -3.4239998
933    -4.121
934    -9.639
935    -2.4959998
936    -1.9639997
937    -2.189
938    -2.0719998
939    -2.099
940    -2.3769999
941    -2.579
942    -3.4129999
943    -2.3109999
944    -2.9099998
945    -2.12
946    -3.103
947    -2.511
948    -2.9919999
949    -1.1969998
950    -2.0449998
951    -3.3979998
952    -1.4129999
953    -2.343
954    -12.38
955    -3.018
956    -10.058
957    -2.4329998
958    -11.846
959    -1.9109998
960    -2.4229999
961    -1.046
962    -1.702
963    -1.438
964    -1.415
965    -21.15
966    -20.983
967    -20.983
968    -21.201
969    -21.201
970    -21.206
971    -21.206
972    -35.026
973    -35.056
974    -20.906
975    -21.2
976    -28.892
977    -21.065
978    -21.262
979    -21.399
980    -21.22
981    -17.648
982    -21.11
983    -19.315
984    -18.399
985    -21.229
986    -21.445
987    -18.575
988    -21.552
989    -17.862
990    -19.496
991    -18.334
992    -18.064
993    -17.761
994    -21.569
995    -19.88
996    -20.447
997    -18.105
998    -20.881
999    -18.625
1000    -21.105
1001    -21.1
1002    -21.489
1003    -21.353
1004    -20.936
1005    -18.145
1006    -21.16
1007    -21.137
1008    -18.538
1009    -21.042
1010    -18.162
1011    -18.214
1012    -21.043
1013    -18.515
1014    -18.469
1015    -17.927
1016    -21.589
1017    -21.044
1018    -15.893
1019    -18.42
1020    -23.044
1021    -21.304
1022    -18.14
1023    -21.057
1024    -18.21
1025    -20.887
1026    -21.199
1027    -18.568
1028    -21.365
1029    -19.447
1030    -20.22
1031    -19.547
1032    -18.265
1033    -21.332
1034    -19.482
1035    -21.089
1036    -18.313
1037    -21.421
1038    -20.94
1039    -18.086
1040    -17.934
1041    -18.129
1042    -18.301
1043    -21.443
1044    -21.31
1045    -18.533
1046    -20.494
1047    -18.354
1048    -21.29
1049    -21.286
1050    -21.09
1051    -18.513
1052    -18.535
1053    -21.549
1054    -21.302
1055    -23.285
1056    -17.411
1057    -18.172
1058    -21.484
1059    -21.296
1060    -21.109
1061    -20.604
1062    -18.555
1063    -20.871
1064    -21.539
1065    -21.938
1066    -18.402
1067    -18.246
1068    -21.016
1069    -18.102
1070    -18.229
1071    -20.757
1072    -21.326
1073    -19.285
1074    -21.314
1075    -18.317
1076    -22.692
1077    -21.083
1078    -20.642
1079    -18.237
1080    -21.119
1081    -19.789
1082    -18.112
1083    -20.903
1084    -18.16
1085    -21.193
1086    -21.109
1087    -19.545
1088    -18.013
1089    -21.277
1090    -18.403
1091    -21.233
1092    -17.848
1093    -18.546
1094    -18.289
1095    -22.037
1096    -20.465
1097    -18.282
1098    -21.321
1099    -20.902
1100    -18.882
1101    -20.994
1102    -18.236
1103    -21.532
1104    -21.103
1105    -18.154
1106    -21.906
1107    -19.896
1108    -18.338
1109    -21.061
1110    -19.329
1111    -12.975
1112    -10.006
1113    -12.917
1114    -9.693
1115    -12.826
1116    -10.418
1117    -13.284
1118    -12.111
1119    -10.379
1120    -13.38
1121    -13.163
1122    -10.0
1123    -11.24
1124    -13.296
1125    -10.334
1126    -10.211
1127    -12.885
1128    -10.241
1129    -10.467
1130    -12.969
1131    -11.485
1132    -13.2039995
1133    -13.394
1134    -10.466
1135    -11.473
1136    -13.008
1137    -10.37
1138    -13.377
1139    -12.969
1140    -12.873
1141    -10.605
1142    -12.464
1143    -10.162
1144    -10.019
1145    -11.155
1146    -5.6029997
1147    -6.029
1148    -2.4
1149    -5.821
1150    -6.2869997
1151    -5.91
1152    -5.8
1153    -6.093
1154    -6.194
1155    -6.224
1156    -5.592
1157    -5.553
1158    -6.437
1159    -6.108
1160    -8.746
1161    -5.845
1162    -5.781
1163    -4.928
1164    -5.706
1165    -0.888
1166    -6.198
1167    -7.125
1168    -6.009
1169    -6.131
1170    -6.148
1171    -5.989
1172    -6.312
1173    -6.091
1174    -5.796
1175    -6.1359997
1176    0.07300007
1177    -7.032
1178    -6.333
1179    0.10400009
1180    -6.634
1181    -6.458
1182    -6.488
1183    0.64500004
1184    -7.124
1185    -7.425
1186    -7.015
1187    -8.04
1188    0.569
1189    -8.015
1190    -2.1269999
1191    -8.69
1192    -7.053
1193    -7.583
1194    -1.727
1195    -6.625
1196    -7.073
1197    -7.18
1198    -7.258
1199    -6.524
1200    -7.545
1201    -6.666
1202    -50.132
1203    -5.647
1204    -5.429
1205    -6.9329996
1206    -5.7889996
1207    -8.475
1208    -9.587
1209    -3.915
1210    -5.993
1211    -5.3199997
1212    19.427002
1213    -6.639
1214    -6.648
1215    -8.581
1216    -5.9709997
1217    -24.782
1218    -26.314
1219    -6.926
1220    -7.027
1221    -7.633
1222    -26.852
1223    -7.546
1224    -25.389
1225    -7.292
1226    -8.779
1227    -7.605
1228    -7.675
1229    -7.595
1230    -6.312
1231    -6.299
1232    -6.42
1233    -6.513
1234    -25.315
1235    -7.002
1236    -26.144
1237    -7.614
1238    -6.666
1239    -6.712
1240    -6.597
1241    -6.731
1242    -26.192
1243    -6.913
1244    -26.022
1245    -7.286
1246    -6.856
1247    -5.583
1248    -6.595
1249    -6.857
1250    -6.883
1251    -6.835
1252    -6.9849997
1253    -6.921
1254    -7.082
1255    -6.279
1256    -6.598
1257    -6.788
1258    -6.198
1259    -6.811
1260    -6.4849997
1261    -45.759
1262    -6.888
1263    -6.466
1264    -6.336
1265    -6.887
1266    -6.599
1267    -6.649
1268    -6.398
1269    -6.678
1270    -5.124
1271    -7.4
1272    -6.673
1273    -6.601
1274    -6.271
1275    -6.785
1276    -6.362
1277    -6.74
1278    -6.752
1279    -6.729
1280    -6.677
1281    -7.278
1282    -42.499
1283    -6.503
1284    -6.303
1285    -6.594
