0    -34.592
1    -34.494
2    -33.759
3    -34.064
4    -34.246
5    -34.204
6    -34.396
7    -39.321
8    -34.473
9    -34.305
10    -39.402
11    -28.635
12    -27.949
13    -28.398
14    -28.368
15    -28.525
16    -28.183
17    -28.779
18    -27.403
19    -28.616
20    -28.846
21    -28.221
22    -28.538
23    -28.462
24    -28.308
25    -28.193
26    -28.514
27    -28.483
28    -28.568
29    -28.282
30    -27.598
31    -28.378
32    -27.432
33    -28.552
34    -28.291
35    -28.487
36    -28.285
37    -28.761
38    -26.693
39    -28.638
40    -27.637
41    -27.955
42    -28.129
43    -28.885
44    -28.891
45    -28.485
46    -28.344
47    -11.784
48    -27.714
49    -10.62
50    -28.567
51    -9.165
52    -10.613
53    -28.449
54    -10.99
55    -28.748
56    -12.111
57    -28.782
58    -11.934
59    -27.35
60    -12.704
61    -28.743
62    -11.087
63    -27.987999
64    -11.084
65    -28.414
66    -4.232
67    -28.114
68    -10.933
69    -28.448
70    -10.857
71    -28.81
72    -10.789
73    -28.727
74    -8.337
75    -28.791
76    -7.118
77    -27.703
78    -11.683
79    -26.907999
80    -11.704
81    -28.53
82    -11.807
83    -28.513
84    -11.958
85    -28.68
86    -9.978
87    -27.456
88    -5.0369997
89    -28.648
90    -9.074
91    -28.485
92    -4.83
93    -27.359
94    -7.677
95    -28.479
96    -7.367
97    -27.761
98    -7.0299997
99    -27.553
100    -8.859
101    -27.592
102    -6.644
103    -7.093
104    -28.926
105    -9.105
106    -27.577
107    -5.027
108    -28.428
109    -28.982
110    -7.099
111    -28.805
112    -7.837
113    -28.621
114    -7.764
115    -28.497
116    -7.753
117    -28.447
118    -7.906
119    -27.575
120    -5.844
121    -28.214
122    -28.459
123    -7.521
124    -28.596
125    -8.695
126    -26.954
127    -5.571
128    -28.327
129    -28.557
130    -8.214
131    -28.256
132    -7.024
133    -28.499
134    -8.21
135    -28.276
136    -5.682
137    -28.526
138    -7.699
139    -28.769
140    -8.252
141    -28.423
142    -6.9309998
143    -28.59
144    -6.644
145    -28.876
146    -6.983
147    -28.359
148    -8.773
149    -28.486
150    -8.208
151    -27.505
152    -7.7539997
153    -28.282
154    -8.288
155    -28.044
156    -5.581
157    -27.468
158    -8.838
159    -28.68
160    -7.123
161    -28.54
162    -5.463
163    -27.17
164    -5.209
165    -28.532999
166    -7.54
167    -28.57
168    -8.549
169    -28.639
170    -8.732
171    -28.567
172    -5.929
173    -28.747
174    -7.458
175    -28.657
176    -6.798
177    -28.681
178    -2.85
179    -28.834
180    -10.233
181    -28.953
182    -7.371
183    -28.684
184    -7.689
185    -27.664
186    -9.267
187    -34.334
188    0.20500004
189    -34.225
190    -6.7469997
191    -34.249
192    -7.634
193    -34.392
194    -33.202
195    -34.697998
196    -34.318
197    -34.364
198    -34.793
199    -34.29
200    -34.367
201    -34.229
202    -34.255
203    -33.117
204    -32.555
205    -33.512
206    -34.114
207    -34.305
208    -34.243
209    -33.707
210    -34.101
211    -32.68
212    -33.118
213    -34.346
214    -34.45
215    -34.348
216    -34.312
217    -34.016
218    -34.557
219    -34.353
220    -34.186
221    -34.119
222    -33.994
223    -34.478
224    -34.267
225    -33.502
226    -34.361
227    -34.461
228    -34.576
229    -34.475
230    -32.765
231    -34.061
232    -34.362
233    -34.172
234    -33.649
235    -34.176
236    -34.439
237    -34.007
238    -34.185
239    -34.101
240    -34.008
241    -34.49
242    -34.358
243    -34.674
244    -33.735
245    -34.197
246    -33.622
247    -34.821
248    -34.696
249    -33.358
250    -34.694
251    -34.635
252    -34.319
253    -34.546
254    -33.3
255    -34.647
256    -34.09
257    -33.531
258    -34.452
259    -34.183
260    -34.152
261    -34.555
262    -33.756
263    -34.356
264    -34.67
265    -34.596
266    -34.644
267    -34.62
268    -34.621
269    -34.696
270    -34.677
271    -33.593
272    -34.567
273    -34.521
274    -34.292
275    -34.001
276    -33.961998
277    -33.904
278    -34.347
279    -34.193
280    -34.38
281    -34.152
282    -33.335
283    -34.556
284    -34.682
285    -34.456
286    -34.185
287    -34.115
288    -34.28
289    -34.408
290    -34.052
291    -34.44
292    -33.25
293    -34.36
294    -34.4
295    -34.744
296    -33.385
297    -34.545
298    -34.471
299    -34.443
300    -33.787
301    -34.58
302    -33.481
303    -33.961
304    -34.376
305    -34.497
306    -34.366
307    -33.48
308    -33.672
309    -33.371
310    -34.465
311    -34.697
312    -34.866
313    -34.627
314    -34.157
315    -34.19
316    -33.794
317    -34.192
318    -39.468
319    -37.292
320    -39.745
321    -39.547
322    -38.447
323    -39.555
324    -38.321
325    -37.55
326    -38.56
327    -39.251
328    -39.108
329    -39.255
330    -39.313
331    -39.254
332    -38.624
333    -39.683
334    -39.341
335    -38.156
336    -39.397
337    -38.467
338    -39.455
339    -39.674
340    -39.437
341    -37.407
342    -38.359
343    -39.749
344    -39.774
345    -39.47
346    -39.424
347    -38.763
348    -39.284
349    -39.332
350    -39.106
351    -39.383
352    -39.315
353    -39.122
354    -38.572998
355    -39.561
356    -39.406
357    -39.083
358    -38.427
359    -39.443
360    -39.468
361    -38.61
362    -38.39
363    -39.782
364    -38.053
365    -38.152
366    -38.217
367    -39.027
368    -37.536
369    -34.052
370    -34.452
371    -34.19
372    -34.329
373    -34.45
374    -34.523
375    -33.367
376    -33.367
377    -34.315998
378    -34.131
379    -34.802
380    -33.405
381    -33.38
382    -34.395
383    -27.63
384    -28.493
385    -28.877
386    -28.266
387    -31.074
388    -32.363
389    -32.685
390    -32.549
391    -31.166
392    -32.361
393    -32.475
394    -32.5
395    -32.631
396    -32.348
397    -32.282
398    -54.941
399    -53.872
400    -54.747
401    -54.472
402    -55.528
403    -54.977
404    -54.773
405    -53.964
406    -54.306
407    -55.393
408    -53.988
409    -54.556
410    -54.544
411    -54.686
412    -53.898
413    -54.347
414    -55.356
415    -53.039
416    -53.999
417    -54.594
418    -54.388
419    -54.165
420    -54.219
421    -54.473
422    -55.129
423    -53.497
424    -55.084
425    -54.036
426    -56.591
427    -53.667
428    -55.968
429    -56.527
430    -55.522
431    -55.091
432    -55.433
433    -56.272
434    -53.678
435    -56.177
436    -55.143
437    -53.575
438    -51.143
439    -54.583
440    -56.193
441    -55.766
442    -43.148
443    -53.791
444    -55.881
445    -55.538
446    -55.078
447    -53.853
448    -56.426
449    -55.463
450    -55.952
451    -43.533
452    -55.401
453    -54.844
454    -55.822
455    -56.287
456    -51.081
457    -54.604
458    -56.204
459    -54.479
460    -55.002
461    -55.491
462    -51.092
463    -55.343
464    -54.461998
465    -55.193
466    -55.716
467    -55.508
468    -55.6
469    -55.994
470    -51.26
471    -55.687
472    -56.021
473    -54.366
474    -55.228
475    -50.53
476    -55.583
477    -55.34
478    -55.65
479    -56.152
480    -54.751
481    -56.011
482    -49.922
483    -54.655
484    -55.929
485    -54.89
486    -55.242
487    -55.659
488    -51.197998
489    -55.978
490    -55.782
491    -56.164
492    -55.715
493    -55.826
494    -55.642
495    -55.958
496    -50.206
497    -55.619
498    -55.385
499    -55.586998
500    -56.358
501    -51.287
502    -54.769
503    -43.361
504    -56.205
505    -54.431
506    -55.936
507    -54.677
508    -55.711
509    -54.919
510    -50.903
511    -54.672
512    -43.36
513    -55.125
514    -55.434
515    -42.053
516    -56.102
517    -55.57
518    -56.395
519    -55.972
