0    -13.293
1    -16.352
2    -23.788
3    -16.319
4    -23.779
5    -23.768
6    -23.759
7    -14.117
8    -14.368
9    -17.035
10    -24.751
11    -23.743
12    -24.758
13    -16.323
14    -14.311
15    -13.977
16    -15.096
17    -15.093
18    -14.019
19    -14.344
20    -24.776
21    -23.754
22    -23.744
23    -17.117
24    -19.56
25    -18.054
26    -15.385
27    -17.242
28    -16.057
29    -16.05
30    -16.806
31    -16.931
32    -15.957
33    -16.057
34    -18.248
35    -16.75
36    -16.801
37    -16.796
38    -17.037
39    -17.056
40    -16.691
41    -16.949
42    -17.17
43    -16.892
44    -17.246
45    -16.018
46    -15.315
47    -15.895
48    -17.397
49    -16.938
50    -14.709
51    -17.344
52    -16.408
53    -17.378
54    -17.109
55    -17.375
56    -17.001
