0    -24.353
1    -24.291
2    -24.369
3    -24.323
4    -24.325
5    -24.362
6    -24.355
7    -24.305
8    -24.362
9    -24.383
10    -24.373
11    -24.316
12    -24.304
13    -24.355
14    -24.346
15    -24.324
16    -24.278
17    -24.342
18    -24.328
19    -24.333
20    -24.3
21    -24.369
22    -24.326
23    -24.337
24    -24.394
25    -24.337
26    -24.372
27    -24.309
28    -24.309
29    -24.355
30    -24.369
31    -24.314
32    -24.297
33    -24.331
34    -24.34
35    -24.357
36    -24.321
37    -24.359
38    -24.33
39    -24.339
40    -24.354
41    -24.35
42    -24.34
43    -24.345
44    -24.322
45    -24.37
46    -24.314
47    -24.332
48    -24.31
49    -24.337
50    -24.331
51    -24.31
52    -24.358
53    -24.365
54    -24.314
55    -24.337
56    -24.352
57    -24.394
58    -24.35
59    -24.368
60    -24.33
61    -24.33
62    -24.367
63    -24.348999
64    -24.332
65    -24.34
66    -24.311
67    -24.366
68    -24.361
69    -24.344
70    -24.327
71    -24.332
72    -24.358
73    -24.359
74    -24.333
75    -24.377
76    -24.348
77    -24.375
78    -24.331
79    -24.334
80    -24.36
81    -24.337
82    -24.344
83    -24.335
84    -24.323
85    -24.364
86    -24.304
87    -24.346
88    -24.339
89    -24.369
90    -24.882
91    -24.882
92    -24.355
93    -24.319
94    -24.305
95    -24.357
96    -24.333
97    -24.326
98    -24.316
99    -24.317
100    -24.352
101    -24.335
102    -24.372
103    -24.381
104    -24.304
105    -24.297
106    -24.348999
107    -24.301
108    -24.33
109    -24.352
110    -24.302
111    -24.371
112    -24.379
113    -24.37
114    -24.351
115    -24.342
116    -24.326
117    -24.37
118    -24.336
119    -24.311
120    -24.344
121    -24.339
122    -24.323
123    -24.334
124    -24.348
125    -24.315
126    -24.346
127    -24.342
128    -24.327
129    -24.321
130    -24.304
131    -24.315
132    -24.332
133    -24.359
134    -24.344
135    -24.34
136    -24.31
137    -24.317
138    -24.342
139    -24.333
140    -24.355999
141    -24.331
142    -24.353
143    -24.347
144    -24.355
145    -24.325
146    -24.382
147    -24.333
148    -24.328
149    -24.363
150    -24.317
151    -24.336
152    -24.333
153    -24.355999
154    -24.318
155    -24.347
156    -24.295
157    -24.337
158    -24.366
159    -24.328
160    -24.359
161    -24.318
162    -24.382
163    -24.354
164    -24.344
165    -24.352
166    -24.336
167    -24.322
168    -24.362
169    -24.326
170    -24.399
171    -24.359
172    -24.316
173    -24.332
174    -24.359
175    -24.397
176    -24.359
177    -24.314
178    -24.355999
179    -24.327
180    -24.341
181    -24.342
182    -24.312
183    -24.316
184    -24.331
185    -24.355
186    -24.352
187    -24.36
188    -24.35
189    -24.338
190    -24.359
191    -24.342
192    -24.343
193    -24.329
194    -24.355
195    -24.357
196    -24.339
197    -24.331
198    -24.348
199    -24.31
200    -24.327
201    -24.358
202    -24.32
203    -24.355999
204    -24.345
205    -24.328
206    -24.333
207    -24.334
208    -24.303
209    -24.329
210    -24.325
211    -24.329
212    -24.345
213    -24.342
214    -24.375
215    -24.328
216    -24.347
217    -24.358
218    -24.328
219    -24.363
220    -24.307
221    -24.355
222    -24.348999
223    -24.347
224    -24.342
225    -24.339
226    -24.373
227    -24.358
228    -24.329
229    -24.342
230    -24.338
231    -24.337
232    -24.334
233    -24.373
234    -24.354
235    -24.344
236    -24.342
237    -24.336
238    -24.374
239    -24.319
240    -24.318
241    -24.347
242    -24.333
243    -24.361
244    -24.351
245    -24.355999
246    -24.327
247    -24.352
248    -24.361
249    -24.34
250    -24.365
251    -24.322
252    -24.343
253    -24.369
254    -24.359
255    -24.359
256    -24.297
257    -24.348
258    -24.355999
259    -24.882
260    -24.882
261    -24.326
262    -24.343
263    -24.882
264    -24.318
265    -24.318
266    -24.357
267    -24.346
268    -24.294
269    -24.371
270    -24.359
271    -24.348
272    -24.331
273    -24.318
274    -24.348
275    -24.357
276    -24.335
277    -24.358
278    -24.316
279    -24.323
280    -24.37
281    -24.325
282    -24.333
283    -24.317
284    -24.327
285    -24.35
286    -24.308
287    -24.367
288    -24.346
289    -24.373
290    -24.348
291    -24.324
292    -24.342
293    -24.355999
294    -24.319
295    -24.3
296    -24.38
297    -24.374
298    -24.366
299    -24.335
300    -24.331
301    -24.35
302    -24.37
303    -24.296
304    -24.353
305    -24.354
306    -24.342
307    -24.36
308    -24.346
309    -24.32
310    -24.348999
311    -24.361
312    -24.359
313    -24.35
314    -24.353
315    -24.374
316    -24.322
317    -24.311
318    -24.344
319    -24.33
320    -24.328
321    -24.386
322    -24.295
323    -24.353
324    -24.366
325    -24.357
326    -24.372
327    -24.368
328    -24.353
329    -24.313
330    -24.287
331    -24.341
332    -24.324
333    -24.351
334    -24.328
335    -24.352
336    -24.306
337    -24.314
338    -24.343
339    -24.348999
340    -24.291
341    -24.301
342    -24.355
343    -24.323
344    -24.34
345    -24.336
346    -24.342
347    -24.369
348    -24.341
349    -24.32
350    -24.371
351    -24.326
352    -24.352
353    -24.329
354    -24.329
355    -24.358
356    -24.363
357    -24.338
358    -24.355999
359    -24.385
360    -24.345
361    -24.335
362    -24.323
363    -24.322
364    -24.368
365    -24.322
366    -24.363
367    -24.358
368    -24.337
369    -24.33
370    -24.339
371    -24.379
372    -24.304
