0    -3.372
1    -3.383
2    -3.363
3    -3.343
4    -3.353
5    -3.391
6    -3.355
7    -3.3569999
8    -3.391
9    -3.37
10    -3.395
11    -3.366
12    -3.34
13    -3.312
14    -3.4029999
15    -3.382
16    -3.359
17    -3.365
18    -3.371
19    -3.362
20    -3.354
21    -3.394
22    -3.362
23    -3.3509998
24    -3.341
25    -3.3769999
26    -3.391
27    -3.375
28    -3.379
29    -3.343
30    -3.374
31    -3.408
32    -3.383
33    -3.348
34    -3.3769999
35    -3.3439999
36    -3.404
37    -3.4
38    -3.354
39    -3.368
40    -3.374
41    -3.386
42    -3.392
43    -3.34
44    -3.37
45    -3.402
46    -3.367
47    -3.393
48    -3.363
49    -3.401
50    -3.372
51    -3.396
52    -3.355
53    -3.3569999
54    -3.346
55    -3.342
56    -3.385
57    -3.362
58    -3.385
59    -3.342
60    -3.382
61    -3.355
62    -3.373
63    -3.36
64    -3.369
65    -3.385
66    -3.321
67    -3.404
68    -3.354
69    -3.3639998
70    -3.36
71    -3.317
72    -3.3639998
73    -3.374
74    -3.322
75    -3.385
76    -3.359
77    -2.358
78    -3.356
79    -3.363
80    -3.391
81    -3.36
82    -3.32
83    -3.3569999
84    -3.352
85    -3.3509998
86    -3.388
87    -3.359
88    -3.399
89    -3.372
90    -3.38
91    -3.3899999
92    -3.356
93    -3.355
94    -3.355
95    -3.363
96    -3.321
97    -3.431
98    -3.391
99    -2.358
100    -3.343
101    -3.389
102    -3.386
103    -3.3379998
104    -3.36
105    -3.368
106    -3.346
107    -3.369
108    -3.343
109    -3.3
110    -3.4
111    -3.391
112    -3.35
113    -3.309
114    -3.378
115    -3.376
116    -3.399
117    -3.374
118    -3.313
119    -3.411
120    -3.365
121    -3.367
122    -3.3439999
123    -3.402
124    -3.346
125    -3.366
126    -3.353
127    -3.299
128    -3.306
129    -3.386
130    -3.374
131    -3.373
132    -3.358
133    -3.354
134    -3.339
135    -3.343
136    -3.342
137    -3.374
138    -3.307
139    -3.369
140    -3.381
141    -3.396
142    -3.307
143    -3.359
144    -3.368
145    -3.369
146    -3.388
147    -3.38
148    -3.4
149    -3.367
150    -3.389
151    -3.379
152    -3.365
153    -3.3639998
154    -3.392
155    -3.3639998
156    -3.378
157    -3.3639998
158    -3.396
159    -3.355
160    -3.395
161    -3.3769999
162    -3.34
163    -3.353
164    -3.294
165    -3.3899999
166    -3.359
167    -3.333
168    -3.3179998
169    -3.3639998
170    -3.398
171    -3.385
172    -3.394
173    -3.387
174    -3.345
175    -3.382
176    -3.345
177    -3.356
178    -3.3379998
179    -3.36
180    -3.335
181    -3.355
182    -3.375
183    -3.391
184    -3.3769999
185    -3.343
186    -3.3509998
187    -3.3769999
188    -3.372
189    -3.373
190    -3.3439999
191    -3.409
192    -3.347
193    -3.354
194    -3.38
195    -3.394
196    -3.395
197    -3.362
198    -3.343
199    -3.367
200    -3.3569999
201    -3.366
202    -3.376
203    -3.342
204    -3.369
205    -3.396
206    -3.37
207    -3.361
208    -3.405
209    -3.353
210    -3.391
211    -3.337
212    -3.3509998
213    -3.4029999
214    -3.365
215    -3.321
216    -3.379
217    -3.347
218    -3.386
219    -3.356
220    -3.3769999
221    -3.371
222    -3.356
223    -3.392
224    -3.421
225    -3.391
226    -3.381
227    -3.3569999
228    -3.378
229    -3.378
230    -3.352
231    -3.405
232    -3.369
233    -3.321
234    -3.401
235    -3.354
236    -3.362
237    -3.374
238    -3.3109999
239    -3.358
240    -3.342
241    -3.3839998
242    -3.361
243    -3.342
244    -3.372
245    -3.3569999
246    -3.389
247    -3.383
248    -3.406
249    -3.363
250    -3.406
251    -3.3969998
252    -3.372
253    -3.386
254    -3.359
255    -3.399
256    -3.32
257    -3.38
258    -3.3899999
259    -3.38
260    -3.355
261    -3.404
262    -3.389
263    -3.368
264    -3.362
265    -3.374
266    -3.38
267    -3.376
268    -3.407
269    -3.337
270    -3.391
271    -3.4029999
272    -3.359
273    -3.35
274    -3.36
275    -3.367
276    -3.373
277    -3.367
278    -3.36
279    -3.432
280    -3.374
281    -3.353
282    -3.385
283    -3.395
284    -3.375
285    -3.366
286    -3.355
287    -3.367
288    -3.371
289    -3.398
290    -3.391
291    -3.367
292    -3.382
293    -3.3509998
294    -3.322
295    -3.323
296    -3.356
297    -3.374
298    -3.394
299    -3.3899999
