0    -24.542
1    -21.783
2    -22.214
3    -22.121
4    -22.357
5    -21.647
6    -20.99
7    -22.001
8    -22.105999
9    -21.552
10    -20.527
11    -21.77
12    -21.876999
13    -22.267
14    -22.089
15    -20.892
16    -22.024
17    -21.969
18    -21.774
19    -15.962999
20    -15.368
21    -12.147
22    -3.524
23    -12.511
24    -5.08
25    -12.625999
26    -11.973
27    -12.434999
28    -12.2
29    -12.132999
30    -14.909
31    -12.502
32    -12.623
33    -12.698
34    -12.071
35    -12.37
36    -12.673
37    -12.148
38    -12.777
39    -12.339
40    -12.066
41    -11.665
42    -12.828
43    -12.518
44    -12.832
45    -10.535
46    -12.489
47    -12.551
48    -12.982
49    -12.328
50    -12.292
51    -12.1119995
52    -12.86
53    -12.644
54    -12.314
55    -12.8
56    -10.34
57    -12.191
58    -13.647
59    -10.933
60    -11.591
61    -11.929
62    -15.755
63    -6.531
64    -15.937
65    -12.108
66    -16.062
67    -12.417
68    -12.462
69    -12.593
70    -11.754
71    -12.753
72    -12.778
73    -12.457
74    -12.551
75    -12.073
76    -12.691999
77    -12.418
78    -12.733
79    -11.821
80    -16.122
81    -12.500999
82    -12.634
83    -12.808
84    -13.963
85    -12.89
86    -12.609
87    -12.886
88    -12.558
89    -12.571
90    -12.851
91    -0.5179999
92    -2.419
93    -1.352
94    -1.283
95    -2.438
96    -1.316
97    -1.3419998
98    -1.8409998
99    -2.682
100    -1.154
101    -1.204
102    -2.419
103    -0.12199986
104    -2.307
105    -1.3179998
106    -0.36399996
107    -2.1279998
108    -0.645
109    -1.276
110    -2.774
111    -2.78
112    -2.958
113    -2.166
114    -2.118
115    -2.7459998
116    -2.953
117    -3.0
118    -2.954
119    -2.958
120    -2.9720001
121    -2.402
122    -2.363
123    -2.751
124    -2.895
125    -2.885
126    -2.803
127    -2.065
128    -2.716
129    -2.784
130    -2.6399999
131    -2.643
132    -2.42
133    -2.0089998
134    -0.3269999
135    -1.2779999
136    -1.7719998
137    -9.941
138    -5.613
139    -4.165
140    -3.9629998
141    -5.854
142    -9.976
143    -5.946
144    -5.9309998
145    -5.917
146    -5.8059998
147    -5.575
148    -6.0889997
149    -4.803
150    -5.667
151    -5.4769998
152    -3.7919998
153    -5.239
154    -6.951
155    -4.896
156    -7.123
157    3.578
158    2.4150002
159    1.705
160    1.802
161    3.4480002
162    3.081
163    1.4740001
164    2.4650002
165    2.217
166    1.9280001
167    3.0860002
168    2.0040002
169    0.77900004
170    -1.5929999
171    -2.0839999
172    0.63500005
173    -1.9979999
174    0.69200003
175    0.64900005
176    0.675
177    0.61300004
178    0.08400011
179    0.21000004
180    10.446
181    0.045000076
182    0.19700003
183    0.5890001
184    0.49500012
185    0.7140001
186    1.73
187    0.24800003
188    0.37900007
189    0.18200004
190    -0.02399993
191    0.5890001
192    0.37600005
193    1.1860001
194    0.89600015
195    0.36300004
196    0.85000014
197    0.93000007
198    0.2930001
199    1.3960001
200    0.18500006
201    0.30900002
202    -3.136
203    -4.265
204    0.81000006
205    -3.4359999
206    -2.097
207    -1.6629999
208    2.032
209    -1.9989998
210    1.748
211    -1.7319999
212    2.2940001
213    1.9200001
214    1.789
215    1.9900001
216    2.272
217    -2.11
218    -2.0099998
219    -2.275
220    -2.374
221    -1.257
222    -2.044
223    -2.342
224    -2.113
225    -1.8409998
226    -2.263
227    -1.6789999
228    -2.074
229    -2.0549998
230    -2.1599998
231    -2.379
232    -1.9949999
233    -2.0759997
234    -2.175
235    -2.188
236    -1.6589999
237    -1.902
238    -2.1859999
239    -2.36
240    -2.146
241    -1.0659997
242    -1.921
243    -1.9879999
244    -2.047
245    -1.7409999
246    -2.222
247    -2.086
248    -1.6339998
249    -1.6719999
250    1.8140001
251    -2.099
252    -1.8889999
253    -1.675
254    1.789
255    1.365
256    1.636
257    3.052
258    -1.902
259    -2.0819998
260    1.9350001
261    -2.116
262    1.9350001
263    1.3700001
264    -2.8659997
265    1.8720001
266    -2.646
267    1.4710001
268    1.9770001
269    -7.765
270    1.46
271    1.8850001
272    -5.744
273    -5.881
274    -5.522
275    1.299
276    5.0070004
277    1.779
278    -2.468
279    2.4280002
280    2.49
281    -4.127
282    2.285
283    2.112
284    1.766
285    -2.8879998
286    1.7810001
287    -4.239
288    -4.332
289    -3.909
290    2.523
291    0.95100003
292    1.9580001
293    -3.9589999
294    -4.897
295    -4.4519997
296    1.5410001
297    1.391
298    1.9030001
299    -6.079
300    -2.3179998
301    1.9670001
302    1.4670001
303    2.089
304    -2.419
305    -6.42
306    1.7810001
307    0.046000004
308    -2.304
309    -0.34699988
310    -1.6999998
311    -2.165
312    -0.3189999
313    -2.142
314    -2.2529998
315    -4.107
316    -1.7489998
317    -2.166
318    -2.0249999
319    -2.1939998
320    -2.2529998
321    -3.0579998
322    -1.8679998
323    -1.2029998
324    -4.045
325    -1.2879999
326    -0.008999944
327    -1.721
328    -2.282
329    -2.109
330    2.528
331    -0.30199993
332    0.92700005
333    -1.6839998
334    -2.177
335    -2.0419998
336    1.5100001
337    2.003
338    -2.1149998
339    1.6730001
340    2.213
341    2.6820002
342    2.822
343    -3.8179998
344    -5.921
345    -2.044
346    -1.9269998
347    1.7650001
348    1.863
349    -2.0949998
350    -1.6259999
351    1.7390001
352    1.639
353    2.5110002
354    2.1990001
355    -0.51399994
356    2.075
357    -2.0879998
358    1.697
359    -3.79
360    -2.1279998
361    2.1910002
362    1.5090001
363    -2.1009998
364    2.1030002
365    1.46
366    2.036
367    1.5610001
368    1.5000001
369    -1.7489998
370    -1.6459999
371    2.5330002
372    2.4940002
373    -2.02
374    1.7810001
375    -2.0819998
376    -4.562
377    2.1750002
378    2.121
379    -3.0329998
380    -1.99
381    0.042999983
382    0.042999983
383    0.042999983
384    -0.6029999
385    -4.036
386    -4.271
387    -3.5479999
388    -4.161
389    -0.60099995
390    0.2110002
391    0.014000177
392    1.8850001
393    -0.42799997
394    -4.111
395    -4.35
396    -3.5849998
397    -4.2009997
398    0.6170001
399    2.7250001
400    1.6300001
401    -0.10799992
402    2.7140002
403    -6.81
404    2.423
405    -4.429
406    -4.4309998
407    1.94
408    0.16800022
409    1.9250001
410    -0.21699989
411    -0.5949999
412    2.0730002
413    0.065999985
414    -4.057
415    -4.277
416    1.6550001
417    1.8770001
418    4.262
419    2.255
420    0.22200012
421    -2.2039998
422    -3.8869998
423    2.1890001
424    -0.30599988
425    0.20600009
426    -5.424
427    -4.384
428    2.414
429    -3.9919999
430    0.4000001
431    -4.16
432    -0.112999916
433    1.7420001
434    -0.08499992
435    1.8000001
436    0.87600005
437    -0.10399985
438    -2.0509999
439    -1.637
440    -2.152
441    0.8440001
442    -1.8149999
443    0.42500007
444    0.6960001
445    0.37000012
446    -2.199
447    -1.4219999
448    -1.4169999
449    -1.4419999
450    0.58000004
451    1.1630001
452    0.2850001
453    -1.2269999
454    -2.1599998
455    0.2650001
456    0.8720001
457    -1.844
458    -1.8629999
459    0.44900012
460    0.5330001
461    -0.454
462    0.27400005
463    -0.951
464    0.4130001
465    -1.936
466    0.9490001
467    -1.821
468    -1.617
469    0.17400002
470    -1.2759999
471    -1.9749999
472    -1.9829999
473    -1.703
474    0.6370001
475    -1.892
476    -0.014999926
477    -0.33899987
478    -0.576
479    -1.885
480    -5.6549997
481    -10.111
482    -5.933
483    -5.878
484    -5.843
485    -5.759
486    -5.4449997
487    -5.659
488    -5.506
489    -4.064
490    -5.575
491    -3.072
492    -5.303
493    -5.591
494    -5.9440002
495    -5.8129997
496    -5.266
497    -3.1599998
498    -10.158
499    -5.649
500    -5.338
501    -5.428
502    -3.103
503    -3.184
504    -5.593
505    -3.197
506    -5.092
507    -3.014
508    -5.588
509    -5.517
510    -7.694
511    -5.21
512    0.96400005
513    -7.743
514    -5.755
515    -5.684
516    -2.902
517    -2.892
518    -5.574
519    -3.202
520    -3.174
521    -3.212
522    -5.689
523    -5.566
524    -5.805
525    -8.74
526    -5.724
527    -5.536
528    -3.132
529    -1.1719999
530    -5.561
531    -5.02
532    -3.19
533    -5.6
534    -5.974
535    -3.12
536    -3.0049999
537    -2.586
538    -2.571
539    -3.24
540    -3.251
541    -3.2129998
542    -5.608
543    -3.22
544    -5.439
545    -3.0879998
546    -3.041
547    -3.229
548    -3.254
549    -3.197
550    -7.686
551    -4.232
552    -9.846
553    -9.341
554    -9.447
555    -9.375999
556    -9.652
557    -9.767
558    -9.832
559    -9.782
560    -9.64
561    -9.273
562    -9.801
563    -9.795
564    -9.674
565    -7.762
566    -9.295
567    -9.806
568    -9.824
569    -9.765
570    -9.686
571    -9.673
572    -9.687
573    -9.853
574    -9.361
575    -5.6549997
576    -5.738
577    -5.962
578    -5.791
579    -7.744
580    -5.398
581    -3.228
582    -5.8459997
583    -3.155
584    -5.955
585    -4.052
586    -5.947
587    -5.243
588    -3.267
589    -5.831
590    -3.155
591    -3.117
592    -5.652
593    -2.915
594    -3.195
595    -3.142
596    -3.166
597    -3.215
598    -5.904
599    -5.264
600    -3.119
601    -3.2129998
602    -5.915
603    -3.15
604    -5.296
605    -5.694
606    -3.151
607    -3.184
608    -4.96
609    -5.672
610    -3.118
611    -5.698
612    -3.227
613    0.633
614    -1.14
615    -4.898
616    -3.102
617    -3.1599998
618    1.3470001
619    -3.188
620    1.363
621    0.651
622    -5.986
623    0.97
624    -3.231
625    17.732
626    0.734
627    -3.1469998
628    0.592
629    0.961
630    -3.235
631    -3.145
632    0.961
633    1.013
634    -5.611
635    1.0830001
636    -3.171
637    1.345
638    -3.136
639    0.32400012
640    -3.187
641    0.99700004
642    -0.30999994
643    -3.1759999
644    0.882
645    -3.054
646    0.57500005
647    -5.696
648    -5.564
649    -3.181
650    1.164
651    0.79
652    0.94400007
653    1.506
654    0.77000004
655    0.629
656    0.76600003
657    0.90800005
658    -3.201
659    -5.904
660    1.7520001
661    0.744
662    0.99200004
663    0.88400006
664    -1.286
665    -5.7609997
666    -3.7059999
667    0.92800003
668    -21.059
669    0.794
670    -3.1529999
671    -0.696
672    -5.7139997
673    -5.278
674    0.836
675    1.1400001
676    -1.276
677    -156.925
678    -156.908
679    -156.892
680    -127.841
681    -127.704
682    -127.66
683    -127.837
684    -127.824
685    -127.829
686    -127.838
687    -127.84
688    -127.868
689    -127.755
690    -127.868
691    -127.778
692    -127.5
693    -127.415
694    -128.007
695    -128.015
696    -128.064
697    -128.08
698    -127.504
699    -127.731
700    -127.936
701    -127.752
702    -127.79
703    -127.994
704    -127.992
705    -128.085
706    -127.948
707    -127.536
708    -127.547
709    -127.523
710    -127.531
711    -127.520996
712    -127.492
713    -127.889
714    -127.934
715    -127.958
716    -127.442
717    -127.468
718    -128.046
719    -127.787
720    -127.952
721    -127.761
722    -127.821
723    -127.559
724    -127.457
725    -127.475
726    -127.796
727    -127.755
728    -127.72
729    -127.742
730    -127.706
731    -127.744
732    -127.78
733    -127.756
734    -127.782
735    -127.667
736    -127.773
737    -127.645
738    -127.852
739    -127.824
740    -127.871
741    -127.983
742    -127.897
743    -127.902
744    -127.891
745    -127.869
746    -127.61
747    -127.69
748    -128.057
749    -127.838
750    -127.679
751    -127.696
752    -127.785
753    -127.57
754    -127.517
755    -127.479
756    -127.768
757    -127.79
758    -127.762
759    -127.816
760    -127.585
761    -127.488
762    -127.518
763    -128.083
764    -128.057
765    -128.101
766    -127.672
767    -127.626
768    -127.636
769    -127.748
770    -127.735
771    -127.781
