0    1.652
1    1.649
2    1.7360001
3    1.7360001
4    2.278
5    1.674
6    1.237
7    1.712
8    1.246
9    1.373
10    1.602
11    1.461
12    3.3330002
13    1.422
14    1.051
15    1.172
16    1.817
17    1.9860001
18    1.6570001
19    1.4640001
20    3.02
21    2.476
22    2.9050002
23    2.733
24    1.329
25    1.2950001
26    1.346
27    1.346
28    1.398
29    1.324
30    1.4
31    1.211
32    1.114
33    0.018000126
34    2.519
35    1.3
36    1.327
37    1.241
38    2.6350002
39    3.0170002
40    1.316
41    1.304
42    1.304
43    1.333
44    1.339
45    1.339
46    1.324
47    1.346
48    1.346
49    2.52
50    1.632
51    1.149
52    1.909
53    0.01999998
54    0.01999998
55    3.016
56    0.018000126
57    0.017000198
58    1.34
59    3.019
60    0.016000032
61    1.414
62    1.403
63    0.078999996
64    0.08100009
65    1.3310001
66    1.354
67    1.336
68    1.221
69    0.07800007
70    1.349
71    -0.51699996
72    -0.024999857
73    1.159
74    1.083
75    1.214
76    1.086
77    2.516
78    1.132
79    0.017000198
80    0.019000053
81    1.307
82    1.307
83    1.369
84    1.298
85    1.7490001
86    1.7490001
87    1.3310001
88    1.4
89    1.317
90    0.07800007
91    1.316
92    0.078999996
93    1.22
94    0.078999996
95    0.08100009
96    0.07800007
97    0.078999996
98    3.1820002
99    3.0800002
100    0.078999996
101    3.0830002
102    3.0770001
103    0.07700014
104    0.17800021
105    3.079
106    3.18
107    3.1790001
108    1.346
109    2.634
110    1.307
111    1.324
112    0.18000007
113    0.18000007
114    1.234
115    3.1820002
116    3.016
117    0.18000007
118    0.18200016
119    3.18
120    1.4760001
121    0.18000007
122    0.17800021
123    0.17800021
124    2.6330001
125    1.106
126    1.339
127    3.0180001
128    1.398
129    1.324
130    0.17900014
131    1.329
132    0.016000032
133    0.022000074
134    2.618
135    0.17800021
136    0.17800021
137    3.18
138    0.18000007
139    2.001
140    1.539
141    1.9460001
142    0.56100005
143    1.014
144    0.77400005
145    0.994
146    1.08
147    0.56
148    1.6
149    0.85200006
150    0.563
151    0.57000005
152    0.70900005
153    0.77900004
154    0.845
155    0.59000003
156    0.99100006
157    0.73700005
158    0.72800004
159    0.72200006
160    1.1470001
161    1.2850001
162    -2.253
163    2.6950002
164    0.671
165    0.804
166    0.78900003
167    1.7580001
168    0.689
169    0.68700004
170    1.4050001
171    0.9760001
172    0.95100003
173    1.8650001
174    -1.358
175    0.68200004
176    0.99600005
177    0.707
178    0.67200005
179    0.93700004
180    0.93200004
181    1.2310001
182    0.84200007
183    1.6680001
184    1.312
185    1.9130001
186    0.70900005
187    0.97
188    0.97
189    1.023
190    1.1880001
191    1.4080001
192    1.366
193    0.84200007
194    1.6240001
195    1.3000001
196    1.4250001
197    1.199
198    1.309
199    0.82400006
200    -0.31499994
201    1.4760001
202    1.672
203    -0.51199996
204    1.0
205    2.276
206    1.1730001
207    0.8880001
208    0.96800005
209    -1.949
210    -1.886
211    -1.5109999
212    -1.3699999
213    -0.75699997
214    -2.044
215    -1.5509999
216    -1.387
217    -1.7049999
218    -2.28
219    -1.0
220    -1.75
221    -1.981
222    -2.063
223    -1.617
224    -1.841
225    -2.138
226    -1.785
227    -5.68
228    -0.9649999
229    -2.164
230    -1.892
231    -1.7479999
232    -1.653
233    -2.0939999
234    -2.146
235    -1.875
236    -1.913
237    -1.117
238    -2.345
239    -2.077
240    -3.797
241    -2.108
242    -4.2599998
243    -1.2019999
244    -2.8379998
245    -1.879
246    -5.641
247    -5.154
248    -2.031
249    -1.872
250    -1.873
251    -2.204
252    -1.8889999
253    -2.58
254    -2.139
255    -2.275
256    -1.873
257    -1.886
258    -1.898
259    -1.885
260    -1.7119999
261    -1.882
262    -1.881
263    -1.886
264    -1.9009999
265    -1.879
266    -1.6889999
267    -1.1629999
268    -1.6769999
269    -1.632
270    -2.006
271    -4.0959997
272    -2.096
273    -1.5189999
274    -1.888
275    -5.0629997
276    -1.8889999
277    -1.875
278    -2.329
279    -2.097
280    -1.872
281    -2.0279999
282    -1.921
283    -2.129
284    -1.849
285    -2.108
286    -1.6029999
287    -2.067
288    -0.66299987
289    -1.75
290    -1.7199999
291    -2.238
292    -1.9469999
293    -1.872
294    -1.884
295    -1.87
296    -1.893
297    -4.212
298    -1.891
299    -1.869
300    -1.862
301    -0.885
302    -1.844
303    -0.84599996
304    -2.0149999
305    -1.635
306    -2.129
307    -1.704
308    -3.7749999
309    -1.0609999
310    -2.1799998
311    -2.231
312    -1.877
313    -5.3719997
314    -2.2059999
315    -2.054
316    -1.9979999
317    -1.895
318    -1.893
319    -1.848
320    -5.441
321    -1.99
322    -1.7409999
323    -1.931
324    -0.5539999
325    -1.879
326    -1.868
327    -2.138
328    -1.961
329    -1.894
330    -2.172
331    -1.7199999
332    -1.7099999
333    -2.043
334    -2.171
335    -1.1689999
336    -1.4899999
337    -2.356
338    -1.921
339    -2.156
340    -1.857
341    -2.04
342    -3.9759998
343    -1.1209999
344    -1.8659999
345    -1.1119999
346    -1.3159999
347    -1.78
348    -1.744
349    -1.956
350    -2.032
351    -1.5059999
352    -1.852
353    -1.3879999
354    -1.9749999
355    -1.9419999
356    -2.024
357    -2.007
358    -1.6819999
359    -1.4669999
360    -1.6539999
361    -4.731
362    -1.9679999
363    -1.6899999
364    -2.229
365    -2.1759999
366    -2.073
367    -1.859
368    -1.778
369    -1.535
370    -1.8549999
371    -1.1679999
372    -1.7909999
373    -5.979
