0    -1.394
1    -1.3829999
2    -7.159
3    -6.364
4    -6.743
5    -3.645
6    -6.612
7    2.036
8    1.994
9    1.944
10    3.6920002
11    -5.621
12    0.467
13    0.83400005
14    0.758
15    0.786
16    0.707
17    0.69200003
18    0.91300005
19    0.57100004
20    0.51000005
21    2.229
22    0.57100004
23    1.0810001
24    1.2620001
25    0.97400004
26    0.39400002
27    1.059
28    2.084
29    0.836
30    -3.691
31    0.93500006
32    1.0270001
33    0.961
34    1.213
35    0.679
36    0.878
37    2.0310001
38    -7.252
39    -3.688
40    -4.044
41    -3.902
42    -6.8059998
43    -3.9759998
44    -6.925
45    -6.617
46    -6.775
47    -4.046
48    -4.029
49    -6.6429996
50    -3.688
51    -6.491
52    -6.824
53    -6.833
54    -4.016
55    -6.936
56    -6.943
57    -6.914
58    -3.856
59    -6.883
60    -6.653
61    -6.6949997
62    -6.583
63    -7.028
64    -7.04
65    -4.11
66    -4.138
67    -5.21
68    -6.816
69    -6.873
70    -3.7859998
71    -6.807
72    -6.116
73    -8.959
74    -3.1409998
75    -4.241
76    -1.474
77    -1.073
78    -3.9359999
79    -4.017
80    -3.998
81    -1.477
82    -4.536
83    -4.1219997
84    -1.4679999
85    -4.684
86    -4.1289997
87    -3.8109999
88    -4.645
89    -4.091
90    -4.272
91    -4.371
92    -4.068
93    -2.609
94    -1.2969999
95    -1.584
96    -4.631
97    -1.316
98    -1.545
99    -3.031
100    -4.277
101    -1.773
102    -4.267
103    -4.42
104    -4.207
105    -1.532
106    -1.48
107    -4.582
108    -1.286
109    -1.532
110    -4.676
111    -1.821
112    -15.252
113    -14.886
114    -27.712
115    -21.45
116    -21.449
117    -6.918
118    -25.957
119    -21.837
120    -22.527
121    -21.692
122    -21.61
123    -21.396
124    -21.866
125    -21.776
126    -14.722
127    -15.681
128    -14.753
129    -13.957
130    -15.0
131    -15.9
132    -0.8449999
133    -15.122
134    -22.055
135    -14.641
136    -15.115
137    -21.757
138    -22.448
139    -15.543
140    -14.196
141    -15.597
142    -15.395
143    -16.617
144    -15.041
145    -15.568
146    -15.571
147    -14.666
148    -14.931
