0    -3.488
1    -2.246
2    -1.532
3    -1.8529999
4    -2.29
5    -1.856
6    -1.859
7    -1.854
8    -3.4559999
9    -2.8509998
10    -1.1719999
11    -0.673
12    -1.3499999
13    -20.97
14    -21.176
15    -21.526
16    -21.515
17    -19.187
18    -20.973
19    -20.286
20    -21.293
21    -20.945
22    -21.554
23    -18.824
24    -21.282999
25    -21.02
26    -19.451
27    -15.187
28    -20.975
29    -22.425
30    -21.393
31    -17.249
32    -20.879
33    -21.365
34    -22.57
35    -21.842
36    -20.047
37    -24.963
38    -25.259
39    -21.846
40    -22.432
41    -22.342
42    -21.828
43    2.0670002
44    -0.017999887
45    2.0600002
46    1.8780001
47    -0.40999997
48    0.572
49    0.47400022
50    0.263
51    1.1550001
52    -0.40199995
53    -0.5239999
54    1.6430001
55    0.6780001
56    2.318
57    1.6930001
58    0.87300014
59    -0.5209999
60    0.62600005
61    0.5740001
