0    -1.38
1    -1.397
2    -6.909
3    -6.98
4    -6.836
5    -6.389
6    -6.876
7    2.065
8    1.7
9    1.918
10    2.013
11    0.748
12    0.80100006
13    0.89000005
14    0.416
15    0.634
16    0.58500004
17    0.758
18    0.671
19    0.78400004
20    -3.691
21    1.3100001
22    0.822
23    0.74700004
24    0.794
25    0.379
26    0.83100003
27    1.0940001
28    0.72700006
29    0.93100005
30    1.292
31    0.67700005
32    1.388
33    0.90000004
34    0.91600007
35    0.919
36    0.693
37    0.98200005
38    -6.413
39    -4.047
40    -6.895
41    -6.967
42    -3.6469998
43    -6.736
44    -6.675
45    -3.724
46    -7.117
47    -3.9559999
48    -4.117
49    -4.084
50    -4.219
51    -7.7139997
52    -6.826
53    -6.873
54    -6.703
55    -3.7919998
56    -3.9819999
57    -7.203
58    -6.717
59    -7.024
60    -6.382
61    -6.9849997
62    -3.826
63    -5.3219995
64    -6.451
65    -3.973
66    -6.961
67    -6.47
68    -6.609
69    -6.434
70    -3.883
71    -1.244
72    -4.58
73    -4.104
74    -3.603
75    -4.016
76    -2.8839998
77    -4.262
78    -4.059
79    -1.679
80    -4.338
81    -4.503
82    -4.692
83    -1.509
84    -1.735
85    -1.606
86    -1.1359999
87    -4.035
88    -3.5609999
89    -1.2119999
90    -4.2469997
91    -4.324
92    -4.757
93    -4.164
94    -3.9
95    -4.492
96    -4.544
97    -1.319
98    -4.266
99    -1.81
100    -2.7329998
101    -4.424
102    -5.399
103    -4.31
104    -1.313
105    -4.1219997
106    -4.351
107    -1.356
108    -4.095
109    -4.1809998
110    -15.496
111    -15.202
112    -22.409
113    -21.661
114    -21.452
115    -25.423
116    -22.415
117    -21.976
118    -22.392
119    -22.475
120    -21.151
121    -21.466
122    -20.979
123    -21.848
124    -14.528
125    -15.595
126    -0.56999993
127    -14.283
128    -15.581
129    -14.226999
130    0.08400011
131    -14.653999
132    -15.215
133    -14.552
134    -15.42
135    -15.715
136    -15.773
137    -14.54
138    -14.867
139    -14.468
140    -15.245
141    -20.086
142    -14.569
