0    0.66
1    -2.797
2    0.47400004
3    -4.261
4    0.70900005
5    -1.305
6    0.541
7    -3.335
8    0.59300005
9    -2.9229999
10    1.4150001
11    -3.494
12    -2.597
13    -1.326
14    -3.033
15    -3.234
16    0.583
17    -3.518
18    -2.8449998
19    -4.331
20    -1.8989999
21    -3.001
22    0.5
23    -4.233
24    -2.896
25    -2.639
26    -4.583
27    -3.133
28    -3.484
29    -0.7329999
30    0.541
31    -1.1719999
32    -1.464
33    -186.752
34    0.559
35    -3.177
36    -4.373
37    -2.888
38    -185.819
39    0.83400005
40    0.76000005
41    0.30600002
42    -3.1529999
43    0.374
44    -4.301
45    0.42900002
46    -1.115
47    -4.388
48    0.50100005
49    -1.449
50    0.86600006
51    -3.586
52    0.38200003
53    2.39
54    -1.874
55    -3.556
56    -3.513
57    -3.546
58    -1.4289999
59    -1.611
60    -1.877
61    -186.694
62    1.187
63    -4.292
64    -1.4849999
65    -2.376
66    -3.553
67    0.49
68    -3.389
69    -3.534
70    -2.3669999
71    -1.8779998
72    -1.2739999
73    0.81000006
74    0.23300001
75    0.49100003
76    0.711
77    0.572
78    0.739
79    0.90500003
80    -1.525
81    -1.173
82    0.583
83    -1.623
84    0.34800002
85    -1.447
86    -2.901
87    1.1830001
88    -4.338
89    -3.56
90    -1.072
91    0.48200002
92    -3.513
93    1.0780001
94    -1.016
95    1.4580001
96    0.49
97    -3.522
98    -1.259
99    -4.364
100    -2.914
101    -1.384
102    -177.066
103    -177.074
104    -0.977
105    -2.998
106    -3.556
107    0.54800004
108    0.32200003
109    -3.5509999
110    -2.1529999
111    -1.8449999
112    -3.11
113    -3.185
114    1.8470001
115    0.384
116    -2.7649999
117    0.572
118    -3.543
119    -2.725
120    -4.245
121    1.3820001
122    -177.145
123    0.21700001
124    -4.32
125    -1.536
126    -4.366
127    -3.5509999
128    0.47300002
129    0.851
130    -2.964
131    -4.456
132    -3.053
133    -0.7789999
134    -2.863
135    -1.407
136    1.258
137    -2.163
138    -2.888
139    0.597
140    0.726
141    -0.88
142    1.0660001
143    0.323
144    1.5560001
145    -2.104
146    0.22200002
147    -1.508
148    0.24400002
149    0.35300002
150    -2.9
151    -3.248
152    -2.922
153    -5.305
154    0.554
155    -2.416
156    0.21200001
157    -2.92
158    0.62700003
159    1.246
160    -180.851
161    -180.948
162    -3.491
163    -3.562
164    -4.586
165    -2.896
166    0.20300001
167    -4.293
168    -3.35
169    -2.6999998
170    -0.23399997
171    -0.3649999
172    0.72400004
173    0.527
174    -3.484
175    -4.548
176    0.42800003
177    -3.5
178    -3.52
179    0.60800004
180    -3.639
181    -2.783
182    -0.8989999
183    -3.547
184    -2.767
185    -1.549
186    -4.284
187    -3.494
188    -1.531
189    -3.5149999
190    -1.0669999
191    -4.575
192    -1.161
193    -3.433
194    -3.499
195    -191.313
196    -3.156
197    -1.31
198    -3.282
199    -3.0289998
200    0.555
201    -3.368
202    -2.315
203    -0.15999997
204    -1.628
205    0.46100003
206    -3.065
207    -1.4159999
208    0.215
209    -2.3059998
210    0.467
211    -3.462
212    0.577
213    0.49400002
214    -1.0239999
215    0.794
216    -35.617
217    0.395
218    -2.7259998
219    -3.514
220    -3.5279999
221    -1.0799999
222    -3.256
223    -4.282
224    -1.414
225    -1.625
226    0.513
227    -4.421
228    0.998
229    -180.832
230    -3.231
231    -3.523
232    -1.259
233    -4.579
234    -3.067
235    -4.38
236    -3.549
237    1.3230001
238    -2.2059999
239    -186.705
240    0.51000005
241    -186.736
242    0.45100003
243    -1.283
244    -3.074
245    -2.9299998
246    -3.48
247    0.33600003
248    -4.298
249    -0.7119999
250    0.25500003
251    0.50100005
252    -0.66499996
253    -3.519
254    0.65000004
255    -3.181
256    1.7470001
257    -4.336
258    -2.914
259    -2.352
260    0.804
261    0.71000004
262    -3.0749998
263    0.559
264    -3.0679998
265    -3.0049999
266    -3.567
267    1.0780001
268    1.3010001
269    -3.4759998
270    -3.504
271    -1.043
272    -2.879
273    -0.972
274    -1.138
275    -0.908
276    0.24700001
277    -2.585
278    0.81200004
279    0.546
280    -3.073
281    -1.631
282    -1.571
283    -1.9959999
284    -3.554
285    -4.342
286    -3.558
287    -0.28699994
288    -2.319
289    -1.155
290    -3.503
291    1.148
292    0.48600003
293    0.59000003
294    -3.511
295    -3.228
296    -3.501
297    -2.587
298    -1.938
299    0.499
300    -3.55
301    -1.117
302    0.44500002
303    0.246
304    0.625
305    0.68600005
306    -3.034
307    -3.074
308    -2.9169998
309    0.42600003
310    -1.091
311    0.51500005
312    -3.0679998
313    -1.87
314    -2.1759999
315    -3.062
316    -186.694
317    -2.2129998
318    -0.7579999
319    0.312
320    -2.275
321    0.52900004
322    -3.179
323    -180.876
324    0.252
325    -3.0019999
326    -5.324
327    -1.529
328    -6.634
329    -3.549
330    0.61
331    -4.24
332    -3.5049999
333    0.65000004
334    -3.207
335    0.521
336    -1.4059999
337    0.76400006
338    -2.734
339    1.245
340    -3.045
341    0.536
342    0.384
343    -4.243
344    0.51000005
345    -0.8909999
346    0.25500003
347    -2.87
348    0.48100004
349    0.77300006
350    0.33700013
351    -3.494
352    -1.023
353    -1.517
354    -176.111
355    -2.964
356    -4.399
357    0.51100004
358    -3.315
359    -4.59
360    -175.856
361    -2.906
362    -2.303
363    -4.36
364    -3.131
365    -1.6069999
366    0.47100002
367    -4.309
368    -2.414
369    -4.435
370    -186.59
371    -1.531
372    -3.073
373    -1.247
374    0.386
375    -3.073
376    0.68600005
377    0.74700004
378    -3.451
379    -2.521
380    -3.0749998
381    0.344
382    -2.6
383    0.975
384    -4.2869997
385    -3.217
386    0.23600002
387    -1.187
388    -3.3309999
389    -2.111
390    -1.3
391    -1.161
392    -4.584
393    -18.843
394    -4.361
395    -3.558
396    0.38500002
397    0.60800004
398    0.312
399    -182.044
400    -3.0879998
401    -2.912
402    -2.175
403    0.57500005
404    -3.518
405    0.53400004
406    0.23700002
407    -175.962
408    -4.275
409    -2.703
410    -3.509
411    -1.4679999
412    0.572
413    -3.479
414    -2.5549998
415    -3.484
416    0.554
417    -2.225
418    -1.152
419    -4.43
420    -2.659
421    -20.705
422    -3.108
423    0.35500002
424    -1.614
425    -1.243
426    -2.155
427    -1.003
428    -1.335
429    -0.967
430    -0.53999996
431    0.252
432    -2.355
433    1.062
434    -3.0019999
435    -6.377
436    0.44500002
437    0.532
438    -3.135
439    0.528
440    -4.2
441    -1.678
442    -2.9299998
443    -2.873
444    -2.289
445    -3.073
446    -1.629
447    -4.377
448    -4.364
449    -3.513
450    -176.279
451    -2.095
452    -1.193
453    0.319
454    -8.464
455    -4.295
456    0.44500002
457    -180.004
458    -3.071
459    -4.355
460    -179.687
461    1.3750001
462    0.601
463    0.57500005
464    -4.29
465    -4.585
466    0.32000002
467    -4.398
468    0.254
469    -3.494
470    -3.067
471    -1.522
472    -3.432
473    -4.208
474    -3.177
475    -0.7219999
476    -3.512
477    -2.209
478    -2.65
479    0.64000005
480    -0.082999945
481    -3.559
482    -3.5479999
483    0.43800002
484    0.642
485    -3.454
486    -3.24
487    -3.562
488    -3.3379998
489    -179.112
490    -4.272
491    -3.378
492    -1.2279999
493    -2.8839998
494    -3.592
495    -3.53
496    -1.412
497    -4.463
498    -3.518
499    -3.3309999
500    -2.88
501    -1.53
502    -1.482
503    -3.513
504    -3.077
505    0.22500001
506    0.41200003
507    -1.461
508    -2.92
509    -1.47
510    -3.541
511    -1.463
512    1.5300001
513    0.275
514    -2.898
515    0.55300003
516    0.46
517    3.361
518    0.296
519    -3.537
520    0.51100004
521    -3.513
522    -2.9359999
523    -1.456
524    0.94200003
525    -3.521
526    -4.13
527    -186.913
528    -3.564
529    0.263
530    -3.0679998
531    -3.583
532    0.638
533    -4.298
534    -4.404
535    -2.974
536    -4.581
537    -1.431
538    -3.509
539    -3.0089998
540    -0.90699995
541    -3.5049999
542    -4.353
543    -3.556
544    -20.472
545    -4.578
546    0.462
547    -1.4449999
548    -3.571
549    0.43
550    1.199
551    2.275
552    -4.373
553    0.36900002
554    -2.889
555    -0.801
556    -3.541
557    0.528
558    -3.212
559    -3.07
560    -1.151
561    0.51900005
562    0.43800002
563    -1.538
564    0.73600006
565    -4.36
566    0.55200005
567    -0.987
568    -1.352
569    1.082
570    -1.4879999
571    0.36800003
572    0.565
573    0.29900002
574    -3.5049999
575    -2.918
576    -2.926
577    0.365
578    -3.5019999
579    -2.592
580    -3.2319999
581    -1.277
582    -2.8379998
583    -2.88
584    -4.351
585    -2.768
586    -2.863
587    0.272
588    0.586
589    -2.169
590    -180.901
591    -3.2059999
592    -3.602
593    1.304
594    -2.912
595    -1.173
596    -2.273
597    -4.411
598    -4.324
599    -3.392
600    -4.08
601    -7.234
602    -5.395
603    -7.46
604    -5.399
605    -7.514
606    -6.549
607    -7.106
608    -7.485
609    -7.232
610    -7.085
611    -5.293
612    -7.2
613    -5.2369995
614    -7.408
615    0.619
616    0.39100003
617    0.312
618    0.47300002
619    0.303
620    0.294
621    0.64400005
622    0.27800003
623    0.31800002
624    0.453
625    1.6790001
626    0.629
627    0.324
628    2.3040001
629    1.4720001
630    2.357
631    0.59000003
632    2.765
633    1.126
634    0.64000005
635    1.488
636    0.646
637    1.3260001
638    0.441
639    0.637
640    0.298
641    0.669
642    0.559
643    0.59400004
644    0.238
645    -24.522
646    -24.114
647    -24.764
648    -24.402
649    -24.871
650    1.927
651    0.32500002
652    0.739
653    0.77800006
654    1.3700001
655    -8.387
656    0.49
657    -6.068
658    -7.639
659    -6.285
660    0.61800003
661    0.53300005
662    0.744
663    2.368
664    0.9620001
665    -23.867
666    -22.730999
667    -24.543
668    -24.36
669    -23.779
670    -7.8789997
671    -9.202
672    -9.216
673    -7.758
674    -8.223
675    -23.865
676    -24.575
677    -24.612999
678    -24.622
679    -24.801
680    0.33000004
681    -9.177
682    0.574
683    0.015000105
684    -9.232
685    0.64100003
686    0.31500003
687    0.266
688    2.051
689    0.51100004
690    -24.056
691    -24.818
692    -24.527
693    -22.181
694    -25.358
695    -6.08
696    -7.795
697    -7.039
698    -5.988
699    -3.858
700    -0.17799997
701    -8.172
702    -8.332
703    -0.45599997
704    -7.651
705    -24.434
706    -24.376
707    -24.516
708    -24.734
709    -24.432
710    0.48800004
711    -8.05
712    1.0
713    -176.087
714    -176.034
715    -0.20899999
716    -0.35099995
717    -22.775
718    -22.38
719    -23.061
720    -22.719
721    -23.265
722    -8.087
723    -9.193
724    -6.277
725    -8.41
726    -7.69
727    -23.84
728    -24.624
729    -24.594
730    -24.298
731    -24.348
732    -22.369999
733    -21.06
734    -23.225
735    -22.633999
736    -22.922
737    -5.8199997
738    -8.395
739    -8.295
740    0.53900003
741    -9.177
742    -24.767
743    -24.196
744    -24.265
745    -24.527
746    -24.214
747    -23.005
748    -22.501999
749    -22.828
750    -23.389
751    -23.143
752    -8.292
753    0.483
754    -7.326
755    -0.08399993
756    -7.43
757    -22.532
758    -24.666
759    -22.018
760    -24.418
761    -23.226
762    -22.722
763    -23.118
764    -23.182
765    -22.94
766    -22.471
767    -7.036
768    -8.027
769    -0.25599998
770    -6.439
771    -3.802
772    -21.147999
773    -24.157
774    -24.77
775    -24.1
776    -24.062
777    -22.649
778    -23.285
779    -22.952
780    -22.736
781    -23.06
782    -8.39
783    -7.1689997
784    -0.37799996
785    -7.647
786    -0.31499994
787    -24.505
788    -24.386
789    -23.88
790    -24.445
791    -24.358
792    -22.741
793    -22.861
794    -22.92
795    -22.467
796    -22.88
797    -0.28899997
798    -7.766
799    0.4410001
800    -7.5559998
801    -8.033
802    -24.581
803    -24.787
804    -24.196
805    -24.335
806    -23.281
807    -23.123
808    -23.107
809    -22.479
810    -22.008
811    -22.381
812    -6.262
813    0.049000025
814    -8.201
815    -8.067
816    -0.31199998
817    -24.398
818    -24.674
819    -23.955
820    -24.524
821    -24.653
822    -3.835
823    -9.207
824    0.522
825    -0.23499995
826    -8.28
827    -24.667
828    -24.117
829    -24.603
830    -24.415
831    -24.545
832    -22.662
833    -23.144
834    -23.019
835    -22.243
836    -23.257
837    -3.864
838    0.66200006
839    -7.7209997
840    -6.3389997
841    -6.389
842    -24.767
843    -24.695
844    -24.788
845    -24.71
846    -24.362999
847    -23.277
848    -23.058
849    -24.41
850    -22.976
851    -22.834
852    -0.16699994
853    -9.23
854    -8.357
855    -178.914
856    -7.988
857    -16.329
858    -9.279
859    -10.315
860    -13.335
861    -11.329
862    -24.704
863    -24.069
864    -24.45
865    -24.45
866    -24.5
867    -23.091
868    -8.507
869    -0.21199995
870    -0.11899996
871    -0.44199997
872    -23.843
873    -24.487999
874    -24.6
875    -24.468
876    -24.515
877    -0.47599995
878    -0.06399995
879    -3.858
880    -3.844
881    -3.791
882    -0.385
883    -0.32399994
884    -0.25899994
885    -0.288
886    -0.22999996
887    -7.298
888    -0.454
889    1.3070002
890    -3.9
891    -3.879
892    -24.186
893    -24.806
894    -24.587
895    -24.755
896    -24.659
897    -3.816
898    -8.326
899    -3.843
900    -3.928
901    -3.86
902    0.507
903    0.37100002
904    0.32900003
905    1.003
906    0.721
907    -24.263
908    -24.516
909    -24.576
910    -24.382
911    -24.55
912    -23.178
913    -21.328
914    -24.374
915    -24.733
916    -22.848999
917    -22.757
918    -23.402
919    -24.524
920    -24.549
921    -21.118
922    1.0680001
923    0.531
924    1.338
925    0.586
926    0.39600003
927    -6.311
928    -6.363
929    -0.36999995
930    -8.256
931    0.026000023
932    0.40800002
933    0.43300003
934    0.374
935    0.351
936    0.94500005
937    -24.759
938    -24.341
939    -24.822
940    -24.46
941    -24.718
942    0.014000058
943    -9.393
944    -0.19399995
945    0.2010001
946    -0.11199993
947    -0.62899995
948    0.38000003
949    0.39800003
950    0.397
951    0.372
952    -26.757
953    -26.637
954    -25.383
955    -25.537
956    -25.417
957    0.492
958    0.46800005
959    -0.33299994
960    0.337
961    0.36
962    0.351
963    -0.31699997
964    0.961
965    0.8180001
966    1.069
967    0.642
968    -0.35499996
969    -0.34099996
970    0.59400004
971    0.799
972    -0.39699996
973    -0.36799997
974    0.73200005
975    -0.23999995
976    -0.5
977    1.618
978    0.67
979    -0.20799994
980    0.72300005
981    -0.19399995
982    -10.145
983    -10.152
984    -8.687
985    -10.11
986    -9.305
987    -9.367
988    -6.333
989    -19.341
990    -10.312
991    -13.388
992    1.054
993    0.22900009
994    1.9260001
995    1.23
996    0.113000035
997    -0.26599997
998    1.2
999    -0.24699998
1000    0.901
1001    0.675
1002    -3.8569999
1003    0.62700003
1004    1.064
1005    0.65900004
1006    0.44400012
1007    -0.19399995
1008    0.17000008
1009    -0.28999996
1010    0.74700004
1011    -0.38799995
1012    -25.792
1013    -0.42399997
1014    0.82800007
1015    -0.34399998
1016    -25.325
1017    -7.2209997
1018    -8.809999
1019    -7.217
1020    1.424
1021    -10.458
1022    -28.563
1023    -28.59
1024    -26.734
1025    -28.649
1026    -27.767
1027    -28.145
1028    -28.436
1029    -27.508
1030    -28.487
1031    -28.222
1032    -27.756
1033    -28.029
1034    -27.703
1035    -28.259
1036    -27.792
1037    -4.382
1038    -4.385
1039    -5.325
1040    -4.296
1041    -4.763
1042    -5.075
1043    -5.259
1044    -4.322
1045    -4.784
1046    -4.933
1047    -4.302
1048    -4.784
1049    -4.354
1050    -5.46
1051    -5.334
1052    -4.974
1053    -4.718
1054    -4.88
1055    -5.199
1056    -4.742
1057    -4.146
1058    -4.832
1059    -4.824
1060    -4.977
1061    -4.171
1062    -4.812
1063    -4.325
1064    -4.826
1065    -4.309
1066    -5.14
1067    -4.369
1068    -4.6429996
1069    -5.207
1070    -5.23
1071    -4.357
1072    -5.027
1073    -5.134
1074    -4.957
1075    -4.8059998
1076    -4.175
1077    -3.769
1078    -5.269
1079    -5.106
1080    -5.134
1081    -5.286
1082    -11.615
1083    -12.298
1084    -7.25
1085    -13.0
1086    -24.679
1087    -4.269
1088    -5.123
1089    -4.361
1090    -4.297
1091    -5.1349998
1092    -5.184
1093    -4.683
1094    -4.923
1095    -4.685
1096    -5.091
1097    -5.178
1098    -4.286
1099    -4.074
1100    -5.172
1101    -5.504
1102    -10.124
1103    -10.165
1104    -8.934
1105    -7.04
1106    -183.488
1107    -10.128
1108    -8.872
1109    -194.131
1110    -193.75
1111    -193.75
1112    -35.876
1113    -33.972
1114    -35.74
1115    -35.524
1116    -35.572
1117    -36.039
1118    -36.209
1119    -35.884
1120    -36.029
1121    -39.531
1122    -35.87
1123    -35.5
1124    -35.32
1125    -35.916
1126    -35.829
1127    -36.201
1128    -36.273
1129    -36.235
1130    -35.148
1131    -36.132
1132    -36.055
1133    -37.117
1134    -35.565
1135    -36.081
1136    -36.184
1137    -35.966
1138    -36.294
1139    -36.065
1140    -36.018
1141    -35.763
1142    -36.024
1143    -35.447
1144    -35.673
1145    -36.056
1146    -35.55
1147    -36.171
1148    -35.63
1149    -37.009
1150    -35.916
1151    -36.039
1152    -36.205
1153    -36.146
1154    -35.816
1155    -35.356
1156    -36.266
1157    -35.905
1158    -35.735
1159    -36.246
1160    -10.023
1161    -36.161
1162    -36.032
1163    -35.267
1164    -36.093
1165    -36.083
1166    -35.571
1167    -36.239
1168    -36.254
1169    -36.109
1170    -36.131
1171    -36.045
1172    -8.752
1173    -36.319
1174    -35.436
1175    -7.017
1176    -183.524
1177    -29.446
1178    -27.706
1179    -27.506
1180    -27.987999
1181    -28.423
1182    -28.566
1183    -28.325
1184    -27.786
1185    -28.9
1186    -27.892
1187    -28.26
1188    -27.001
1189    -28.088
1190    -28.473
1191    -28.313
1192    -28.211
1193    -27.407999
1194    -27.458
1195    -28.348999
1196    -27.244
1197    -27.377
1198    -29.261
1199    -28.337
1200    -28.503
1201    -28.203
1202    -28.425
1203    -27.579
1204    -28.471
1205    -27.929
1206    -27.213
1207    -28.48
1208    -27.472
1209    -27.301
1210    -27.561
1211    -28.395
1212    -27.559
1213    -27.916
1214    -28.46
1215    -29.126999
1216    -28.196
1217    -27.963
1218    -27.966
1219    -28.528
1220    -28.203
1221    -27.865
1222    0.9100001
1223    -10.138
1224    -8.627
1225    -8.153
1226    -10.017
1227    -28.31
1228    -27.183
1229    -28.001999
1230    -28.291
1231    -28.25
1232    -29.557
1233    -27.431
1234    -28.528
1235    -28.354
1236    -28.202
1237    -28.401
1238    -28.501
1239    -28.381
1240    -28.358
1241    -28.647
1242    -28.524
1243    -28.361
1244    -27.959
1245    -27.303
1246    -27.778
1247    -6.809
1248    -174.546
1249    -9.152
1250    -7.126
1251    -8.088
1252    -10.104
1253    -7.44
1254    -7.748
1255    -8.238
1256    -10.046
1257    -174.937
1258    -7.283
1259    -7.036
1260    -8.017
1261    -11.09
1262    -27.054
1263    -28.112
1264    -28.287
1265    -28.277
1266    -28.109
1267    -179.762
1268    -7.204
1269    -10.066
1270    -8.083
1271    -8.248
1272    -7.9779997
1273    -8.093
1274    -7.222
1275    -10.063
1276    -10.123
1277    -27.669
1278    -28.472
1279    -28.311
1280    -29.443
1281    -28.566
1282    -27.909
1283    -28.558
1284    -27.72
1285    -28.491
1286    -28.301
1287    -28.146
1288    -27.858
1289    -28.004
1290    -27.505
1291    -28.265
1292    -33.245
1293    -33.216
1294    -33.124
1295    -33.049
1296    -31.76
1297    -33.009
1298    -33.923
1299    -33.034
1300    -33.103
1301    -33.065998
1302    -33.086998
1303    -32.834
1304    -33.219
1305    -33.181
1306    -32.709
1307    -32.588
1308    -32.952
1309    -33.149
1310    -32.511
1311    -32.981
1312    -33.086998
1313    -32.953
1314    -33.136
1315    -33.07
1316    -32.996
1317    -33.199
1318    -32.695
1319    -32.847
1320    -32.608
1321    -32.774
1322    -32.15
1323    -33.123
1324    -33.103
1325    -33.118
1326    -32.974
1327    -28.204
1328    -27.413
1329    -28.262
1330    -28.446
1331    -28.17
1332    -28.396
1333    -28.316
1334    -27.816
1335    -28.513
1336    -28.443
1337    -8.091
1338    -9.007
1339    -10.168
1340    -1.5559999
1341    -8.964
1342    -8.761
1343    -28.256
1344    -7.131
1345    -179.803
1346    -179.81
1347    -8.571
1348    -11.092
1349    -7.279
1350    -8.111
1351    -7.293
1352    -9.147
1353    -9.092
1354    -10.13
1355    -3.804
1356    -8.1
1357    -8.069
1358    -184.573
1359    -10.115
1360    -10.085
1361    -11.09
1362    -25.32
1363    -24.581
1364    -24.851
1365    -25.316
1366    -25.682
1367    -24.730999
1368    -25.366
1369    -25.565
1370    -25.623
1371    -25.414
1372    -25.065
1373    -25.666
1374    -24.958
1375    -25.329
1376    -25.434
1377    -25.548
1378    -25.619
1379    -25.702
1380    -25.63
1381    -25.641
1382    -33.136
1383    -33.063
1384    -32.993
1385    -32.665
1386    -33.069
1387    -32.999
1388    -33.246
1389    -33.143
1390    -33.053
1391    -33.127
1392    -33.245
1393    -33.074
1394    -31.864
1395    -33.134
1396    -33.211
1397    -33.217
1398    -33.094
1399    -33.005
1400    -33.211998
1401    -32.855
1402    -34.016
1403    -32.95
1404    -33.143
1405    -33.322
1406    -33.807
1407    -33.751
1408    -32.982
1409    -33.279
1410    -32.429
1411    -32.586998
1412    -33.929
1413    -33.229
1414    -33.192
1415    -32.445
1416    -33.263
1417    -33.317
1418    -32.99
1419    -32.850998
1420    -31.723
1421    -33.065998
1422    -5.467
1423    -4.361
1424    -2.5059998
1425    -5.392
1426    -39.737
1427    -5.278
1428    -4.011
1429    -4.208
1430    -4.325
1431    -5.343
1432    -5.061
1433    -4.055
1434    -4.101
1435    -3.5609999
1436    -3.4369998
1437    -3.78
1438    -3.1079998
1439    -5.417
1440    -4.337
1441    -5.435
1442    -4.276
1443    -4.342
1444    -4.312
1445    -5.189
1446    -4.018
1447    -2.86
1448    -3.645
1449    -4.765
1450    -5.185
1451    -3.354
1452    -5.003
1453    -3.65
1454    -5.398
1455    -5.226
1456    -4.234
1457    -5.432
1458    -2.991
1459    -4.737
1460    -3.1479998
1461    -4.204
1462    -5.121
1463    -4.298
1464    -4.838
1465    -4.104
1466    -5.226
1467    4.8220005
1468    -2.889
1469    -5.46
1470    -5.395
1471    -5.0959997
1472    -3.788
1473    -5.426
1474    -4.548
1475    -5.347
1476    -5.446
1477    -4.382
1478    -4.213
1479    -39.717
1480    -5.29
1481    -4.523
1482    -32.516
1483    -33.182
1484    -31.811
1485    -33.036
1486    -33.099
1487    -32.99
1488    -32.905
1489    -33.286
1490    -33.012
1491    -32.119
1492    -24.129
1493    -22.681
1494    -22.317
1495    -22.4
1496    -22.746
1497    -22.406
1498    -22.443
1499    -187.847
1500    -21.943
1501    -22.96
1502    -22.119
1503    -22.734
1504    -22.86
1505    -188.005
1506    -23.439
1507    -22.394
1508    -188.33
1509    -22.793
1510    -23.424
1511    -22.424
1512    -193.274
1513    -22.727
1514    -22.706
1515    -23.285
1516    -22.977
1517    -23.23
1518    -23.04
1519    -22.83
1520    -22.542
1521    -22.736
1522    -14.228
1523    -14.472
1524    -14.355
1525    -14.055
1526    -14.288
1527    -14.029
1528    -14.315
1529    -14.078
1530    -14.106
1531    -14.144
1532    -14.308
1533    -14.334
1534    -13.976
1535    -14.524
1536    -14.458
1537    -14.099
1538    -14.16
1539    -14.080999
1540    -14.596
1541    -14.325
1542    -14.463
1543    -14.297
1544    -14.341
1545    -13.912
1546    -14.452
1547    -28.507
1548    -5.64
1549    -9.367
1550    -28.22
1551    -29.198
1552    -28.081
1553    -28.076
1554    -29.151
1555    -7.936
1556    -28.354
1557    -193.222
1558    -28.024
1559    -28.189
1560    -28.587
1561    -28.321
1562    -29.109
1563    -29.132
1564    -28.41
1565    -29.162
1566    -29.235
1567    -13.681
1568    -14.287
1569    -14.198
1570    -14.172
1571    -14.33
1572    -14.467
1573    -14.386
1574    -13.969
1575    -14.377
1576    -14.3689995
1577    -14.16
1578    -14.17
1579    -14.044
1580    -14.3689995
1581    -14.250999
1582    -7.344
1583    -29.458
1584    -29.063
1585    -28.095
1586    -28.986
1587    -14.153
1588    -13.309999
1589    -13.959
1590    -14.308
1591    -14.238
1592    -12.79
1593    -12.608
1594    -10.912
1595    -14.337
1596    -14.205
1597    -13.68
1598    -14.422
1599    -14.506
1600    -14.368
1601    -14.354
1602    -14.177
1603    -14.438
1604    -10.221
1605    -14.615
1606    -14.186
1607    -14.437
1608    -13.454
1609    -13.580999
1610    -13.985
1611    -14.589
1612    -14.808
1613    -14.731
1614    -13.886
1615    -13.368
1616    -14.005
1617    -14.037
1618    -13.785
1619    -14.412
1620    -12.722
1621    -14.397
1622    -23.21
1623    -23.009
1624    -23.157999
1625    -22.978
1626    -22.422
1627    -23.186
1628    -22.938
1629    -22.592
1630    -23.168
1631    -22.76
1632    -23.111
1633    -22.456
1634    -22.917
1635    -23.082
1636    -161.465
1637    -23.064
1638    -23.29
1639    -22.948
1640    -0.39299995
1641    -22.834
1642    -22.997
1643    -23.147
1644    -22.589
1645    -22.721
1646    -23.264
1647    -22.626999
1648    -171.093
1649    -23.34
1650    -23.771
1651    -22.755
1652    -22.624
1653    1.047
1654    -22.991
1655    -23.102
1656    -23.244
1657    -22.848999
1658    -22.157999
1659    -22.951
1660    -23.008
1661    -23.205
1662    -22.862999
1663    1.189
1664    -22.86
1665    -22.993
1666    -22.395
1667    -22.536
1668    -22.915
1669    -23.126
1670    -23.119
1671    -23.121
1672    -22.305
1673    -22.175
1674    -22.789
1675    -23.119999
1676    -11.85
1677    -22.161
1678    -160.162
1679    -22.919
1680    -22.515999
1681    -23.273
1682    -192.977
1683    -23.273
1684    -22.390999
1685    -23.121
1686    -22.86
1687    -23.014
1688    -23.155
1689    -22.148
1690    -22.806
1691    -23.125
1692    -23.001
1693    -23.066
1694    -22.843
1695    -22.638
1696    -23.273
1697    -22.125
1698    -24.128
1699    -22.961
1700    -22.812
1701    -22.388
1702    -22.895
1703    -22.895
1704    -21.793
1705    -23.06
1706    -22.909
1707    -23.016
1708    -23.026
1709    -23.817
1710    -22.019
1711    -23.178
1712    -14.028
1713    -14.302
1714    -14.250999
1715    -14.23
1716    -14.284
1717    -14.269
1718    -13.833
1719    -13.491
1720    -14.375999
1721    -13.207
1722    -15.107
1723    -14.462
1724    -14.368
1725    -14.35
1726    -14.278
1727    -14.392
1728    -14.316999
1729    -13.9279995
1730    -14.322
1731    -14.127
1732    -14.495
1733    -14.358
1734    -14.139999
1735    -14.276
1736    -14.42
1737    -13.554
1738    -13.985
1739    -14.311
1740    -14.066
1741    -14.264999
1742    -22.658
1743    -23.001
1744    -23.095
1745    -187.758
1746    -22.098
1747    -23.244999
1748    -23.236
1749    -23.06
1750    -23.08
1751    -192.382
1752    -23.067
1753    -23.14
1754    -23.154
1755    -197.454
1756    -22.681
1757    -22.94
1758    -22.963
1759    -22.636
1760    -22.991
1761    -22.921
1762    -23.006
1763    -22.814
1764    -23.02
1765    -22.928
1766    -22.903
1767    -21.993
1768    -22.807
1769    -22.633
1770    -23.125
1771    -22.679
1772    -22.915
1773    -22.941
1774    -23.083
1775    -23.237999
1776    -23.066
1777    -23.21
1778    -23.031
1779    -22.2
1780    -22.908
1781    -22.927
1782    -22.945
1783    -23.108
1784    -23.258
1785    -22.885
1786    -22.954
1787    -23.047
1788    -23.024
1789    -22.991
1790    -160.306
1791    -21.951
1792    -23.109
1793    -22.951
1794    -23.105999
1795    -23.214
1796    -23.39
1797    -23.004
1798    -22.984
1799    -23.253
1800    -12.1
1801    -23.019
1802    -13.929
1803    -14.438
1804    -14.493
1805    -14.212
1806    -14.073
1807    -14.211
1808    -15.389
1809    -14.41
1810    -14.111
1811    -14.027
1812    -14.335
1813    -14.114
1814    -14.475
1815    -14.201
1816    -14.23
1817    -14.423
1818    -14.031
1819    -14.141
1820    -13.769
1821    -13.643
1822    -14.441999
1823    -13.6
1824    -14.115
1825    -14.177
1826    -14.434
1827    -15.009
1828    -14.159
1829    -14.482
1830    -14.48
1831    -14.266
1832    -14.16
1833    -14.38
1834    -14.427
1835    -13.789
1836    -13.923
1837    -4.752
1838    -30.386
1839    -28.192
1840    -213.754
1841    -29.151
1842    -6.837
1843    -28.864
1844    -27.903
1845    -29.478
1846    -28.404
1847    -28.131
1848    -29.139
1849    -202.595
1850    -9.257
1851    -27.480999
1852    -28.028
1853    -28.214
1854    -197.328
1855    -28.232
1856    -29.112
1857    -14.211
1858    -14.035
1859    -14.967
1860    -13.943
1861    -14.077
1862    -14.195
1863    -14.202
1864    -13.91
1865    -14.04
1866    -14.0199995
1867    -13.718
1868    -13.469
1869    -14.196
1870    -14.063
1871    -15.818
1872    -14.252
1873    -14.227
1874    -13.45
1875    -14.247
1876    -14.241
1877    -13.974
1878    -13.948
1879    -14.28
1880    -14.348
1881    -14.203
1882    -14.073
1883    -14.216
1884    -14.194
1885    -14.222
1886    -14.171
1887    -14.219
1888    -13.91
1889    -13.906
1890    -14.011
1891    -13.695
1892    -22.515999
1893    -22.734
1894    -24.594
1895    -23.065
1896    -22.833
1897    -22.912
1898    -22.947
1899    -23.05
1900    -22.263
1901    -22.58
1902    -23.098
1903    -22.893
1904    -24.319
1905    -23.085
1906    -23.101
1907    -22.931
1908    -22.925
1909    -22.966
1910    -23.154
1911    0.69200003
1912    -22.751
1913    -23.027
1914    -23.042
1915    -23.025
1916    -22.517
1917    -23.22
1918    0.537
1919    -22.284
1920    -22.78
1921    -23.226
1922    -22.677
1923    -23.061
1924    -23.154
1925    -23.323
1926    -23.92
1927    -22.851
1928    -22.827
1929    -22.83
1930    -23.006
1931    -22.908
1932    -22.449
1933    -6.8549995
1934    -23.122
1935    -23.229
1936    -22.54
1937    -22.925
1938    -22.818
1939    -24.267
1940    -23.294
1941    -23.146
1942    -23.125
1943    1.987
1944    -22.592
1945    -22.791
1946    -22.881
1947    -22.305
1948    -21.973
1949    -22.993
1950    -22.932
1951    -23.36
1952    -23.112
1953    -22.948
1954    -22.987
1955    -23.123
1956    -23.146
1957    -22.074
1958    -23.26
1959    -23.001999
1960    -22.776
1961    1.855
1962    -14.7369995
1963    -13.93
1964    -13.86
1965    -13.486
1966    -14.326
1967    -13.933
1968    -14.354
1969    -13.743
1970    -14.396
1971    -13.846
1972    -14.134
1973    -14.28
1974    -14.066999
1975    -14.212
1976    -14.273
1977    -14.323999
1978    -14.191
1979    -14.025
1980    -14.097
1981    -14.076
1982    -13.997
1983    -13.954
1984    -14.38
1985    -14.041
1986    -14.273
1987    -13.973
1988    -13.535999
1989    -14.025
1990    -13.917
1991    -14.1449995
1992    -14.286
1993    -13.966
1994    -12.984
1995    -15.264999
1996    -14.156
1997    -13.676
1998    -14.381
1999    -14.309999
2000    -14.09
2001    -14.203
2002    -13.964
2003    -14.168
2004    -14.206
2005    -13.016
2006    -14.284
2007    -13.349
2008    1.494
2009    -23.112999
2010    -14.309
2011    -23.359
2012    1.4990001
2013    -23.258
2014    -13.924
2015    -23.292
2016    -24.295
2017    1.467
2018    -23.014
2019    -14.872
2020    -22.668
2021    -22.92
2022    -18.294
2023    -18.083
2024    -18.233
2025    -17.695
2026    -17.664
2027    -18.325
2028    -18.261
2029    -18.098
2030    -18.032
2031    -18.183
2032    -18.012
2033    -18.191
2034    -18.169
2035    -18.366
2036    -18.212
2037    -18.230999
2038    -18.09
2039    -18.209
2040    -19.44
2041    -17.893
2042    -12.897
2043    -12.952
2044    -14.818
2045    -12.44
2046    -12.914
2047    -12.927
2048    -14.739
2049    -14.913
2050    -12.724
2051    -14.809
2052    -12.382
2053    -12.85
2054    -12.83
2055    -12.907
2056    -12.84
2057    -12.901
2058    -12.918
2059    -12.865
2060    -12.749
2061    -12.963
2062    -12.927
2063    -12.696
2064    -12.845
2065    -12.813
2066    -12.904
2067    -11.875999
2068    -12.717
2069    -12.845
2070    -12.953
2071    -11.947
2072    -12.882999
2073    -11.873
2074    -12.834
2075    -12.855
2076    -12.738
2077    -12.868
2078    -12.984
2079    -12.863
2080    -12.764
2081    -12.897
2082    -11.837
2083    -12.919
2084    -13.677
2085    -13.774
2086    -13.686
2087    -13.775
2088    -12.845
2089    -12.79
2090    -13.764
2091    -13.749
2092    -13.765
2093    -13.736
2094    -12.941999
2095    -14.759
2096    -13.693
2097    -13.423
2098    -13.527
2099    -12.549
2100    -12.625999
2101    -13.683
2102    -13.717
2103    -13.764
2104    -12.863
2105    -12.734
2106    -13.696
2107    -13.613
2108    -12.8689995
2109    -8.832
2110    -10.807
2111    -8.649
2112    -10.206
2113    -10.33
2114    -10.417
2115    -10.073999
2116    -9.461
2117    -9.877
2118    -6.6109996
2119    -11.234
2120    -9.518
2121    -10.899
2122    -8.855
2123    -7.862
2124    -10.071
2125    -10.174
2126    -11.315
2127    -9.82
2128    -11.163
2129    -10.724
2130    -10.039
2131    -10.466
2132    -10.285
2133    -9.799
2134    -10.139
2135    -9.143
2136    -9.878
2137    -10.63
2138    -11.23
2139    -10.1119995
2140    -11.298
2141    -10.875
2142    -10.348
2143    -9.705
2144    -11.517
2145    -10.583
2146    -10.966
2147    -11.328
2148    -11.535
2149    -10.865
2150    -8.643
2151    -9.655
2152    -11.062
2153    -11.423
2154    -11.424
2155    -9.11
2156    -10.357
2157    -11.132
2158    -10.095
2159    -10.882
2160    -7.2739997
2161    -10.144
2162    -11.44
2163    -9.256
2164    -10.351
2165    -10.351
2166    -11.059999
2167    -10.285
2168    -10.571
2169    -10.158
2170    -11.045
2171    -9.616
2172    -9.819
2173    -9.982
2174    -10.581
2175    -10.851
2176    -8.406
2177    -10.941999
2178    -7.928
2179    -11.105
2180    -10.819
2181    -10.645
2182    -7.4329996
2183    -9.321
2184    -10.197
2185    -10.042
2186    -10.143
2187    -8.525
2188    -7.9449997
2189    -10.338
2190    -8.732
2191    -10.065
2192    -11.132
2193    -10.052
2194    -10.249
2195    -10.565
2196    -10.617
2197    -8.886
2198    -10.615
2199    -10.086
2200    -7.818
2201    -10.745
2202    -10.697
2203    -10.887
2204    -11.292
2205    -8.96
2206    -10.742
2207    -10.128
2208    -10.524
2209    -10.128
2210    -11.258
2211    -10.785
2212    -11.158
2213    -10.198999
2214    -9.263
2215    -11.151
2216    -11.048
2217    -10.434999
2218    -11.002
2219    -10.407
2220    -10.444
2221    -9.507999
2222    -9.35
2223    -9.967
2224    -11.029
2225    -8.931
2226    -10.472
2227    -7.711
2228    -9.971
2229    -5.3529997
2230    -10.24
2231    -10.925
2232    -11.443
2233    -10.766
2234    -10.592
2235    -10.689
2236    -11.116
2237    -10.503
2238    -10.095
2239    -9.91
2240    -8.583
2241    -11.12
2242    -10.959
2243    -10.7439995
2244    -10.968
2245    -10.334
2246    -9.658
2247    -8.455
2248    -11.277
2249    -10.776
2250    -10.422
2251    -10.397
2252    -8.108
2253    -10.756
2254    -10.749
2255    -11.446
2256    -9.906
2257    -10.911
2258    -10.18
2259    -10.125
2260    -10.374
2261    -10.901
2262    -10.968
2263    -10.809999
2264    -10.283
2265    -10.757
2266    -9.724
2267    -10.627
2268    -10.105
2269    -10.413
2270    -10.375999
2271    -9.51
2272    -11.273
2273    -10.95
2274    -10.447
2275    -10.038
2276    -10.7369995
2277    -10.239
2278    -8.722
2279    -10.83
2280    -10.3289995
2281    -10.576
2282    -8.9
2283    -2.1469994
2284    -10.13
2285    -10.257999
2286    -10.91
2287    -9.395
2288    -11.134
2289    -10.18
2290    -11.246
2291    -11.437
2292    -10.432
2293    -11.381
2294    -10.18
2295    -9.663
2296    -13.331
2297    -13.229
2298    -13.53
2299    -12.767
2300    -12.75
2301    -13.472
2302    -13.206
2303    -13.421
2304    -14.604
2305    -13.113
2306    -13.198999
2307    -13.000999
2308    -13.566999
2309    -13.433
2310    -13.073999
2311    -13.527
2312    -13.365
2313    -12.077
2314    -13.195
2315    -13.197
2316    -13.5529995
2317    -14.522
2318    -13.253
2319    -13.231
2320    -13.295
2321    -12.993
2322    -13.277
2323    -13.333
2324    -13.13
2325    -13.379
2326    -13.624
2327    -13.154
2328    -13.339
2329    -14.552
2330    -13.45
2331    -13.398
2332    -13.521
2333    -13.378
2334    -13.264
2335    -14.087
2336    -13.546
2337    -12.159
2338    -13.466
2339    -13.233
2340    -13.167
2341    -12.736
2342    -13.515
2343    -13.601
2344    -13.498
2345    -13.080999
2346    -13.537
2347    -13.142
2348    -13.466
2349    -13.223
2350    -17.067
2351    -13.426
2352    -13.573
2353    -13.573999
2354    -13.545
2355    -13.315
2356    -13.186
2357    -13.158
2358    -13.284
2359    -13.451
2360    -13.129
2361    -13.763
2362    -13.393
2363    -13.398
2364    -13.472
2365    -13.323999
2366    -13.503
2367    -13.391
2368    -13.393
2369    -13.296
2370    -13.245
2371    -13.514
2372    -13.534
2373    -13.584
2374    -13.235
2375    -13.513
2376    -13.121
2377    -13.443
2378    -14.595
2379    -13.36
2380    -13.286
2381    -13.087
2382    -14.117
2383    -13.034
2384    -40.718
2385    -13.019
2386    -13.125
2387    -13.306
2388    -13.382
2389    -13.249
2390    -12.599
2391    -13.208
2392    -12.985
2393    -12.802
2394    -13.603
2395    -14.524
2396    -11.621
2397    -13.453
2398    -12.83
2399    -13.148
2400    -12.386
2401    -13.207
2402    -13.256
2403    -13.375999
2404    -13.266
2405    -13.245
2406    -13.235
2407    -12.542
2408    -13.307
2409    -13.07
2410    -13.175
2411    -13.198
2412    -13.318
2413    -12.976
2414    -13.37
2415    -14.32
2416    -13.597
2417    -12.951
2418    -12.903
2419    -13.061
2420    -13.301
2421    -13.919
2422    -13.513
2423    -13.132
2424    -13.332
2425    -13.524
2426    -13.441999
2427    -13.482
2428    -13.082
2429    -13.24
2430    -13.287
2431    -14.326
2432    -14.384
2433    -13.211
2434    -13.3
2435    -13.44
2436    -13.143
2437    -13.446
2438    -13.518
2439    -13.42
2440    -14.63
2441    -13.327
2442    -13.226
2443    -13.399
2444    -13.165
2445    -13.396
2446    -13.595
2447    -14.191
2448    -13.223
2449    -13.223
2450    -13.414
2451    -13.084
2452    -13.394
2453    -13.282
2454    -13.25
2455    -13.394
2456    -13.481
2457    -13.353
2458    -13.486
2459    -12.889999
2460    -3.621
2461    -5.548
2462    -1.731
2463    -4.847
2464    -4.618
2465    -6.583
2466    -6.586
2467    -3.902
2468    -5.736
2469    -3.84
2470    -1.841
2471    -1.755
2472    -5.656
2473    -1.684
2474    0.032000065
2475    -4.48
2476    -4.776
2477    -5.648
2478    -8.526
2479    -2.807
2480    1.179
2481    -5.638
2482    -1.856
2483    -3.83
2484    -2.727
2485    -9.507
2486    -6.588
2487    -7.626
2488    -2.727
2489    1.015
2490    -2.6399999
2491    -0.68499994
2492    1.011
2493    -1.776
2494    -6.736
2495    -2.7779999
2496    1.323
2497    -1.832
2498    -9.702
2499    0.052
2500    -5.897
2501    -3.873
2502    1.006
2503    -6.522
2504    -11.878
2505    -5.65
2506    -4.723
2507    1.035
2508    -2.519
2509    1.012
2510    1.014
2511    -2.618
2512    -6.397
2513    -6.748
2514    -4.845
2515    -4.488
2516    -3.754
2517    -6.772
2518    -6.791
2519    -4.8389997
2520    -3.812
2521    1.007
2522    -5.95
2523    -0.789
2524    -6.424
2525    -5.779
2526    -0.463
2527    -0.949
2528    -5.788
2529    -7.685
2530    1.073
2531    -4.677
2532    -4.854
2533    -5.93
2534    -8.447
2535    -9.338
2536    -12.377
2537    -7.685
2538    1.014
2539    -5.648
2540    -6.757
2541    1.029
2542    1.029
2543    -12.233
2544    -12.233
2545    -3.77
2546    -4.764
2547    -4.764
2548    -6.724
2549    -5.788
2550    -5.788
2551    -6.274
2552    -6.639
2553    1.014
2554    -9.755
2555    -4.666
2556    -3.877
2557    -5.959
2558    -6.507
2559    -4.706
2560    -0.77
2561    -3.864
2562    -6.723
2563    -6.683
2564    -6.7139997
2565    -7.679
2566    -7.757
2567    -2.701
2568    -13.375
2569    -3.821
2570    -17.473
2571    -16.137
2572    -6.6019998
2573    -6.724
2574    -17.328
2575    -5.934
2576    -5.788
2577    -4.84
2578    -7.636
2579    -7.756
2580    -4.78
2581    -6.686
2582    -3.77
2583    -4.745
2584    -10.595
2585    -6.75
2586    -14.903
2587    1.029
2588    -2.884
2589    -9.398
2590    -5.829
2591    -6.653
2592    -5.767
2593    -6.859
2594    -6.375
2595    -4.798
2596    -5.694
2597    -3.608
2598    -5.696
2599    -15.258
2600    -3.563
2601    -21.046
2602    -7.31
2603    -19.353
2604    -7.328
2605    -7.327
2606    -6.3
2607    -4.735
2608    -5.693
2609    -12.211
2610    -14.164
2611    -5.698
2612    -4.764
2613    -11.385
2614    -3.536
2615    -9.617
2616    -26.175
2617    -10.831
2618    -13.662
2619    -7.25
2620    -5.703
2621    -6.274
2622    -4.394
2623    -9.546
2624    -11.378
2625    -4.395
2626    -7.327
2627    -7.31
2628    -3.794
2629    -11.381
2630    -12.817
2631    -11.673
2632    -11.385
2633    -13.352
2634    -11.378
2635    -14.214
2636    -5.7
2637    -11.642
2638    -11.388
2639    -11.388
2640    1.009
2641    -7.255
2642    -11.385
2643    -5.685
2644    -7.451
2645    -4.662
2646    -1.849
2647    -5.611
2648    -6.305
2649    -7.261
2650    -15.884
2651    -11.385
2652    -9.736
2653    -17.668
2654    -30.294
2655    -15.889
2656    -9.736
2657    -28.709
2658    -11.383
2659    -33.2
2660    -4.769
2661    -33.596
2662    -39.225
2663    -32.684
2664    -37.346
2665    -34.553
2666    -34.214
2667    -31.741
2668    -35.365
2669    -39.216
2670    -3.593
2671    -11.382
2672    -32.319
2673    -33.736
2674    -7.31
2675    -38.67
2676    -39.225
2677    -39.481
2678    -33.553
2679    -39.223
2680    -26.825
2681    -39.222
2682    -3.612
2683    -35.595
2684    -7.258
2685    -33.487
2686    -34.562
2687    -39.225
2688    -33.627
2689    -18.114
2690    -39.225
2691    -13.817
2692    -39.222
2693    -37.346
2694    -32.327
2695    -34.525
2696    -45.167
2697    -26.833
2698    -5.707
2699    -28.609
2700    -33.487
2701    -33.733
2702    -48.77
2703    -34.133
2704    -29.671
2705    -52.616
2706    -6.55
2707    -11.389
2708    -33.596
2709    -35.097
2710    -32.679
2711    -45.239
2712    -33.733
2713    -35.596
2714    -5.697
2715    -40.05
2716    -29.688
2717    -3.699
2718    -39.227
2719    -32.516
2720    -39.469
2721    -32.505
2722    -35.149
2723    -40.679
2724    -32.234
2725    -40.05
2726    -38.434
2727    -26.832
2728    -41.191
2729    -15.825
2730    -42.742
2731    -33.533
2732    -33.596
2733    -41.191
2734    -36.286
2735    -5.704
2736    -31.712
2737    -7.256
2738    -33.553
2739    -34.422
2740    -81.099
2741    -28.524
2742    -26.832
2743    -35.149
2744    -33.535
2745    -36.289
2746    -29.631
2747    -54.475
2748    -34.553
2749    -30.566
2750    -30.566
2751    -5.595
2752    -30.617
2753    -5.703
2754    -41.191
2755    -34.144
2756    -34.562
2757    -33.665
2758    -26.804
2759    -33.524
2760    -34.63
2761    -34.146
2762    -34.17
2763    -26.514
2764    -3.593
2765    -39.222
2766    -48.77
2767    -41.214
2768    -38.197
2769    -39.217
2770    -46.74
2771    -31.375
2772    -32.679
2773    -32.686
2774    -39.227
2775    -15.107
2776    -39.512
2777    -175.933
2778    -39.22
2779    -33.487
2780    -34.144
2781    -26.766
2782    -43.596
2783    -26.514
2784    -33.596
2785    -39.224
2786    -39.217
2787    -38.203
2788    -35.605
2789    -8.564
2790    -31.46
2791    -12.84
2792    -6.55
2793    -34.63
2794    -35.659
2795    -35.576
2796    0.21200013
2797    -33.538
2798    -34.17
2799    -37.177
2800    -26.66
2801    -28.788
2802    -28.302
2803    -34.525
2804    -32.516
2805    -39.225
2806    -38.67
2807    -34.236
2808    -5.595
2809    -6.302
2810    -35.29
2811    -34.146
2812    -43.976
2813    -44.013
2814    -8.679
2815    -3.593
2816    -43.097
2817    -35.655
2818    -7.256
2819    -34.575
2820    -9.736
2821    -35.595
2822    -5.591
2823    -35.596
2824    -34.139
2825    -35.365
2826    -40.05
2827    -39.216
2828    -37.541
2829    -31.609
2830    -39.223
2831    -4.769
2832    -33.447998
2833    -39.228
2834    -34.422
2835    -5.598
2836    -34.133
2837    -45.239
2838    -32.457
2839    -35.681
2840    -34.563
2841    -33.487
2842    -31.633
2843    -33.733
2844    -31.703
2845    -7.257
2846    -35.149
2847    -35.235
2848    -34.589
2849    -42.001
2850    -31.679
2851    -34.173
2852    -33.489
2853    -33.537
2854    -36.365
2855    1.3700001
2856    1.6170001
2857    2.107
2858    0.094000004
2859    4.986
2860    0.86300004
2861    1.0580001
2862    1.322
2863    1.9030001
2864    2.3690002
2865    1.4840001
2866    -1.7119999
2867    -1.51
2868    0.84000015
2869    -1.423
2870    -2.73
2871    -1.282
2872    1.9790001
2873    1.1830001
2874    -0.65199995
2875    -0.035999954
2876    -3.109
2877    -0.5849999
2878    1.6090001
2879    -2.0289998
2880    -1.458
2881    -0.541
2882    -0.95299995
2883    -0.44599998
2884    1.8870001
2885    -0.20099998
2886    0.43500006
2887    -0.628
2888    -0.62399995
2889    -1.619
2890    -0.76899993
2891    1.2520001
2892    -1.39
2893    -1.46
2894    1.141
2895    -5.979
2896    -1.529
2897    -1.033
2898    -0.636
2899    -3.242
2900    -0.5669999
2901    -1.471
