0    1.004
1    -27.235
2    -32.069
3    -31.657
4    -26.487999
5    -27.098999
6    -32.099
7    -31.532
8    -32.269
9    -31.969
10    -31.952
11    -31.942
12    -32.046
13    -31.839
14    -32.138
15    -31.314
16    -31.896
17    -31.92
18    -27.084
19    -31.77
20    -26.973
21    -31.703
22    -32.181
23    -31.719
24    -27.238
25    -27.223
26    -19.67
27    -31.663
28    -27.143
29    -31.187
30    -31.694
31    -32.251
32    -31.105999
33    -31.407
34    -27.201
35    -30.969
36    -31.796
37    -31.518
38    -31.532999
39    -27.194
40    -32.066
41    -31.56
42    -31.61
43    -31.572
44    -31.778
45    -31.685
46    -30.637
47    -31.072
48    -27.204
49    -31.448
50    -31.523
51    -31.924
52    -31.127
53    -31.862
54    -27.179
55    -31.693
56    -30.928
57    -31.03
58    -32.309
59    -31.972
60    -30.612999
61    -32.207
62    -31.773
63    -31.257
64    -31.577
65    -32.058
66    -31.857
67    -34.796
68    -34.623
69    -34.623
70    -34.66
71    -35.055
72    -34.437
73    -34.62
74    -30.157
75    -34.676
76    -34.855
77    -34.789
78    -34.828
79    -29.98
80    -34.243
81    -33.716
82    -29.909
83    -34.793
84    -30.167
85    -29.799
86    -29.842
87    -30.143
88    -33.915
89    -34.469
90    -34.86
91    -34.71
92    -29.813
93    -29.883
94    -34.939
95    -35.115
96    -34.336
97    -34.514
98    -34.909
99    -33.421
100    -29.814
101    -29.348999
102    -34.468
103    -34.987
104    -34.781
105    -35.015
106    -34.833
107    -34.655
108    -34.738
109    -29.885
110    -34.631
111    -34.76
112    -34.894
113    -34.72
114    -34.799
115    -35.197
116    -34.846
117    -33.867
118    -34.038
119    -34.715
120    -34.63
121    -34.529
122    -34.968
123    -35.564
124    -34.914
125    -35.625
126    -34.905
127    -35.638
128    -34.898
129    -30.123
130    -35.667
131    -29.705
132    -35.696
133    -34.439
134    -30.152
135    -35.031
136    -34.853
137    -34.618
138    -34.729
139    -29.82
140    -36.063
141    -34.795
142    -35.755
143    -34.577
144    -34.653
145    -36.17
146    -34.828
147    -35.144
148    -29.223999
149    -29.986
150    -34.536
151    -33.539
152    -35.736
153    -29.814
154    -34.484
155    -34.978
156    -34.716
157    -34.68
158    -36.183
159    -35.716
160    -34.575
161    -35.269
162    -35.195
163    -30.056
164    -30.174
165    -29.385
166    -30.059
167    -30.161
168    -36.155
169    -35.081
170    -36.156
171    -34.601
172    -29.657
173    -34.713
174    -29.916
175    -34.544
176    -35.158
177    -36.134
178    -35.039
179    -34.689
180    -34.504
181    -28.787
182    -35.008
183    -30.178
184    -37.142
185    -35.005
186    -34.896
187    -35.994
188    -36.161
189    -36.148
190    -30.037
191    -29.815
192    -34.694
193    -33.612
194    -34.899
195    -30.089
196    -36.187
197    -37.208
198    -36.213
199    -34.863
200    -34.926
201    -35.217
202    -35.801
203    -35.165
204    -35.218
205    -34.539
206    -29.597
207    -34.224
208    -29.486
209    -34.641
210    -29.452
211    -34.023
212    -34.562
213    -34.61
214    -34.394
215    -28.077
216    -35.065
217    -33.723
218    -34.614998
219    -33.939
220    -32.291
221    -33.638
222    -29.368
223    -29.362
224    -33.593
225    -29.278
226    -29.22
227    -35.154
228    -33.953
229    -29.471
230    -34.037
231    -34.335
232    -35.141
233    -34.001
234    -35.315
235    -34.484
236    -33.85
237    -34.007
238    -33.975998
239    -34.315
240    -33.795
241    -34.13
242    -33.904
243    -33.881
244    -33.274
245    -34.09
246    -34.048
247    -29.098999
248    -34.239
249    -33.856
250    -34.209
251    -29.35
252    -28.997
253    -35.004
254    -34.105
255    -34.074
256    -29.143
257    -28.848
258    -29.087
259    -28.673
260    -33.655
261    -35.107
262    -33.763
263    -29.230999
264    -29.2
265    -35.014
266    -34.518
267    -33.629
268    -33.417
269    -34.403
270    -33.902
271    -32.967
272    -33.825
273    -33.423
274    -32.376
275    -33.458
276    -33.903
277    -33.855
278    -29.098999
279    -34.722
280    -28.559
281    -33.881
282    -33.749
283    -34.632
284    -34.44
285    -35.152
286    -29.218
287    -35.893
288    -33.688
289    -34.701
290    -35.56
291    -33.703
292    -34.676
293    -29.079
294    -29.043
295    -33.624
296    -34.793
297    -33.445
298    -33.739
299    -33.535
300    -33.679
301    -33.526
302    -33.774
303    -33.772
304    -33.711998
305    -33.575
306    -33.665
307    -33.869
308    -34.85
309    -29.074
310    -33.95
311    -34.489998
312    -35.126
313    -35.051
314    -33.02
315    -34.991
316    -33.941
317    -34.59
318    -33.267
319    -33.527
320    -33.789
321    -34.836
322    -35.122
323    -33.171
324    -28.933
325    -33.384
326    -28.956
327    -28.85
328    -33.827
329    -29.035
330    -33.276
331    -33.487
332    -29.096
333    -33.504
334    -33.824
335    -35.117
336    -33.849
337    -28.944
338    -34.88
339    -33.502
340    -33.454
341    -32.889
342    -34.561
343    -33.565
344    -33.063
345    -33.282
346    -33.446
347    -33.600998
348    -33.178
349    -33.515
350    -33.549
351    -27.34
352    -27.346
353    -27.057
354    -27.492
355    -32.096
356    -33.268
357    -33.612
358    -32.059
359    -32.188
360    -27.389
361    -32.245
362    -30.721
363    -25.937
364    -30.812
365    -30.714
366    -30.879
367    -30.729
368    -31.907
369    -30.703999
370    -30.8
371    -30.619
372    -30.744999
373    -27.168
374    -34.234
375    -27.607
376    -27.663
377    -27.595
378    -27.712
379    -27.416
380    -27.69
381    -33.356
382    -27.43
383    -33.887
384    -33.937
385    -34.142
386    -33.084
387    -34.302
388    -34.098
389    -33.541
390    -34.189
391    -34.02
392    -34.159
393    -34.086998
394    -29.699
395    -29.664
396    -29.457
397    -29.527
398    -29.366
399    -29.365
400    -28.614
401    -29.6
402    -29.618
403    -29.677
404    -33.9
405    -32.931
406    -32.613
407    -39.386
408    -32.399
409    -39.945
410    -32.619
411    -40.899
412    -39.76
413    -40.859
414    -39.547
415    -39.575
416    -39.555
417    -39.596
418    -40.628
419    -41.785
420    -39.181
421    -39.355
422    -39.725
