0    -24.299
1    -24.312
2    -24.334
3    -24.337
4    -24.341
5    -24.355999
6    -24.358
7    -24.333
8    -24.329
9    -24.345
10    -24.381
11    -24.347
12    -24.32
13    -24.343
14    -24.329
15    -24.33
16    -24.393
17    -24.354
18    -24.318
19    -24.342
20    -24.351
21    -24.348
22    -24.396
23    -24.365
24    -24.346
25    -24.382
26    -24.332
27    -24.305
28    -24.396
29    -24.377
30    -24.351
31    -24.365
32    -24.347
33    -24.337
34    -24.323
35    -24.365
36    -24.335
37    -24.331
38    -24.312
39    -24.348999
40    -24.359
41    -24.351
42    -24.347
43    -24.373
44    -24.358
45    -24.362
46    -24.301
47    -24.333
48    -24.359
49    -24.359
50    -24.34
51    -24.359
52    -24.336
53    -24.359
54    -24.377
55    -24.348
56    -24.337
57    -24.361
58    -24.313
59    -24.344
60    -24.362
61    -24.35
62    -24.382
63    -24.38
64    -24.312
65    -24.355
66    -24.339
67    -24.386
68    -24.337
69    -24.368
70    -24.351
71    -24.408
72    -24.35
73    -24.332
74    -24.329
75    -24.35
76    -24.351
77    -24.341
78    -24.348
79    -24.362
80    -24.375
81    -24.353
82    -24.342
83    -24.352
84    -24.325
85    -24.318
86    -24.316
87    -24.364
88    -24.344
89    -24.339
90    -24.372
91    -24.34
92    -24.357
93    -24.341
94    -24.334
95    -24.335
96    -24.348999
97    -24.332
98    -24.37
99    -24.382
100    -24.331
101    -24.324
102    -24.352
103    -24.345
104    -24.35
105    -24.287
106    -24.329
107    -24.355999
108    -24.365
109    -24.36
110    -24.355999
111    -24.342
112    -24.319
113    -24.326
114    -24.345
115    -24.355
116    -24.363
117    -24.368
118    -24.354
119    -24.354
120    -24.321
121    -24.376
122    -24.341
123    -24.348999
124    -24.268
125    -24.314
126    -24.347
127    -24.327
128    -24.344
129    -24.348
130    -24.336
131    -24.342
132    -24.31
133    -24.344
134    -24.347
135    -24.339
136    -24.325
137    -24.33
138    -24.371
139    -24.33
140    -24.361
141    -24.33
142    -24.354
143    -24.367
144    -24.305
145    -24.313
146    -24.365
147    -24.339
148    -24.361
149    -24.355999
150    -24.314
151    -24.367
152    -24.36
153    -24.329
154    -24.295
155    -24.344
156    -24.329
157    -24.319
158    -24.304
159    -24.304
160    -24.348
161    -24.351
162    -24.362
163    -24.366
164    -24.36
165    -24.348999
166    -24.298
167    -24.34
168    -24.341
169    -24.324
170    -24.342
171    -24.341
172    -24.395
173    -24.34
174    -24.3
175    -24.35
176    -24.341
177    -24.357
178    -24.35
179    -24.31
180    -24.357
181    -24.354
182    -24.345
183    -24.351
184    -24.369
185    -24.347
186    -24.383
187    -24.331
188    -24.36
189    -24.366
190    -24.34
191    -24.345
192    -24.38
193    -24.336
194    -24.274
195    -24.336
196    -24.33
197    -24.338
198    -24.347
199    -24.35
200    -24.401
201    -24.36
202    -24.324
203    -24.305
204    -24.378
205    -24.323
206    -24.318
207    -24.299
208    -24.365
209    -24.33
210    -24.337
211    -24.343
212    -24.378
213    -24.33
214    -24.318
215    -24.338
216    -24.355999
217    -24.348
218    -24.332
219    -24.339
220    -24.355999
221    -24.336
222    -24.357
223    -24.37
224    -24.341
225    -24.361
226    -24.323
227    -24.298
228    -24.347
229    -24.328
230    -24.323
231    -24.347
232    -24.352
233    -24.348999
234    -24.319
235    -24.297
236    -24.34
237    -24.37
238    -24.336
239    -24.347
240    -24.345
241    -24.382
242    -24.313
243    -24.336
244    -24.335
245    -24.34
246    -24.358
247    -24.353
248    -24.372
249    -24.366
250    -24.304
251    -24.319
252    -24.353
253    -24.338
254    -24.33
255    -24.34
256    -24.324
257    -24.342
258    -24.326
259    -24.379
260    -24.305
261    -24.328
262    -24.345
263    -24.382
264    -24.344
265    -24.35
266    -24.325
267    -24.339
268    -24.314
269    -24.375
270    -24.337
271    -24.344
272    -24.379
273    -24.38
274    -24.336
275    -24.337
276    -24.384
277    -24.344
278    -24.367
279    -24.362
280    -24.355999
281    -24.316
282    -24.336
283    -24.309
284    -24.317
285    -24.347
286    -24.365
287    -24.375
288    -24.318
289    -24.319
290    -24.323
291    -24.362
292    -24.383
293    -24.334
294    -24.328
295    -24.334
296    -24.355999
297    -24.36
298    -24.339
299    -24.368
300    -24.348999
301    -24.337
302    -24.393
303    -24.28
304    -24.335
305    -24.362
306    -24.288
307    -24.352
308    -24.341
309    -24.331
310    -24.33
311    -24.336
312    -24.355999
313    -24.341
314    -24.348999
315    -24.336
316    -24.341
317    -24.375
318    -24.319
319    -24.335
320    -24.35
321    -24.316
322    -24.339
323    -24.355999
324    -24.307
325    -24.381
326    -24.358
327    -24.329
328    -24.318
329    -24.33
330    -24.364
331    -24.317
332    -24.319
333    -24.322
334    -24.33
335    -24.295
336    -24.334
337    -24.292
338    -24.348
339    -24.33
340    -24.374
341    -24.385
342    -24.282
343    -24.345
344    -24.354
345    -24.355999
346    -24.355
347    -24.322
348    -24.253
349    -24.321
350    -24.357
351    -24.352
352    -24.347
353    -24.343
354    -24.323
355    -24.381
356    -24.334
357    -24.347
358    -24.313
359    -24.37
360    -24.366
361    -24.361
362    -24.339
363    -24.362
364    -24.384
365    -24.368
366    -24.323
367    -24.348
368    -24.306
369    -24.357
370    -24.326
371    -24.346
372    -24.331
373    -24.355999
374    -24.33
375    -24.351
376    -24.371
377    -24.32
378    -24.358
379    -24.316
380    -24.333
381    -24.297
382    -24.332
383    -24.354
