0    -3.584
1    -3.606
2    -3.588
3    -3.621
4    -3.61
5    -3.617
6    -3.6269999
7    -3.604
8    -3.598
9    -3.599
10    -3.574
11    -3.612
12    -3.601
13    -3.556
14    -3.586
15    -3.601
16    -3.613
17    -3.599
18    -3.586
19    -3.606
20    -3.599
21    -3.559
22    -3.593
23    -3.609
24    -3.618
25    -3.616
26    -3.57
27    -3.616
28    -3.56
29    -3.619
30    -3.578
31    -3.63
32    -3.582
33    -3.608
34    -3.609
35    -3.5809999
36    -3.621
37    -3.608
38    -3.6
39    -3.616
40    -3.5939999
41    -3.58
42    -3.628
43    -3.611
44    -3.612
45    -3.599
46    -3.572
47    -3.587
48    -3.615
49    -3.608
50    -3.596
51    -3.589
52    -3.593
53    -3.591
54    -3.601
55    -3.633
56    -3.585
57    -3.597
58    -3.582
59    -3.613
60    -3.619
61    -3.609
62    -3.5609999
63    -3.596
64    -3.591
65    -3.5809999
66    -3.626
67    -3.595
68    -3.608
69    -3.599
70    -3.598
71    -3.632
72    -3.568
73    -3.5939999
74    -3.603
75    -3.586
76    -3.601
77    -3.614
78    -3.619
79    -3.586
80    -3.597
81    -3.583
82    -3.602
83    -3.619
84    -3.602
85    -3.624
86    -3.598
87    -3.6399999
88    -3.611
89    -3.6069999
90    -3.6
91    -3.612
92    -3.587
93    -3.589
94    -3.584
95    -3.6
96    -3.574
97    -3.596
98    -3.623
99    -3.638
100    -3.599
101    -3.563
102    -3.608
103    -3.604
104    -3.592
105    -3.5809999
106    -3.591
107    -3.604
108    -3.611
109    -3.6
110    -3.557
111    -3.602
112    -3.6
113    -3.623
114    -3.593
115    -3.59
116    -3.595
117    -3.635
118    -3.5939999
119    -3.55
120    -3.602
121    -3.597
122    -3.57
123    -3.591
124    -3.562
125    -3.604
126    -3.604
127    -3.624
128    -3.559
129    -3.613
130    -3.603
131    -3.588
132    -3.5939999
133    -3.61
134    -3.582
135    -3.621
136    -3.589
137    -3.5939999
138    -3.597
139    -3.606
140    -3.609
141    -3.579
142    -3.633
143    -3.545
144    -3.5809999
145    -3.606
146    -3.595
147    -3.612
148    -3.623
149    -3.601
150    -3.584
151    -3.593
152    -3.629
153    -3.599
154    -3.444
155    -3.426
156    -3.461
157    -3.4229999
158    -3.44
159    -3.454
160    -3.411
161    -3.411
162    -3.455
163    -3.444
164    -3.434
165    -3.4359999
166    -3.413
167    -3.386
168    -3.445
