0    1.064
1    1.06
2    1.102
3    1.071
4    1.094
5    1.088
6    1.081
7    1.091
8    1.115
9    1.079
10    1.122
11    1.2260001
12    1.1800001
13    1.252
14    1.261
15    2.291
16    1.253
17    2.331
18    1.219
19    1.136
20    1.105
21    1.139
22    2.129
23    1.222
24    0.22200002
25    1.469
26    1.16
27    1.337
28    2.145
29    4.1610003
30    1.031
31    1.077
32    1.073
33    1.0
34    2.203
35    2.917
36    4.271
37    1.08
38    3.394
39    3.172
40    6.426
41    5.26
42    2.113
43    3.258
44    4.13
45    2.1990001
46    6.074
47    2.057
48    14.11
49    6.196
50    3.183
51    2.087
52    4.079
53    13.141
54    6.206
55    1.116
56    0.35500002
57    2.227
58    1.168
59    1.121
60    1.194
61    -3.317
62    1.0
63    1.065
64    1.5810001
65    8.21
66    3.172
67    1.107
68    5.154
69    2.138
70    2.133
71    1.158
72    5.232
73    13.246
74    2.087
75    3.067
76    8.08
77    2.287
78    1.121
79    2.165
80    3.102
81    1.055
82    1.052
83    1.141
84    1.05
85    0.77000004
86    1.103
87    1.068
88    2.036
89    1.269
90    1.119
91    3.119
92    2.131
93    1.208
94    1.035
95    1.081
96    1.087
97    2.067
98    3.1890001
99    4.171
100    1.1110001
101    1.144
102    2.154
103    1.149
104    1.102
105    1.54
106    1.179
107    1.135
108    1.221
109    1.173
110    2.141
111    3.067
112    1.112
113    2.142
114    2.076
115    0.18400002
116    2.08
117    1.074
118    1.03
119    1.066
120    1.059
121    1.375
122    4.181
123    3.141
124    1.061
125    -5.198
126    3.111
127    1.391
128    1.056
129    1.023
130    2.03
131    2.092
132    3.075
133    1.141
134    1.231
135    2.176
136    2.232
137    0.25300002
138    2.037
139    1.199
140    2.089
141    3.069
142    1.063
143    2.297
144    1.145
145    1.05
146    2.33
147    1.089
148    2.117
149    3.934
150    1.3050001
151    2.098
152    4.008
153    1.266
154    1.836
155    3.186
156    3.445
157    -1.482
158    0.47300002
159    1.149
160    -2.8309999
161    -0.17299998
162    18.137
163    7.469
164    3.499
165    8.116
166    2.09
167    1.078
168    -5.41
169    1.377
170    -5.444
171    2.18
172    20.217
173    2.301
174    -7.185
175    4.375
176    8.157
177    1.145
178    1.2670001
179    3.701
180    1.105
181    -1.5799999
182    1.631
183    -1.436
184    -0.54999995
185    1.767
186    1.75
187    1.463
188    1.837
189    0.13700008
190    -1.8019999
191    -2.406
192    -2.144
193    0.45100003
194    1.5940001
195    1.6500001
196    2.0500002
197    2.244
198    1.628
199    1.849
200    1.126
201    1.757
202    1.464
203    1.218
204    1.488
205    -1.298
206    1.146
207    1.6850001
208    2.358
209    1.748
210    2.473
211    -5.325
212    -6.6019998
213    0.455
214    1.13
215    0.26200002
216    0.58900005
217    2.385
218    0.82000005
219    0.82100004
220    1.108
221    1.429
222    1.76
223    0.90800005
224    0.83100003
225    0.46
226    -0.78
227    1.586
228    2.7610002
229    -6.252
230    1.731
231    1.579
232    1.302
233    0.38000003
234    1.671
235    2.494
236    2.076
237    1.027
238    1.035
239    1.022
240    1.023
241    2.036
242    1.029
243    1.036
244    2.027
245    3.064
246    15.017
247    22.012
248    1.011
249    1.058
250    1.023
251    1.025
252    1.021
253    1.021
254    -4.91
255    1.731
256    5.671
257    0.8930001
258    1.039
259    2.687
260    3.21
261    -0.12199986
262    1.268
263    2.286
264    3.219
265    -3.522
266    1.188
267    2.6940002
268    1.145
269    2.145
270    -3.4229999
271    1.25
272    1.097
273    1.055
274    1.7
275    -4.163
276    1.222
277    3.4490001
278    3.1160002
279    1.079
280    2.757
281    2.272
282    1.409
283    0.208
284    2.53
285    1.4740002
286    1.271
287    -1.472
288    2.299
289    0.611
290    1.184
291    1.5120001
292    1.6990001
293    1.5910001
294    1.806
295    1.385
296    1.146
297    3.404
298    0.45700002
299    0.88600004
300    1.399
301    1.3390001
302    -2.619
303    -16.746
304    1.862
305    0.3670001
306    -2.835
307    0.09
308    1.043
309    1.306
310    1.339
311    -1.6489999
312    1.1060001
313    -0.515
314    2.0900002
315    1.1110001
316    0.595
317    1.139
318    2.921
319    0.393
320    1.161
321    -1.364
322    1.446
323    0.505
324    -2.6269999
325    -0.561
326    -4.516
327    0.554
328    6.406
329    -1.989
330    -0.357
331    -2.5509999
332    2.173
333    1.001
334    -2.4099998
335    1.014
336    -0.8249999
337    -1.3629999
338    2.119
339    19.265
340    -9.806
341    1.301
342    1.136
343    1.695
344    -0.553
345    -3.4029999
346    -5.411
347    -0.47099996
348    -0.45799994
349    -0.6819999
350    -3.626
351    -0.01699996
352    0.822
353    0.39900005
354    1.246
355    -0.31099987
356    0.35200003
357    0.268
358    1.15
359    0.984
360    1.85
361    0.564
362    7.391
363    2.177
364    1.396
365    1.427
366    -0.60899997
367    0.66700006
368    -2.085
369    2.942
370    2.458
371    -5.908
372    2.367
373    -0.528
374    5.3450003
375    2.92
376    1.03
377    2.152
378    -0.41899997
379    4.608
380    -0.53
381    1.048
382    1.623
383    -0.47399998
384    1.0
385    -0.71099997
386    0.41700003
387    2.026
388    1.148
389    -0.45099998
390    4.225
391    -9.451
392    -10.309999
393    5.792
394    -1.31
395    2.325
396    6.745
397    1.817
398    -0.682
399    2.355
400    -2.17
401    -1.597
402    2.124
403    2.253
404    -1.594
405    -6.635
406    1.291
407    -0.40699995
408    -0.597
409    0.025
410    -1.523
411    3.244
412    2.001
413    2.12
414    1.385
415    3.124
416    0.674
417    1.273
418    1.998
419    0.61700004
420    0.075
421    -0.33599997
422    5.278
423    -0.88199997
424    0.29900002
425    2.348
426    -0.898
427    1.365
428    2.846
429    -2.5939999
430    1.697
431    1.5120001
432    3.257
433    1.021
434    -0.7889999
435    0.089
436    2.075
437    1.1340001
438    1.037
439    1.058
440    1.073
441    1.161
442    1.279
443    1.145
444    1.126
445    1.277
446    1.068
447    1.286
448    2.053
449    1.058
450    1.034
451    1.507
452    1.028
453    1.048
454    1.251
455    1.165
456    1.39
457    1.058
458    1.114
459    2.079
460    1.188
461    2.055
462    1.209
463    1.254
464    1.103
465    1.084
466    1.042
467    4.356
468    1.07
469    1.053
470    -1.158
471    4.288
472    1.0
473    -0.37299997
474    0.572
475    27.449
476    3.26
477    -1.882
478    -0.43299997
479    2.933
480    -3.2919998
481    -0.10899997
482    2.229
483    -0.51199996
484    0.266
485    1.088
486    1.334
487    -1.129
488    -1.619
489    -0.9039999
490    1.02
491    1.098
492    2.038
493    1.497
494    1.126
495    1.494
496    -0.87
497    5.66
498    -5.366
499    1.013
500    0.407
501    -36.934
502    2.261
503    0.35300002
504    -1.681
505    0.119
506    1.119
507    2.804
508    1.1910001
509    1.051
510    -4.792
511    0.62
512    0.040000003
513    -7.582
514    2.108
515    3.114
516    -0.533
517    7.352
518    1.065
519    1.049
520    1.405
521    1.618
522    -0.445
523    0.09
524    3.4190001
525    1.065
526    -3.092
527    1.83
528    4.42
529    2.421
530    -2.651
531    1.058
532    0.455
533    2.574
534    -1.496
535    0.64400005
536    1.69
537    1.469
538    -3.3109999
539    -0.56499994
540    1.238
541    -0.79499996
542    1.25
543    -1.918
544    2.086
545    2.194
546    2.155
547    -0.8679999
548    1.054
549    3.088
550    1.165
551    1.081
552    1.5139999
553    -5.736
554    1.3100001
555    -1.334
556    1.347
557    -1.418
558    1.32
559    2.0240002
560    -0.732
561    4.256
562    9.295
563    0.393
564    2.856
565    2.02
566    1.4690001
567    3.077
568    -0.62399995
569    -6.707
570    -0.81999993
571    5.953
572    2.5640001
573    1.813
574    -0.844
575    -0.53199995
576    -0.20399994
577    -2.634
578    1.035
579    1.8510001
580    1.001
581    -2.803
582    0.6
583    0.35300002
584    -2.667
585    -6.125
586    0.64900005
587    -0.21499997
588    0.29900002
589    2.637
590    -0.799
591    2.5830002
592    3.079
593    -2.572
594    -3.767
595    -1.148
596    1.154
597    2.122
598    -0.574
599    2.1290002
600    0.37600005
601    2.3660002
602    1.135
603    0.915
604    1.2820001
605    0.46800002
606    -4.9319997
607    -0.15299994
608    2.109
609    -2.459
610    0.42100012
611    0.36100003
612    -0.18399996
613    -0.11099994
614    0.595
615    -1.224
616    2.12
617    -0.74099994
618    1.202
619    1.0090001
620    0.88500005
621    3.351
622    -1.929
623    -1.887
624    -0.75199986
625    30.401001
626    -2.197
627    -0.853
628    -6.376
629    -2.7979999
630    -0.9799999
631    -2.837
632    -0.871
633    -1.5649999
634    -2.432
635    94.954
636    -1.61
637    1.7730002
638    -1.712
639    -1.655
640    -1.8039999
641    -3.258
642    0.522
643    1.001
644    -1.8499999
645    -1.817
646    -3.2779999
647    -2.334
648    -4.179
649    -0.020999908
650    -4.127
651    -0.829
652    -1.804
653    -3.3569999
654    -1.844
655    -6.326
656    -1.699
657    -2.934
658    -1.437
659    -4.437
660    -3.464
661    -6.269
662    3.9290001
663    -1.3899999
664    -7.583
665    -2.273
666    -0.538
667    -0.49299997
668    -2.757
669    -0.839
670    0.551
671    2.3430002
672    -2.247
673    -1.4549999
674    -7.7299995
675    -1.648
676    0.074
677    -1.316
678    -0.9749999
679    -3.508
680    4.705
681    -1.944
682    -1.3929999
683    -2.566
684    -0.14899999
685    -0.702
686    -0.8549999
687    -3.542
688    -3.045
689    -0.661
690    -2.3769999
691    -2.122
692    -0.505
693    -2.293
694    0.54800004
695    -1.44
696    -5.16
697    -3.387
698    -1.911
699    -0.775
700    -0.831
701    -1.717
702    -5.086
703    -6.5299997
704    -2.499
705    -1.704
706    -1.641
707    -4.5769997
708    -2.432
709    -2.839
710    -2.025
711    -1.749
712    -1.739
713    -3.409
714    -3.824
715    -1.791
716    0.671
717    -3.164
718    -3.169
719    -2.299
720    -1.5519999
721    -0.574
722    -2.617
723    -2.883
724    -1.896
725    -2.4029999
726    -2.7029998
727    -2.284
728    0.13700001
729    5.708
730    -0.496
731    -0.062999964
732    -9.251
733    -1.6719999
734    -1.851
735    3.461
736    -0.98599994
737    -2.128
738    -2.895
739    -4.074
740    0.374
741    1.049
742    -25.331
743    -2.389
744    0.16700001
745    -2.427
746    -3.4759998
747    0.33900002
748    -9.357
749    -1.615
750    0.47500002
751    -4.917
752    -0.18599999
753    -1.681
754    -2.222
755    -12.882
756    -2.3509998
757    -1.76
758    -0.89
759    -0.49799997
760    -1.155
761    -2.38
762    -2.464
763    -3.086
764    -0.83599997
765    -0.08399987
766    -3.064
767    -3.293
768    -0.911
769    -1.857
770    -2.717
771    0.47300005
772    -0.746
773    0.5220001
774    -6.146
775    -4.943
776    -1.852
777    -0.63899994
778    -2.215
779    -3.1759999
780    -0.6149999
781    -0.79399997
782    -0.1049999
783    -2.092
784    -0.885
785    -0.73899996
786    -0.87
787    -0.51199996
788    -0.88
789    -2.786
790    -0.311
791    -3.171
792    1.728
793    0.194
794    -0.622
795    -0.807
796    -1.2579999
797    -0.815
798    -1.2409999
799    -0.666
800    -0.929
801    -2.066
802    -1.838
803    3.468
804    -0.66699994
805    -1.329
806    -0.879
807    6.641
808    -4.972
809    -5.034
810    -3.511
811    -1.5109999
812    -6.283
813    0.7850001
814    -7.525
815    -1.339
816    -3.118
817    -2.589
818    -0.44599998
819    -0.71
820    -0.53
821    -0.22099996
822    -1.554
823    0.43800002
824    -1.564
825    -0.58299994
826    -1.4289999
827    0.051
828    -1.665
829    -1.569
830    2.507
831    -3.524
832    -1.089
833    -0.14999998
834    -5.734
835    -0.45499998
836    -2.626
837    6.264
838    -1.5239999
839    -0.579
840    1.145
841    -2.9029999
842    6.072
843    -7.052
844    0.2190001
845    -0.47099996
846    1.05
847    -1.46
848    -0.03399998
849    -0.832
850    -0.896
851    -2.098
852    -3.263
853    0.9760001
854    -0.668
855    -0.919
856    2.438
857    1.8100001
858    -1.733
859    -1.815
860    -3.108
861    -1.809
862    1.474
863    -1.821
864    -2.396
865    -1.573
866    -0.635
867    -3.6399999
868    -0.854
869    -1.674
870    0.1
871    -0.325
872    0.91700006
873    -1.829
874    -1.901
875    -0.362
876    -5.784
877    -2.32
878    -0.908
879    -0.914
880    -7.712
881    -0.927
882    -1.5289999
883    -6.392
884    -0.602
885    -4.114
886    -4.4309998
887    0.60300004
888    -1.811
889    3.138
890    -0.34699994
891    -0.20299995
892    -2.432
893    1.221
894    0.66700006
895    -0.877
896    -0.30799997
897    -0.789
898    0.546
899    -0.4059999
900    -1.9399999
901    -1.55
902    2.238
903    -2.4819999
904    -7.2539997
905    -0.695
906    -0.733
907    -1.681
908    -0.63
909    -0.47399998
910    -0.997
911    -2.529
912    -1.775
913    -1.844
914    -2.9099998
915    -1.9679999
916    -0.787
917    0.16000001
918    -0.403
919    -2.053
920    -1.0539999
921    -0.838
922    -0.59599996
923    -1.402
924    -0.912
925    -0.64
926    -1.805
927    -0.826
928    -1.546
929    -1.287
930    -0.038999975
931    -2.354
932    -1.1719999
933    -1.813
934    -1.124
935    -0.837
936    -1.8729999
937    -1.762
938    -1.748
939    -0.769
940    -3.624
941    -5.984
942    -0.856
943    -1.4
944    -3.711
945    36.504
946    0.65400004
947    -0.919
948    1.268
949    4.132
950    1.104
951    -0.623
952    -6.611
953    -3.3669999
954    -2.284
955    -1.69
956    -0.615
957    -2.128
958    -5.88
959    -3.29
960    -0.732
961    2.296
962    -4.344
963    -0.21099997
964    -0.608
965    -0.422
966    -1.4159999
967    -4.228
968    -0.53699994
969    1.588
970    -2.592
971    -5.592
972    -7.038
973    -6.81
974    -6.149
975    -33.584
976    -1.295
977    -6.3719997
978    -4.837
979    -4.342
980    -8.261
981    -2.796
982    -7.377
983    0.8360001
984    -7.951
985    -5.418
986    5.514
987    -8.3619995
988    -21.507
989    0.69200003
990    -1.4979999
991    -2.373
992    -0.914
993    -1.3759999
994    -0.50899994
995    -6.199
996    -14.624
997    -2.264
998    -0.412
999    -0.553
1000    -2.499
1001    -3.221
1002    -5.154
1003    -5.072
1004    1.573
1005    -5.591
1006    -2.235
1007    -1.8
1008    -6.421
1009    -10.653
1010    -0.19099998
1011    -7.289
1012    -7.283
1013    0.16800001
1014    -0.329
1015    -5.301
1016    -7.114
1017    -4.209
1018    -5.343
1019    0.36
1020    -9.213
1021    0.60200006
1022    -6.922
1023    -1.871
1024    0.684
1025    -1.673
1026    -4.491
1027    -7.277
1028    -5.457
1029    -1.568
1030    -1.748
1031    -5.072
1032    -10.452
1033    -0.39199996
1034    0.34800002
1035    -1.617
1036    -1.25
1037    -6.106
1038    -11.791
1039    -1.68
1040    29.706
1041    -6.485
1042    -8.071
1043    -11.022
1044    -2.602
1045    -5.631
1046    -0.556
1047    -8.809999
1048    1.5380001
1049    -7.14
1050    -2.2719998
1051    -2.649
1052    -1.871
1053    0.586
1054    -2.74
1055    -7.023
1056    -0.116999984
1057    -6.304
1058    -0.8119999
1059    -0.732
1060    -1.917
1061    -1.063
1062    -3.28
1063    -3.353
1064    1.251
1065    -0.84099996
1066    26.707
1067    -0.92999995
1068    0.56600004
1069    0.381
1070    -9.921
1071    -5.693
1072    92.681
1073    -3.058
1074    -3.918
1075    3.8860002
1076    1.0910001
1077    -7.042
1078    -6.927
1079    3.863
1080    -5.8599997
1081    -5.993
1082    0.56100005
1083    -6.316
1084    -0.796
1085    -7.475
1086    -4.507
1087    -7.442
1088    -0.11499995
1089    -0.21599996
1090    -2.587
1091    1.485
1092    2.882
1093    -63.077
1094    0.42600003
1095    11.925
1096    -1.863
1097    1.291
1098    -5.614
1099    -4.652
1100    -4.501
1101    -5.696
1102    -1.922
1103    -1.924
1104    -2.069
1105    -6.744
1106    42.936
1107    -5.8129997
1108    -6.027
1109    -8.086
1110    -4.3
1111    -0.48899996
1112    -9.8029995
1113    -6.034
1114    -9.047
1115    -4.101
1116    4.495
1117    -4.83
1118    -6.594
1119    0.48700002
1120    -7.826
1121    -6.651
1122    -5.742
1123    -1.961
1124    -4.69
1125    -2.806
1126    -1.6739999
1127    -3.1269999
1128    2.434
1129    0.11900008
1130    -7.822
1131    -1.2349999
1132    -3.258
1133    -6.716
1134    -8.121
1135    -7.436
1136    -11.384
1137    -6.968
1138    -0.27099997
1139    -9.201
1140    -8.565
1141    -0.7199999
1142    -6.644
1143    4.6940002
1144    -9.863
1145    -0.84599996
1146    -1.811
1147    -7.068
1148    -10.041
1149    -7.901
1150    -25.066
1151    -2.231
1152    -2.748
1153    -6.035
1154    -8.1779995
1155    -7.299
1156    -5.898
1157    -0.6889999
1158    -5.006
1159    0.59800005
1160    0.597
1161    -0.49699998
1162    -2.55
1163    0.91200006
1164    -4.18
1165    -5.12
1166    -1.0209999
1167    -8.116
1168    -7.5889997
1169    -7.578
1170    -6.937
1171    0.003000021
1172    -8.573
1173    0.794
1174    -10.918
1175    -10.632
1176    -4.757
1177    -8.444
1178    -8.467
1179    -5.233
1180    -1.3759999
1181    -9.54
1182    -7.514
1183    -8.802
1184    -8.609
1185    -5.384
1186    -8.43
1187    -7.991
1188    -9.62
1189    0.66400003
1190    -8.071
1191    -5.403
1192    -3.511
1193    -10.457
1194    0.748
1195    -7.351
1196    -9.066
1197    -2.656
1198    3.0700002
1199    -6.189
1200    1.9330001
1201    -1.713
1202    -7.413
1203    -7.625
1204    -10.11
1205    -13.207
1206    1.652
1207    -13.542
1208    0.97300005
1209    1.105
1210    -1.132
1211    -3.488
1212    -7.664
1213    0.90800005
1214    -1.339
1215    -13.91
1216    95.261
1217    1.98
1218    -4.821
1219    -12.196
1220    -7.984
1221    -5.552
1222    -6.6029997
1223    -8.09
1224    2.7940001
1225    -7.127
1226    -9.396
1227    -9.989
1228    -6.573
1229    -5.137
1230    -6.841
1231    -7.8859997
1232    -9.349
1233    51.944
1234    2.226
1235    -9.611
1236    -6.235
1237    -7.192
1238    1.096
1239    -7.08
1240    11.89
1241    -5.654
1242    15.579
1243    -6.592
1244    36.879
1245    -2.5549998
1246    -6.296
1247    -11.2439995
1248    16.96
1249    -5.8789997
1250    -6.834
1251    0.5120001
1252    -6.182
1253    -7.103
1254    -10.72
1255    -6.828
1256    7.989
1257    -9.623
1258    -8.004
1259    0.77400005
1260    -0.29899997
1261    7.287
1262    -9.433
1263    -5.0379996
1264    -6.736
1265    0.68
1266    -4.258
1267    23.242
1268    15.609
1269    -8.264
1270    -6.958
1271    -8.099
1272    -8.207
1273    -7.784
1274    -7.5099998
1275    -8.117
1276    -6.892
1277    1.021
1278    -5.3409996
1279    0.98100007
1280    -8.151
1281    4.662
1282    -8.933
1283    -8.345
1284    1.863
1285    -8.892
1286    -13.174
1287    2.197
1288    -1.4619999
1289    -8.067
1290    -7.009
1291    -6.826
1292    -9.745
1293    3.025
1294    -6.52
1295    -6.592
1296    -7.023
1297    -7.0559998
1298    -9.786
1299    0.588
1300    -7.2139997
1301    -5.878
1302    -0.603
1303    -6.23
1304    -6.865
1305    -7.39
1306    5.775
1307    -12.642
1308    2.18
1309    -0.9189999
1310    -10.434
1311    -8.511
1312    -8.622
1313    -7.567
1314    -0.075999975
1315    -10.501
1316    -11.988
1317    -6.915
1318    -6.43
1319    -12.823
1320    0.67700005
1321    -0.26499987
1322    -7.656
1323    62.536
1324    5.663
1325    -9.029
1326    -7.819
1327    -6.403
1328    -9.901
1329    -9.088
1330    -6.989
1331    -8.249
1332    -9.059999
1333    -6.331
1334    -10.309
1335    -8.022
1336    -2.161
1337    -10.8289995
1338    2.804
1339    -8.214
1340    -6.435
1341    -7.897
1342    -9.217
1343    -4.378
1344    -3.4099998
1345    -7.789
1346    -7.317
1347    -6.074
1348    -8.272
1349    -7.644
1350    -7.325
1351    -0.7069998
1352    -6.505
1353    -6.914
1354    0.717
1355    0.2520001
1356    -6.58
1357    -9.99
1358    -3.689
1359    -7.176
1360    -8.95
1361    -12.156
1362    -9.974
1363    -7.656
1364    -8.773
1365    -11.341
1366    -8.657
1367    -7.737
1368    -6.7869997
1369    -8.27
1370    -7.709
1371    -7.726
1372    -7.793
1373    2.9640002
1374    -1.2739999
1375    -2.227
1376    -9.23
1377    -7.229
1378    16.107
1379    -8.127
1380    -10.103
1381    -8.461
1382    -8.183
1383    -7.098
1384    0.633
1385    -7.437
1386    -6.916
1387    -9.232
1388    -7.457
1389    -8.137
1390    1.815
1391    -10.718
1392    -5.903
1393    3.211
1394    -8.289
1395    1.042
1396    -0.52199996
1397    -8.481
1398    -7.219
1399    6.221
1400    42.111
1401    -5.014
1402    -7.421
1403    -7.636
1404    -8.201
1405    -7.511
1406    -9.168
1407    -0.6919999
1408    -8.268
1409    -9.074
1410    -8.445
1411    10.206
1412    -8.992
1413    -7.625
1414    -8.211
1415    -8.214
1416    -6.25
1417    1.187
1418    -7.631
1419    -7.923
1420    -5.276
1421    0.1960001
1422    -6.894
1423    13.337
1424    -10.97
1425    -9.861
1426    0.67700005
1427    -8.431
1428    -8.74
1429    -7.832
1430    -4.783
1431    -6.878
1432    -7.119
1433    -6.411
1434    3.3470001
1435    -5.957
1436    -8.273
1437    -10.8029995
1438    -7.989
1439    -8.207
1440    -7.74
1441    -5.222
1442    -4.915
1443    -1.9679999
1444    -4.6949997
1445    -6.123
1446    -6.118
1447    -6.99
1448    -2.651
1449    -2.6239998
1450    -9.327
1451    -5.751
1452    -0.14599997
1453    0.18000007
1454    -6.29
1455    -5.9069996
1456    -5.203
1457    -3.6529999
1458    -9.986
1459    11.313
1460    -6.388
1461    -9.903999
1462    -7.1219997
1463    -6.617
1464    11.785
1465    -6.561
1466    -6.84
1467    1.5130001
1468    -8.98
1469    -7.371
1470    36.126
1471    -6.98
1472    -5.179
1473    -4.167
1474    -7.332
1475    6.521
1476    -6.915
1477    -8.576
1478    -6.949
1479    -8.649
1480    -11.011
1481    -6.3859997
1482    -6.296
1483    -12.22
1484    -6.564
1485    -4.818
1486    -9.265
1487    -9.495
1488    -6.687
1489    1.167
1490    7.715
1491    -9.134
1492    -6.148
1493    -8.441
1494    -7.128
1495    -7.175
1496    -8.893
1497    -6.687
1498    -8.558
1499    -8.811
1500    -15.738
1501    -5.138
1502    -9.393
1503    -15.809999
1504    1.2980001
1505    -8.304
1506    -5.855
1507    -1.217
1508    -6.791
1509    -6.119
1510    -6.3199997
1511    -9.004
1512    -6.62
1513    -1.2089999
1514    -8.247
1515    -6.163
1516    -6.398
1517    -8.822
1518    -7.132
1519    -6.408
1520    -7.749
1521    -7.826
1522    -9.159
1523    -6.197
1524    -12.953
1525    -7.488
1526    -6.007
1527    -4.8719997
1528    -7.324
1529    -9.121
1530    -8.801
1531    -0.01699996
1532    1.4590001
1533    -7.805
1534    -7.676
1535    -5.564
1536    14.258
1537    -7.009
1538    -2.5359998
1539    -7.331
1540    -9.027
1541    -6.258
1542    12.445
1543    0.46800005
1544    -7.241
1545    -6.756
1546    -6.694
1547    -5.7679996
1548    -12.141
1549    -8.132
1550    -9.852
1551    -12.039
1552    -7.007
1553    -7.354
1554    -6.468
1555    -9.175
1556    -6.215
1557    -7.386
1558    -7.256
1559    0.53900003
1560    0.558
1561    -9.88
1562    -4.292
1563    -5.994
1564    -4.341
1565    -5.217
1566    -7.265
1567    -6.888
1568    -6.717
1569    -8.957
1570    -8.586
1571    -7.684
1572    -4.818
1573    -7.303
1574    -11.579
1575    -7.3789997
1576    -5.249
1577    -7.878
1578    -5.244
1579    -7.232
1580    -7.233
1581    -7.646
1582    -7.869
1583    -15.936
1584    -10.096
1585    -9.051
1586    -7.23
1587    -8.3289995
1588    -9.652
1589    -8.183
1590    -8.029
1591    -6.696
1592    -12.763
1593    -9.882
1594    -8.624
1595    -15.974
1596    -8.8
1597    -7.109
1598    -8.7
1599    -10.256
1600    -12.795
1601    -7.131
1602    -9.3619995
1603    -9.146
1604    -8.756
1605    -8.6779995
1606    -14.951
1607    -10.839
1608    -12.544
1609    -10.266
1610    -7.0
1611    -14.3
1612    -10.9869995
1613    -4.782
1614    -9.415
1615    -10.067
1616    -8.146
1617    -7.207
1618    -10.618
1619    -10.538
1620    -8.953
1621    -14.212
1622    -17.712
1623    -10.911
1624    -8.748
1625    -7.883
1626    -11.917
1627    -7.729
1628    -13.009
1629    -10.459
1630    -9.795
1631    -6.737
1632    -7.981
1633    -12.771
1634    -8.78
1635    -7.467
1636    -8.68
1637    -5.802
1638    -10.944
1639    -8.750999
1640    -10.854
1641    -4.34
1642    -9.607
1643    -7.955
1644    -8.973
1645    -2.254
1646    -7.736
1647    -10.11
1648    -9.723
1649    -10.778
1650    -9.392
1651    -11.121
1652    5.191
1653    -12.557
1654    -8.084
1655    -9.075
1656    -11.798
1657    -9.2369995
1658    -9.546
1659    -13.103
1660    -7.621
1661    -9.504
1662    -10.801
1663    -6.4939995
1664    -9.675
1665    -14.4
1666    -10.3029995
1667    -7.969
1668    -8.187
1669    -11.594
1670    -12.53
1671    -7.582
1672    -10.54
1673    -13.948
1674    -10.563
1675    -11.255
1676    -6.989
1677    -7.7679996
1678    -8.663
1679    -11.542
1680    -10.059999
1681    -10.035
1682    -9.724
1683    -5.812
1684    -7.473
1685    -9.791
1686    -7.802
1687    -5.259
1688    -12.184
1689    -8.098
1690    -9.865
1691    -10.65
1692    -9.52
1693    -9.469
1694    -14.659
1695    -14.796
1696    -4.212
1697    -7.654
1698    -7.906
1699    -14.361
1700    -12.506
1701    -10.794
1702    -8.912
1703    -8.759
1704    -9.348
1705    -11.906
1706    -10.422
1707    -9.853
1708    -12.201
1709    -9.669
1710    -8.704
1711    -9.557
1712    -9.752
1713    -8.844
1714    -9.616
1715    -8.202
1716    -7.852
1717    -10.666
1718    -8.061
1719    -10.021
1720    -10.748
1721    -12.829
1722    -8.304
1723    -9.841
1724    -8.62
1725    -11.367
1726    -6.711
1727    -11.794
1728    -7.977
1729    -11.684
1730    -9.354
1731    -8.552
1732    -7.965
1733    -13.771999
1734    -12.814
1735    -7.1
1736    -13.031
1737    -7.381
1738    -7.145
1739    -8.182
1740    -6.458
1741    -8.366
1742    -10.401
1743    -13.055
1744    -9.18
1745    -7.532
1746    -8.032
1747    -12.946
1748    -8.203
1749    -10.691
1750    -7.039
1751    -20.254
1752    -10.545
1753    -8.225
1754    -11.792
1755    -9.416
1756    -12.571
1757    -7.793
1758    -8.078
1759    -11.187
1760    -11.08
1761    -7.382
1762    -9.884
1763    -12.402
1764    -7.583
1765    -9.606
1766    -12.000999
1767    -7.818
1768    -7.391
1769    -10.348
1770    -7.85
1771    -8.277
1772    -13.563999
1773    -10.080999
1774    -11.55
1775    -9.271999
1776    -15.7630005
1777    -13.298
1778    -5.219
1779    -11.155
1780    -8.903
1781    -9.859
1782    -1.351
1783    -11.405
1784    -9.218
1785    -8.807
1786    -10.072
1787    -8.239
1788    -12.355
1789    -6.967
1790    -7.689
1791    -8.639
1792    -6.6029997
1793    -10.427
1794    -6.704
1795    -10.241
1796    -9.025
1797    -10.556
1798    -11.248
1799    -9.422
1800    -9.025
1801    -8.861
1802    -8.087
1803    -7.9119997
1804    -11.209
1805    -8.195
1806    -9.762
1807    -7.7799997
1808    -7.4259996
1809    -7.9639997
1810    -11.337
1811    -10.835
1812    -14.042
1813    -12.262
1814    -6.5039997
1815    -9.948999
1816    -7.755
1817    -8.418
1818    -11.969
1819    -12.199
1820    -9.437
1821    -11.374
1822    -10.394
1823    -8.327
1824    -8.824
1825    -7.9639997
1826    -12.019
1827    -8.026
1828    -7.911
1829    -8.429
1830    -6.232
1831    -8.218
1832    -8.062
1833    -10.286
1834    -7.877
1835    -9.577
1836    -8.795
1837    -8.72
1838    -14.955
1839    -11.1449995
1840    -9.652
1841    -8.828
1842    -10.168
1843    -18.987
1844    -7.899
1845    -6.767
1846    -8.149
1847    -8.821
1848    4.0550003
1849    -7.5459995
1850    -7.69
1851    -8.113
1852    -9.137
1853    -10.54
1854    -17.621
1855    -9.967
1856    -8.139
1857    -8.343
1858    1.0
1859    -5.8259997
1860    -9.189
1861    -9.2039995
1862    -8.742
1863    -7.776
1864    -9.057
1865    -8.826
1866    -7.224
1867    -11.2039995
1868    -10.839
1869    -8.34
1870    -9.145
1871    -7.619
1872    -8.012
1873    -11.908
1874    -11.638
1875    -9.836
1876    -9.985
1877    -8.66
1878    -8.673
1879    -27.662
1880    -7.894
