0    -11.032
1    -11.722
2    -11.881
3    -12.253
4    -12.809999
5    -11.386
6    -12.248
7    -12.985
8    -12.003
9    -12.023
10    -12.299
11    -12.19
12    -12.1189995
13    -12.023
14    -8.7369995
15    -10.636
16    -9.962999
17    -12.591
18    -12.007999
19    -10.9869995
20    -12.158
21    -10.208
22    -12.098
23    -11.675
24    -10.972
25    -13.389999
26    -11.608
27    -10.158
28    -11.147
29    -9.892
30    -11.37
31    -11.539
32    -11.539
33    -11.635
34    -12.09
35    -11.276
36    -10.712999
37    -11.006
38    -11.088
39    -10.243
40    -12.027
41    -10.901
42    -10.401999
43    -13.229
44    -12.238
45    -11.146
46    -10.432
47    -13.162
48    -12.087
49    -12.431
50    -10.057
51    -11.248
52    -13.202
53    -9.033
54    -10.868
55    -10.064
56    -10.786
57    -11.17
58    -11.761
59    -10.991
60    -10.614
61    -11.319
62    -9.672
63    -10.846
64    -11.272
65    -8.674
66    -10.103
67    -10.379
68    -10.813
69    -10.705
70    -9.497
71    -11.896
72    -10.933
73    -9.798
74    -9.981
75    -9.403
76    -9.297
77    -11.474
78    -12.04
79    -10.1119995
80    -11.096
81    -10.313
82    -11.375
