0    -4.829
1    2.867
2    1.536
3    1.0
4    7.542
5    13.42
6    25.845
7    21.555
8    12.915
9    18.071
10    49.677002
11    34.951
12    46.707
13    34.457
14    74.091
15    15.155001
16    30.228
17    4.854
18    -34.692
19    9.101
20    6.3380003
21    15.419
22    31.308
23    38.764
24    6.188
25    25.566
26    14.429
27    12.812
28    27.808
29    2.3930001
30    13.7960005
31    10.047
32    64.313
33    1.0
34    13.401
35    6.585
36    10.8
37    12.808001
38    3.947
39    10.003
40    97.418
41    19.082
42    25.354
43    58.18
44    15.88
45    40.299
46    13.925
47    11.639
48    58.537
49    12.473
50    66.187
51    36.7
52    75.153
53    1.19
54    4.586
55    46.734
56    4.814
57    5.82
58    24.268
59    4.671
60    1.47
61    42.685
62    -0.45599997
63    12.406
64    12.495
65    34.736
66    9.038
67    92.232
68    19.424
69    35.556
70    37.995
71    50.3
72    35.704
73    37.971
74    67.353
75    14.52
76    21.7
77    42.234
78    26.023
79    8.1970005
80    24.598
81    22.285
82    33.746
83    12.077
84    16.266
85    11.483
86    15.674
87    9.927
88    8.848
89    12.944
90    4.0820003
91    8.214
92    5.3570004
93    10.736
94    3.542
95    4.1730003
96    8.548
97    12.516
98    41.895
99    10.209
100    1.311
101    6.4110003
102    22.612
103    13.461
104    17.075
105    22.628
106    15.02
107    16.059
108    30.041
109    27.537
110    33.729
111    5.9
112    104.541
113    83.057
114    19.389
115    26.197
116    23.066
117    34.609
118    14.448
119    26.453
120    28.078
121    36.931
122    18.874
123    12.166
124    52.904
125    23.954
126    1.9550002
127    62.001
128    25.464
129    53.619
130    63.274002
131    -10.025
132    9.922
133    19.068
134    11.042
135    -5.219
136    10.981
137    -1.545
138    23.338
139    5.412
140    11.508
141    7.094
142    41.324
143    48.146
144    51.577
145    9.739
146    7.19
147    8.097
148    17.46
149    8.039
150    -8.924
151    -0.7329998
152    -1.4259999
153    -14.5859995
154    -15.975
155    16.659
156    36.376
157    0.36300015
158    23.528
159    27.23
160    21.346
161    28.983
162    21.498001
163    26.838
164    23.417
165    25.202
166    66.255
167    30.129
168    43.053
169    35.941
170    52.367
171    14.523
172    19.44
173    29.688
174    28.426
175    18.996
176    47.317
177    20.792
178    17.144001
179    26.456
180    16.516
181    35.727
182    26.742
183    22.332
184    32.484
185    29.828
186    36.157
187    48.265
188    19.122
189    22.817
190    36.753
191    26.242
192    22.337
193    14.18
194    33.227
195    11.629
196    19.308
197    25.834
198    21.807
199    25.414
200    14.295
201    23.0
202    15.036
203    26.851
204    20.871
205    7.967
206    16.57
207    33.805
208    12.507
209    18.167
210    31.694
211    27.548
212    15.935
213    24.137001
214    18.667
215    21.325
216    21.025
217    16.771
218    15.2
219    12.911
220    11.563
221    48.63
222    23.909
223    30.61
224    24.743
225    26.312
226    28.996
227    37.711
228    95.933
229    76.351
230    6.691
231    19.505001
232    28.936
233    5.2
234    29.514
235    16.892
236    19.242
237    15.049
238    12.406
239    19.174
240    11.551001
241    -12.125
242    23.652
243    17.778
244    4.9220004
245    17.741001
246    71.031
247    34.07
248    84.666
249    35.646
250    14.107
251    11.368
252    17.263
253    20.272
254    87.268
255    20.9
256    14.045
257    16.773
258    33.236
259    69.773
260    8.665
261    12.824
262    6.4610004
263    8.916
264    17.213
265    21.051
266    34.348
267    3.48
268    10.287001
269    16.829
270    11.712
271    71.611
272    21.433
273    10.914
274    21.878
275    25.9
276    12.544001
277    2.4050002
278    46.621
279    6.19
280    6.098
281    14.397
282    0.94200015
283    40.793
284    7.289
285    25.492
286    7.51
287    21.878
288    15.395
289    -2.847
290    8.151
291    7.2700005
292    23.703
293    13.775
294    92.349
295    13.417
296    0.8330002
297    4.533
298    2.5330002
299    1.5390003
300    7.043
301    35.085
302    12.67
303    32.968
304    12.791
305    3.295
306    33.44
307    -6.092
308    6.018
309    6.085
310    39.469
311    79.955
312    7.052
313    26.897
314    27.532
315    26.112
316    23.225
317    8.624001
318    11.475
319    13.58
320    -1.5109999
321    35.825
322    -5.06
323    34.375
324    10.684
325    22.879
326    9.109
327    3.0500002
328    58.193
329    -1.7939999
330    31.742
331    29.023
332    33.107
333    1.7670002
334    9.229
335    39.691
336    20.281
337    25.05
338    12.195
339    38.35
340    32.795
341    27.57
342    13.475
343    60.751
344    53.071
345    -11.797
346    37.582
347    18.788
348    9.909
349    5.281
350    14.52
351    54.841
352    33.005
353    25.938
354    11.086
355    13.092
356    18.83
357    -2.731
358    10.474
359    -6.008
360    19.626
361    4.6140003
362    3.006
363    8.360001
364    26.309
365    10.177
366    -2.4529998
367    10.032
368    27.235
369    12.299
370    20.564
371    24.986
372    -17.536999
373    13.199
374    3.877
375    9.565001
376    4.21
377    6.806
378    7.5200005
379    3.276
380    11.786
381    23.103
382    9.221001
383    -22.567
384    -9.414
385    1.7020001
386    17.03
387    24.342
388    6.6850004
389    0.046000004
390    8.424
391    70.461
392    27.619
393    -5.694
394    7.868
395    11.094
396    7.451
397    3.598
398    1.3110001
399    -1.6529999
400    85.231
401    69.117
402    22.838001
403    10.599
404    57.974
405    15.523001
406    20.922
407    33.199
408    37.445
409    21.076
410    5.712
411    36.449
412    24.179
413    48.65
414    9.113
415    49.378
416    14.526
417    22.075
418    6.132
419    8.218
420    9.33
421    15.561
422    14.099
423    7.588
424    1.1680001
425    6.52
426    3.8930001
427    28.423
428    11.195
429    1.0
430    1.0
431    7.623
432    19.395
433    13.117001
434    30.533
435    26.033
436    20.95
437    31.019001
438    103.453
439    102.786
440    1.0
441    1.0
442    19.082
443    17.533
444    12.814
445    25.846
446    43.13
447    14.904
448    68.931
449    16.511
450    9.115
451    16.72
452    33.003
453    52.072
454    32.415
455    25.811
456    12.873
457    38.677002
458    0.06000018
459    102.214
460    23.524
461    27.101
462    20.347
463    68.132
464    11.74
465    15.56
466    1.2710001
467    13.557
468    2.067
469    13.769
470    12.95
471    31.126
472    13.048
473    23.961
474    14.1
475    17.711
476    4.7990003
477    25.929
478    7.546
479    5.4490004
480    1.1930001
481    11.228001
482    19.577
483    8.948
484    5.066
485    38.057
486    21.438
487    21.154
488    16.72
489    22.323
490    14.983
491    49.04
492    10.955
493    38.599
494    40.603
495    37.802002
496    15.074
497    27.84
498    14.599
499    15.153
500    54.761
501    32.504
502    15.003
503    12.402
504    15.628
505    10.296
506    24.396
507    18.272
508    19.795
509    28.605
510    78.972
511    12.927
512    21.928
513    41.657
514    16.817
515    14.561
516    20.302
517    10.442
518    16.444
519    10.802
520    8.108
521    1.0
522    11.236
523    23.404
524    6.6070004
525    8.252
526    44.128
527    6.005
528    41.508
529    36.773
530    28.769001
531    65.592
532    3.976
533    6.877
534    40.885002
535    32.046
536    40.744
537    34.959
538    42.617
539    1.0
540    22.137001
541    2.9850001
542    39.982
543    15.171
544    21.588
545    24.609
546    13.558001
547    16.555
548    101.723
549    32.587
550    10.101
551    38.774002
552    30.016
553    7.341
554    10.031
555    7.068
556    29.177
557    34.818
558    0.97800004
559    27.851
560    34.187
561    1.0
562    3.7220001
563    30.024
564    8.332
565    30.45
566    5.414
567    22.585
568    32.961
569    48.017
570    19.875
571    50.007
572    15.52
573    33.031
574    33.659
575    48.187
576    71.442
577    19.506
578    30.329
579    43.882
580    19.956
581    13.587
582    33.02
583    30.274
584    44.937
585    32.323
586    34.063
587    1.368
588    29.603
589    7.9960003
590    3.094
591    1.0410001
592    6.363
593    3.9880002
594    1.0
595    1.0
596    1.0
597    1.0
598    1.0
599    1.0
600    1.0
601    1.0
602    1.0
603    1.0
604    1.0
605    1.0
606    1.0
607    1.0
608    1.0
609    1.0
610    1.0
611    1.0
612    1.0
613    1.0
614    1.0
615    1.0
616    1.0
617    1.0
618    1.0
619    1.0
620    1.0
621    1.0
622    1.0
623    1.0
624    1.0
625    1.0
626    1.0
627    1.0
628    1.0
629    1.0
630    1.0
631    1.0
632    1.0
633    1.0
634    1.0
635    1.0
636    1.0
637    1.0
638    9.72
639    38.076
640    1.0
641    73.819
642    1.0
643    1.0
644    1.0
645    1.0
646    1.0
647    1.0
648    22.543
649    -0.40199995
650    13.377
651    1.0
652    1.0
653    1.0
654    1.0
655    1.0
656    1.0
657    1.0
658    1.0
659    3.098
660    0.94200003
661    1.0
662    1.0
663    1.0
664    16.086
665    15.325
666    1.0
667    1.0
668    13.464001
669    1.4900002
670    9.42
671    9.757
672    8.236
673    7.979
674    6.7440004
675    3.559
676    -1.1179998
677    8.749001
678    6.2000003
679    -2.8069997
680    1.052
681    -4.319
682    -1.2879996
683    -2.79
684    -5.397
685    -4.9729996
686    -2.201
687    -3.264
688    1.5210001
689    -10.836
690    -3.1519997
691    -1.691
692    -0.72699976
693    -10.5859995
694    -6.7089996
695    -2.978
696    -24.561
697    -1.5219998
698    -23.873
699    -28.986
700    -10.547
701    -12.052
702    -3.3879998
703    -14.341
704    -1.6459999
705    1.6020002
706    1.1450002
707    -14.202
708    -19.815
709    -3.1669998
710    -6.146
711    -12.472
712    -7.2559996
713    -7.7279997
714    -11.9939995
715    3.7110002
716    -0.75
717    -45.81
718    2.3890002
719    -15.392
720    0.1650002
721    0.7450001
722    2.6120002
723    -7.97
724    -9.271999
725    1.4790001
726    -9.7439995
727    3.818
728    -8.16
729    3.4120002
730    -10.216
731    1.5560001
732    5.859
733    6.079
734    2.858
735    2.725
736    2.5970001
737    1.0
738    -3.097
739    -1.4079998
740    -6.2139997
741    -1.7329998
742    -0.6839998
743    2.12
744    -41.211
745    2.479
746    1.5760001
747    2.0
748    1.0
749    -3.645
750    -1.0129998
751    3.1460001
752    -6.3999996
753    1.9330001
754    6.7370005
755    4.2980003
756    1.0
757    3.5100002
758    1.4190001
759    -4.409
760    3.4150002
761    1.0
762    2.784
763    1.0
764    2.7470002
765    1.9720001
766    1.2040002
767    44.444
768    2.125
769    -3.6029997
770    -5.771
771    2.3680003
772    12.662
773    27.197
774    10.031
775    57.88
776    -3.185
777    1.0
778    55.760002
779    3.52
780    4.065
781    4.4560003
782    44.677002
783    5.051
784    10.025
785    5.0880003
786    46.966
787    3.0970001
788    25.441
789    -17.726
790    21.099
791    7.952
792    30.642
793    6.403
794    16.894001
795    2.9610002
796    6.031
797    8.93
798    21.881
799    13.767
800    9.994
801    25.976
802    9.055
803    -7.429
804    4.0080004
805    8.818
806    -5.842
807    10.39
808    -5.078
809    -1.8909998
810    1.0
811    8.982
812    20.076
813    2.3000002
814    -4.391
815    9.195
816    1.0
817    -53.55
818    59.445
819    11.002
820    11.39
821    41.083
822    10.048
823    9.608
824    -1.706
825    2.5290003
826    51.505
827    46.854
828    15.122
829    -4.139
830    12.1970005
831    15.869
832    -8.576
833    -7.75
834    2.923
835    6.881
836    39.252
837    -2.074
838    2.403
839    0.13600016
840    5.549
841    10.724
842    46.102
843    6.094
844    -26.348
845    -2.8709998
846    9.044
847    11.287
848    4.859
849    2.3560002
850    -10.91
851    12.57
852    5.2650003
853    36.616
854    7.106
855    0.7370001
856    -5.597
857    0.5180001
858    -6.773
859    28.373001
860    -4.217
861    -0.97399974
862    6.1070004
863    6.3050003
864    7.054
865    1.0
866    49.155
867    -8.759
868    1.0
869    -5.878
870    6.0150003
871    4.997
872    -55.252
873    -3.8729997
874    71.538
875    4.504
876    1.0830002
877    26.852001
878    4.592
879    12.208
880    42.268
881    -7.693
882    -2.671
883    4.557
884    3.953
885    -10.9279995
886    4.321
887    44.398
888    -0.25299978
889    0.18000007
890    11.58
891    7.0690002
892    5.645
893    4.024
894    2.204
895    4.291
896    4.847
897    6.714
898    1.0
899    6.3310003
900    1.3160001
901    4.118
902    35.632
903    3.8100002
904    8.2560005
905    3.341
906    1.4830003
907    4.04
908    -1.046
909    2.1420002
910    2.0110002
911    1.0
912    9.142
913    28.86
914    -9.455
915    2.9850001
916    15.375
917    5.432
918    -4.068
919    6.994
920    -34.475
921    2.624
922    4.768
923    2.854
924    -10.544
925    2.917
926    -8.747999
927    0.8870001
928    -3.485
929    1.6530001
930    2.731
931    9.732
932    -20.843
933    3.8030002
934    -1.0809999
935    1.0
936    3.7960002
937    -3.1499999
938    4.109
939    1.149
940    20.177
941    1.0
942    -15.9
943    3.56
944    38.75
945    33.784
946    3.298
947    2.4770002
948    -0.027999878
949    30.731
950    3.328
951    -0.48199987
952    3.634
953    -8.879
954    3.743
955    -22.973
956    8.909
957    -6.3809996
958    -9.483
959    9.991
960    23.481
961    0.90700006
962    3.9980001
963    1.4860001
964    2.841
965    -7.93
966    0.89900005
967    -7.1449995
968    22.186
969    1.0
970    -0.95799994
971    1.0
972    2.1520002
973    -2.741
974    -37.666
975    23.94
976    2.762
977    -16.899
978    -12.973
979    5.337
980    2.7
981    2.716
982    31.087
983    4.669
984    2.4870002
985    -5.351
986    -8.264999
987    52.637
988    2.46
989    4.606
990    -4.657
991    -12.846
992    -11.148
993    2.595
994    2.7070003
995    -43.419
996    5.886
997    1.0
998    -9.073999
999    3.446
1000    4.512
1001    -28.432
1002    0.6850002
1003    -9.747999
1004    5.394
1005    3.8320003
1006    -9.624
1007    4.549
1008    2.2770002
1009    5.448
1010    1.6630001
1011    -11.363
1012    1.7290001
1013    -23.25
1014    2.7600002
1015    1.0630002
1016    -2.0829997
1017    1.7060001
1018    -11.774
1019    0.78100014
1020    -2.87
1021    -21.874
1022    3.6130002
1023    -13.986
1024    3.974
1025    -8.968
1026    0.76600003
1027    -4.4779997
1028    -1.823
1029    3.532
1030    -4.979
1031    2.5310001
1032    5.6280003
1033    0.5630001
1034    -19.914999
1035    1.7440001
1036    -5.741
1037    -3.2859998
1038    -0.5849999
1039    1.241
1040    -4.154
1041    5.667
1042    3.4750001
1043    -0.21699989
1044    -19.32
1045    -0.3929999
1046    26.806
1047    1.9210001
1048    3.9770002
1049    -2.126
1050    3.7470002
1051    -0.44099998
1052    2.2450001
1053    3.661
1054    -40.081
1055    -0.4729998
1056    -0.17199993
1057    1.046
1058    -2.958
1059    -7.588
1060    -1.227
1061    0.63600004
1062    10.188
1063    -3.951
1064    4.01
1065    4.236
1066    5.059
1067    0.9380001
1068    0.86500025
1069    3.7220001
1070    1.049
1071    7.096
1072    1.728
1073    -8.309999
1074    -15.493
1075    2.5560002
1076    -7.5559998
1077    2.377
1078    -20.25
1079    -25.663
1080    8.284
1081    0.82500005
1082    5.724
1083    1.1200001
1084    -0.3399999
1085    2.904
1086    1.623
1087    -16.659
1088    2.832
1089    0.63300014
1090    -19.353
1091    4.576
1092    21.453
1093    -8.429
1094    -8.416
1095    -8.6119995
1096    -7.21
1097    -2.172
1098    1.5550001
1099    -7.501
1100    1.0
1101    5.256
1102    2.5770001
1103    -0.75199986
1104    4.4430003
1105    3.8130002
1106    -40.216
1107    0.5640001
1108    -10.472
1109    3.2640002
1110    -10.444
1111    -8.11
1112    -11.806
1113    0.75900006
1114    4.951
1115    2.158
1116    -1.0639999
1117    -7.2139997
1118    1.7440002
1119    1.7590001
1120    -5.516
1121    4.969
1122    -11.407
1123    4.459
1124    -1.3979998
1125    4.505
1126    -11.528
1127    -10.429
1128    13.681
1129    9.606
1130    -0.034999847
1131    -0.23999977
1132    0.1650002
1133    -0.37599993
1134    -1.5939999
1135    1.296
1136    -14.3880005
1137    1.47
1138    -2.0099998
1139    -9.716
1140    -7.645
1141    0.24700022
1142    5.517
1143    2.459
1144    4.6280003
1145    -14.004999
1146    -1.708
1147    2.3090003
1148    4.802
1149    -1.3959999
1150    -2.047
1151    4.811
1152    -12.739
1153    -12.573
1154    2.2280002
1155    -18.776
1156    -12.25
1157    -2.8049998
1158    -8.725
1159    -10.307
1160    -6.639
1161    4.551
1162    24.392
1163    -11.145
1164    -3.5489998
1165    16.159
1166    3.598
1167    19.139
1168    16.461
1169    5.3570004
1170    3.6810002
1171    -6.456
1172    4.729
1173    16.74
1174    3.0160003
1175    -12.039
1176    3.9020002
1177    7.1990004
1178    -1.5929999
1179    -9.457
1180    -0.97099996
1181    -15.791
1182    -9.35
1183    -0.40899992
1184    -13.905
1185    5.9750004
1186    23.065
1187    4.3620005
1188    -8.6189995
1189    -8.374
1190    1.7240001
1191    23.725
1192    -16.139
1193    -17.015999
1194    -0.10399985
1195    -11.177
1196    46.66
1197    -0.04399991
1198    -17.586
1199    1.6430001
1200    3.6230001
1201    7.5290003
1202    -2.4589999
1203    0.7980001
1204    2.927
1205    2.1100001
1206    6.11
1207    -1.2959999
1208    -1.0859997
1209    4.2700005
1210    1.1600001
1211    -1.9469999
1212    0.97700024
1213    -4.007
1214    23.084
1215    12.434
1216    10.911
1217    5.191
1218    11.161
1219    0.5860001
1220    2.277
1221    -3.5289998
1222    1.5340002
1223    -0.09199989
1224    1.5610001
1225    3.4580002
1226    4.855
1227    3.946
1228    -7.6
1229    -0.6889999
1230    2.9750001
1231    -14.122999
1232    0.38300014
1233    -2.9099998
1234    4.2190003
1235    36.047
1236    4.148
1237    -2.8569999
1238    3.183
1239    0.013000011
1240    -0.83299994
1241    -19.087
1242    -23.963
1243    1.9460001
1244    -18.536
1245    17.718
1246    1.3700001
1247    2.4010003
1248    -1.171
1249    -7.3599997
1250    0.40800023
1251    -0.23599982
1252    3.568
1253    17.626
1254    -0.13799989
1255    31.325
1256    -12.245
1257    1.5700002
1258    5.237
1259    48.125
1260    -5.617
1261    -2.692
1262    -0.94299984
1263    3.273
1264    1.572
1265    1.4740001
1266    -1.7459999
1267    1.5760002
1268    3.0100002
1269    1.194
1270    2.407
1271    -1.9389999
1272    2.286
1273    7.394
1274    60.968
1275    1.1030002
1276    -9.707
1277    51.803
1278    -2.6969998
1279    -16.852
1280    3.25
1281    2.5900002
1282    39.849
1283    2.121
1284    2.183
1285    13.9470005
1286    -8.985
1287    -2.8719997
1288    0.8620001
1289    -7.9849997
1290    -0.07999992
1291    7.089
1292    1.444
1293    -1.438
1294    -10.912
1295    -12.893
1296    25.679
1297    -3.7289999
1298    -17.027
1299    -34.825
1300    -2.867
1301    2.305
1302    3.654
1303    1.536
1304    -0.5129998
1305    -11.976999
1306    -3.419
1307    -2.0579998
1308    -4.4659996
1309    -39.112
1310    2.1290002
1311    0.32900023
1312    -8.373
1313    -1.8889999
1314    33.154
1315    3.0530002
1316    -18.855999
1317    -20.129
1318    -1.589
1319    -0.5159999
1320    -15.767
1321    -5.413
1322    -1.5179999
1323    0.49300003
1324    -2.1929998
1325    0.08400011
1326    3.391
1327    -1.9589999
1328    -9.264999
1329    3.051
1330    3.351
1331    1.0070002
1332    -5.411
1333    -4.8389997
1334    -0.6359999
1335    -3.4359999
1336    0.5680001
1337    -3.894
1338    13.367001
1339    -9.748
1340    9.759
1341    0.9900001
1342    -3.935
1343    -2.916
1344    -1.4529998
1345    3.4900002
1346    -0.051999807
1347    -1.039
1348    1.6910002
1349    -9.111
1350    -5.99
1351    0.31700015
1352    -45.279
1353    -0.34099984
1354    4.379
1355    -5.987
1356    -2.3969998
1357    -9.309999
1358    -3.804
1359    3.364
1360    -18.443
1361    -0.801
1362    -2.455
1363    1.3950001
1364    -13.128
1365    0.5530002
1366    -6.2629995
1367    -3.133
1368    -13.639
1369    2.045
1370    -1.6199999
1371    -2.478
1372    11.772
1373    -4.771
1374    -0.14799994
1375    -13.787
1376    0.28600025
1377    1.756
1378    -23.081
1379    0.48300004
1380    -0.10799998
1381    -3.3579998
1382    1.608
1383    -4.83
1384    0.947
1385    -20.140999
1386    2.719
1387    -8.644
1388    3.344
1389    -14.393
1390    3.1840003
1391    -2.816
1392    0.12600017
1393    0.3590002
1394    0.7290001
1395    5.38
1396    0.50600004
1397    -5.607
1398    1.608
1399    -5.705
1400    0.32200027
1401    -8.35
1402    3.351
1403    -2.7129998
1404    6.0290003
1405    -14.006
1406    -10.377
1407    2.2770002
1408    1.9870002
1409    -6.621
1410    0.6980002
1411    -6.159
1412    1.411
1413    2.414
1414    0.39100003
1415    -8.047
1416    1.8950002
1417    -9.667999
1418    -12.507999
1419    -1.696
1420    -0.20899987
1421    -20.303
1422    2.302
1423    0.9560001
1424    -1.566
1425    -2.504
1426    1.4810002
1427    -3.622
1428    -16.187
1429    7.0230007
1430    1.519
1431    2.2010002
1432    -11.586
1433    1.4840002
1434    -10.827
1435    -12.686
1436    -12.205999
1437    -3.7659998
1438    3.7040002
1439    -3.1939998
1440    -5.5319996
1441    -5.389
1442    -0.86899996
1443    -14.164
1444    -7.199
1445    -5.869
1446    -12.54
1447    2.302
1448    1.3760002
1449    2.2350001
1450    -0.49199986
1451    -7.783
1452    1.8720002
1453    -2.4819999
1454    1.2810001
1455    0.818
1456    -2.9819999
1457    1.5330002
1458    -0.11199975
1459    0.60000014
1460    1.4690001
1461    2.121
1462    -1.6539998
1463    2.1720002
1464    -2.62
1465    -5.015
1466    -16.35
1467    -1.5209999
1468    -0.22399998
1469    -5.701
1470    3.2070003
1471    2.2250004
1472    -10.48
1473    -7.51
1474    -1.3829999
1475    1.8240001
1476    4.169
1477    -7.804
1478    0.8000002
1479    3.0220003
1480    -3.2139997
1481    -11.021999
1482    -3.931
1483    -15.9470005
1484    -8.969
1485    -3.5489998
1486    1.0860004
1487    0.8570001
1488    -0.46599984
1489    -13.217
1490    1.5560002
1491    1.1680002
1492    -2.3539999
1493    1.302
1494    0.47200012
1495    2.749
1496    1.404
1497    3.446
1498    0.2650001
1499    0.075000286
1500    -0.43099988
1501    1.6110001
1502    0.7110002
1503    -0.055999756
1504    2.039
1505    1.0
1506    1.0
1507    1.513
1508    1.0
1509    1.0
