0    -20.297
1    -20.306
2    -20.308
3    -20.321
4    -20.306
5    -20.294
6    -20.275
7    -20.357
8    -20.315
9    -20.281
10    -20.299
11    -20.279
12    -20.288
13    -20.315
14    -20.329
15    -20.31
16    -20.295
17    -20.24
18    -20.265
19    -20.296
20    -20.293
21    -20.291
22    -20.327
23    -20.273
24    -20.301
25    -20.317
26    -20.282
27    -20.255
28    -20.234
29    -20.314
30    -20.332
31    -20.297
32    -19.304
33    -20.324
34    -20.318
35    -20.269
36    -20.346
37    -20.308
38    -20.328
39    -20.327
40    -20.34
41    -20.303
42    -20.316
43    -20.291
44    -20.305
