0    -27.304
1    -28.826
2    -28.841
3    -28.239
4    -28.072
5    -28.258
6    -27.603
7    -27.4
8    -26.175
9    -8.085
10    -7.967
11    -8.136
12    -5.5109997
13    -7.821
14    -8.287
15    -6.18
16    -6.8269997
17    -7.762
18    -5.814
19    -5.863
20    -6.64
21    -7.113
22    -7.834
23    -9.482
24    -3.179
25    -6.767
26    -4.848
27    -8.2
28    -7.65
29    -28.98
30    -28.467
31    -28.559
32    -28.385
33    -28.742
34    -28.638
35    -28.64
36    -26.491
37    -26.383
38    -28.357
39    -28.525
40    -27.480999
41    -28.317
42    -27.131
43    -28.56
44    -28.335
45    -27.357
46    -28.494
47    -27.962
48    -27.578
49    -26.622
50    -28.636
51    -27.413
52    -58.6
53    -28.483
54    -58.703
55    -28.354
56    -58.439
57    -28.222
58    -59.832
59    -28.509
60    -57.474
61    -28.722
62    -28.668
63    -27.722
64    -27.734
65    -58.798
66    -28.333
67    -58.683
68    -28.567
69    -57.953
70    -28.783
71    -58.828
72    -27.9
73    -58.591
74    -27.583
75    -58.869
76    -28.851
77    -58.374
78    -28.507
79    -28.266
80    -58.747
81    -58.663
82    -28.442
83    -58.39
84    -28.867
85    -58.547
86    -28.407999
87    -58.413
88    -28.763
89    -58.601
90    -28.235
91    -58.405
92    -28.487999
93    -58.815
94    -26.515
95    -28.752
96    -58.444
97    -58.021
98    -28.178
99    -58.706
100    -28.982
101    -58.033
102    -27.715
103    -64.52
104    -34.475
105    -64.614
106    -34.347
107    -64.6
108    -64.401
109    -33.58
110    -64.398
111    -34.37
112    -64.367
113    -34.259
114    -64.294
115    -34.514
116    -63.211998
117    -34.493
118    -64.395
119    -34.614
120    -64.249
121    -34.267
122    -64.257
123    -33.336998
124    -64.419
125    -34.368
126    -64.612
127    -33.777
128    -64.844
129    -32.72
130    -34.68
131    -64.605
132    -34.175
133    -63.678
134    -34.608
135    -64.494
136    -34.348
137    -64.377
138    -34.542
139    -64.182
140    -32.45
141    -64.506
142    -34.479
143    -64.447
144    -34.67
145    -63.577
146    -33.922
147    -63.792
148    -34.63
149    -65.572
150    -33.706
151    -64.351
152    -34.268
153    -64.006
154    -34.374
155    -64.584
156    -34.315
157    -64.36
158    -34.341
159    -65.058
160    -33.523
161    -65.443
162    -33.436
163    -63.273
164    -32.236
165    -64.66
166    -34.8
167    -63.666
168    -33.761
169    -64.864
170    -34.366
171    -64.0
172    -33.229
173    -64.354
174    -34.327
175    -63.687
176    -33.806
177    -64.132
178    -34.071
179    -63.511
180    -34.015
181    -64.705
182    -34.783
183    -64.686
184    -34.255
185    -64.154
186    -34.467
187    -64.061
188    -33.481
189    -64.669
190    -33.746
191    -62.964
192    -34.324
193    -64.288
194    -34.13
195    -64.415
196    -32.939
197    -64.265
198    -34.258
199    -65.399
200    -34.605
201    -64.561
202    -33.322998
203    -64.632
204    -34.244
205    -63.024
206    -33.033
207    -62.936
208    -34.425
209    -64.288
210    -34.631
211    -63.349
212    -33.668
213    -63.938
214    -33.793
215    -64.128
216    -34.671
217    -64.368
218    -34.339
219    -64.574
220    -33.697
221    -64.368
222    -34.342
223    -64.331
224    -33.548
225    -64.354
226    -34.349
227    -68.209
228    -69.362
229    -69.33
230    -67.418
231    -68.765
232    -69.041
233    -68.387
234    -69.368
235    -69.086
236    -69.434
237    -39.197998
238    -69.145
239    -39.539
240    -69.138
241    -38.246
242    -69.398
243    -39.025
244    -68.283
245    -69.514
246    -39.505
247    -69.083
248    -38.95
249    -67.549
250    -39.287
251    -68.644
252    -38.274
253    -67.793
254    -38.572
255    -64.516
256    -34.468
257    -64.516
258    -34.014
259    -64.371
260    -33.171
261    -63.369
262    -63.369
263    -34.406
264    -34.486
265    -63.254
266    -63.345
267    -34.04
268    -64.381
269    -66.587
270    -33.762
271    -64.461
272    -27.83
273    -28.732
274    -32.075
275    -31.756
276    -31.601
277    -32.884
278    -32.915
279    -32.286
280    -31.827
281    -32.53
282    -32.559
283    -32.604
284    -32.463
285    -31.832
286    -47.223
287    -54.694
288    -52.924
289    -55.238
290    -54.277
291    -55.103
292    -55.135
293    -55.072998
294    -54.564
295    -54.456
296    -53.236
297    -55.035
298    -55.03
299    -54.479
300    -55.211998
301    -55.187
302    -55.123
303    -54.206
304    -54.977
305    -55.057
306    -55.132
307    -53.992
308    -54.392
309    -55.259
310    -55.249
311    -54.018
312    -56.206
313    -54.966
314    -54.898
315    -56.081
316    -55.982
317    -56.199
318    -56.431
319    -56.313
320    -55.207
321    -55.839
322    -42.999
323    -55.982
324    -42.063
325    -51.314
326    -43.315
327    -42.409
328    -43.231
329    -43.112
330    -43.192
331    -56.333
332    -42.997
333    -54.167
334    -43.063
335    -56.186
336    -42.519
337    -55.989
338    -43.243
339    -56.101
340    -42.259
341    -55.898
342    -51.38
343    -43.367
344    -56.188
345    -43.499
346    -56.497
347    -42.541
348    -56.03
349    -50.386
350    -43.315998
351    -56.033
352    -43.511
353    -53.961
354    -43.533
355    -54.994
356    -50.983
357    -43.561
358    -56.156
359    -41.528
360    -55.989
361    -43.046
362    -51.076
363    -55.363
364    -43.495
365    -55.378
366    -43.446
367    -56.245
368    -43.386
369    -51.011
370    -56.324
371    -43.171
372    -56.362
373    -43.179
374    -55.099
375    -51.042
376    -43.612
377    -56.133
378    -43.275
379    -55.882
380    -43.377
381    -55.943
382    -51.501
383    -43.401
384    -55.921
385    -43.381
386    -55.436
387    -51.131
388    -43.336998
389    -42.266
390    -55.947998
