0    -11.167
1    -11.162
2    -12.106
3    -11.17
4    -4.968
5    -4.9779997
6    -2.427
7    -11.217
8    -11.048
9    -11.175
10    -11.058
11    -11.066
12    -10.138
13    -11.054
14    -11.108
15    -11.108
16    -11.225
17    -10.111
18    -11.09
19    -11.137
20    -11.085
21    -11.223
22    -11.102
23    -11.186
24    -11.08
25    -11.183
26    -11.105
27    -11.199
28    -12.191
29    -12.167
30    -12.118
31    -12.1119995
32    -11.094
33    -12.027
34    -11.027
35    -14.078
36    -12.154
37    -12.085
38    -12.111
39    -12.007
40    -12.017
41    -12.066
42    -11.03
43    -12.11
44    -12.124
45    -12.035
46    -12.046
47    -12.123
48    -12.12
