0    -2.421
1    -2.3969998
2    -2.429
3    -2.396
4    -2.42
5    -2.396
6    -2.444
7    -2.424
8    -2.362
9    -2.432
10    -2.412
11    -2.398
12    -2.418
13    -2.3509998
14    -2.373
15    -2.4229999
16    -2.3839998
17    -2.394
18    -2.387
19    -2.3969998
20    -2.387
21    -2.424
22    -2.391
23    -2.428
24    -2.422
25    -2.422
26    -2.4029999
27    -2.4229999
28    -2.361
29    -2.432
30    -2.409
31    -2.379
32    -2.402
33    -2.37
34    -2.4
35    -2.417
36    -2.396
37    -2.439
38    -2.398
39    -2.395
40    -2.386
41    -2.389
42    -2.431
43    -2.415
44    -2.4429998
45    -2.432
46    -2.379
47    -2.387
48    -2.427
49    -2.4029999
50    -2.382
51    -2.401
52    -2.418
53    -2.399
54    -2.434
55    -2.395
56    -2.411
57    -2.405
58    -2.432
59    -2.437
60    -2.419
61    -2.425
62    -2.401
63    -2.389
64    -2.412
65    -2.4299998
66    -2.427
67    -2.448
68    -2.407
69    -2.424
70    -2.408
71    -2.391
72    -2.4429998
73    -2.412
74    -2.434
75    -2.3769999
76    -2.3639998
77    -2.432
78    -2.414
79    -2.395
80    -2.387
81    -2.426
82    -2.394
83    -2.416
84    -2.392
85    -2.433
86    -2.451
87    -2.447
88    -2.412
89    -2.428
90    -2.421
91    -2.439
92    -2.374
93    -2.437
94    -2.417
95    -2.401
96    -2.385
97    -2.439
98    -2.417
99    -2.4689999
100    -2.402
101    -2.379
102    -2.42
103    -2.392
104    -2.433
105    -2.417
106    -2.42
107    -2.417
108    -2.421
109    -2.418
110    -2.466
111    -2.393
112    -2.424
113    -2.4
114    -2.411
115    -2.428
116    -2.402
117    -2.387
118    -2.431
119    -2.435
120    -2.391
121    -2.372
122    -2.386
123    -2.395
124    -2.416
125    -2.3969998
126    -2.425
127    -2.416
128    -2.402
129    -2.4689999
130    -2.404
131    -2.435
132    -2.4819999
133    -2.395
134    -2.413
135    -2.362
136    -2.414
137    -2.428
138    -2.414
139    -2.442
140    -2.446
141    -2.411
142    -2.416
143    -2.401
144    -2.425
145    -2.409
146    -2.388
147    -2.429
148    -2.406
149    -2.467
150    -2.3969998
151    -2.3899999
152    -2.4359999
153    -2.37
154    -2.417
155    -2.396
156    -2.427
157    -2.444
158    -2.424
159    -2.394
160    -2.407
161    -2.435
162    -2.411
163    -2.411
164    -2.408
165    -2.412
166    -2.435
167    -2.407
168    -2.432
169    -2.405
170    -2.411
171    -2.442
172    -2.444
173    -2.383
174    -2.4099998
175    -2.427
176    -2.407
177    -2.415
178    -2.422
179    -2.391
180    -2.4229999
181    -2.404
182    -2.405
183    -2.391
184    -2.4299998
185    -2.402
186    -2.432
187    -2.437
188    -2.45
189    -2.427
190    -2.437
191    -2.438
192    -2.3639998
