0    3.0170002
1    3.9670002
2    3.016
3    3.0970001
4    3.0990002
5    3.052
6    3.081
7    3.9720001
8    3.029
9    2.7830002
10    3.2
11    3.0170002
12    3.9010003
13    2.8520002
14    3.084
15    3.1620002
16    1.4790001
17    3.0630002
18    2.9390001
19    3.469
20    2.559
21    2.6430001
22    3.38
23    0.49400002
24    3.4540002
25    3.1390002
26    2.8880002
27    3.144
28    3.5370002
29    3.4710002
30    2.9540002
31    3.6220002
32    3.2540002
33    2.9410002
34    2.16
35    2.9380002
36    2.354
37    3.0470002
38    0.49400002
39    2.943
40    3.2070003
41    3.2860003
42    3.5410001
43    3.292
44    3.0660002
45    0.78900003
46    3.071
47    2.953
48    3.6390002
49    3.006
50    0.49400002
51    3.584
52    2.9090002
53    3.1190002
54    3.1260002
55    3.8200002
56    3.433
57    3.0240002
58    2.6030002
59    2.4740002
60    3.594
61    2.651
62    3.617
63    2.663
64    4.0690002
65    2.9270003
66    2.5820003
67    2.2410002
68    3.0750003
69    2.3530002
70    3.0770001
71    2.874
72    3.17
73    3.0350003
74    2.9770002
75    2.874
76    2.6510003
77    2.8820002
78    2.8100002
79    2.6850002
80    2.8430002
81    3.7740002
82    0.100000024
83    3.105
84    2.6520002
85    4.09
86    3.526
87    2.9510002
88    3.822
89    3.1930003
90    2.973
91    1.8
92    -36.533
93    -8.503
94    -8.62
95    2.763
96    3.028
97    4.264
98    3.8000002
99    3.5990002
100    3.966
101    3.4190001
102    3.686
103    3.276
104    3.5
105    -4.229
106    3.4650002
107    3.285
108    -6.737
109    4.2890005
110    4.092
111    3.6480002
112    3.94
113    4.134
114    -7.371
115    4.1190004
116    4.1480002
117    4.1540003
118    3.802
119    3.809
120    3.815
121    -8.393
122    3.8600001
123    4.373
124    -6.795
125    3.5180001
126    -5.672
127    3.686
128    -9.736
129    4.0010004
130    -9.58
131    -9.476
132    4.0880003
133    -9.738
134    -4.684
135    -5.701
136    3.48
137    -4.706
138    -4.487
139    4.0950003
140    -5.842
141    3.3890002
142    3.7410002
143    3.081
144    2.926
145    3.232
146    3.7680001
147    3.5890002
148    3.183
149    3.0870001
150    3.335
151    3.4250002
152    2.829
153    3.927
154    3.6980002
155    3.7080002
156    3.762
157    3.207
158    3.447
159    3.937
160    3.173
161    3.3630002
162    3.66
163    4.03
164    3.546
165    4.12
166    3.378
167    3.805
168    2.9840002
169    4.528
170    3.315
171    3.802
172    3.6450002
173    3.8990002
174    3.493
175    3.466
176    3.3630002
177    3.4510002
178    3.4740002
179    3.607
180    3.3560002
181    3.7830002
182    4.5390005
183    3.094
184    3.6220002
185    3.2740002
186    2.9180002
187    2.993
188    3.93
189    3.361
190    3.4490001
191    3.358
192    3.719
193    3.913
194    3.5100002
195    3.6450002
196    3.447
197    3.528
198    3.505
199    3.7
200    3.153
201    3.5080001
202    4.085
203    3.1230001
204    3.4020002
205    3.759
206    3.542
207    3.2250001
208    2.851
209    3.6910002
210    3.2700002
211    3.134
212    3.5370002
213    3.1230001
214    3.227
215    43.335003
216    3.5760002
217    2.8860002
218    1.589
219    4.0270004
220    3.4410002
221    4.285
222    3.066
223    3.8820002
224    3.1910002
225    3.4450002
226    3.184
227    1.9390001
228    4.382
229    3.5860002
230    3.545
231    2.937
232    2.13
233    2.548
234    3.8250003
235    2.3040001
236    2.308
237    3.969
238    2.2700002
239    3.634
240    2.798
241    3.5040002
242    2.02
243    1.697
244    1.761
245    2.1360002
246    1.917
247    2.104
248    1.9560001
249    1.411
250    3.1850002
251    3.154
252    2.2350001
253    2.0740001
254    8.321
255    -12.585
256    -13.526
257    -14.482
258    -13.5
259    -14.78
260    -16.0
261    -22.178
262    -11.488
263    -8.932
264    -11.474
265    -16.328
266    -17.719
267    -9.982
268    -10.462
269    -19.062
270    -10.139
271    -10.312
272    -18.961
273    -10.184999
274    -18.017
275    -18.028
276    -16.471
277    -19.594
278    -17.73
279    -15.424999
280    -9.67
281    -9.733
282    -16.0
283    -18.692
284    -18.721
285    -17.467
286    -14.433
287    -14.653
288    -14.791
289    -14.712
290    -15.484
291    -14.754
292    -18.678
293    -18.28
294    -17.857
295    -24.574
296    -23.612999
297    -23.493
298    -24.152
299    -24.579
300    -24.479
301    -23.064
302    -23.053
303    -23.0
304    -24.052
305    -21.065
306    -27.805
307    -30.947
308    -27.69
309    -23.828
310    -20.726
311    -11.268
312    -20.647
313    -21.943
314    -22.53
315    -20.858
316    -20.82
317    -21.652
318    -20.564
319    -22.326
320    -20.57
321    -21.973999
322    -16.886
323    -20.64
324    -22.928
