0    -28.167
1    -28.128
2    -28.167
3    -28.171
4    -28.137
5    -28.11
6    -28.168
7    -28.184
8    -28.142
9    -28.137
10    -28.195
11    -28.142
12    -28.105
13    -28.163
14    -28.105999
15    -28.14
16    -28.163
17    -28.168
18    -28.164
19    -28.163
20    -28.111
21    -28.195
22    -28.165
23    -28.177
24    -28.136
25    -28.177
26    -28.152
27    -28.143
28    -28.156
29    -28.131
30    -28.131
31    -28.18
32    -28.141
33    -28.135
34    -28.22
35    -28.138
36    -28.177
37    -28.143
38    -28.146
39    -28.152
40    -28.139
41    -28.181
42    -28.148
43    -28.142
44    -28.165
45    -28.168
46    -28.103
47    -28.165
48    -28.157999
49    -28.151
50    -28.157
51    -28.134
52    -28.168
53    -28.161
54    -28.189
55    -28.178
56    -28.151
57    -28.152
58    -28.164
59    -28.179
60    -28.15
61    -28.163
62    -28.137
63    -28.152
64    -28.155
65    -28.152
66    -28.159
67    -28.196
68    -28.172
69    -28.177
70    -28.139
71    -28.195
72    -28.156
73    -28.165
74    -28.145
75    -28.165
76    -28.151
77    -28.162
78    -28.127
79    -28.152
80    -28.15
81    -28.171
82    -28.173
83    -28.174
84    -28.163
85    -28.169
86    -28.157
87    -28.114
88    -28.156
89    -28.169
90    -28.164
91    -28.177
92    -28.134
93    -28.163
94    -28.182
95    -28.133
96    -28.171
97    -28.209
98    -28.131
99    -28.185
100    -28.157
101    -28.171
102    -28.137
103    -28.191
104    -28.108
105    -28.192
106    -28.154
107    -28.147
108    -28.153
109    -28.126
110    -28.138
111    -28.152
112    -28.147
113    -28.209
114    -28.169
115    -28.193
116    -28.09
117    -28.137
118    -28.19
119    -28.159
120    -28.151
121    -28.142
122    -28.157
123    -28.136
124    -28.148
125    -28.149
126    -28.124
127    -28.16
128    -28.153
129    -28.156
130    -28.14
131    -28.138
132    -28.16
133    -28.179
134    -28.174
135    -28.116
136    -28.195
137    -28.12
138    -28.143
139    -28.191
140    -28.166
141    -28.097
142    -28.155
143    -28.184
144    -28.132
145    -28.168
146    -28.186
147    -28.17
148    -28.192
149    -28.2
150    -28.124
151    -28.147
152    -28.118
153    -28.187
154    -28.136
155    -28.206
156    -28.183
157    -28.138
158    -28.137
159    -28.139
160    -28.126
161    -28.139
162    -28.188
163    -28.171
164    -28.141
165    -28.138
166    -28.154
167    -28.167
168    -28.152
169    -28.165
170    -28.189
171    -28.153
172    -28.163
173    -28.141
174    -28.143
175    -28.153
176    -28.166
177    -28.162
178    -28.16
179    -28.137
180    -28.149
181    -28.159
182    -28.157999
183    -28.139
184    -28.141
185    -28.126
186    -28.179
187    -28.166
188    -28.184
189    -28.138
190    -28.128
191    -28.161
192    -28.166
193    -28.156
194    -28.164
195    -28.171
196    -28.145
197    -28.153
198    -28.173
199    -28.114
200    -28.159
201    -28.149
202    -28.176
203    -28.139
204    -28.135
205    -28.184
206    -28.146
207    -28.195
208    -28.135
209    -28.157999
210    -28.162
211    -28.151
212    -28.179
213    -28.132
214    -28.162
215    -28.171
216    -28.148
217    -28.141
218    -28.157
219    -28.195
220    -28.146
221    -28.134
222    -28.138
223    -28.155
224    -28.15
225    -28.149
226    -28.164
227    -28.164
228    -28.156
229    -28.181
230    -28.154
231    -28.171
232    -28.145
233    -28.187
234    -28.125
235    -28.105
236    -28.135
237    -28.14
238    -28.107
239    -28.196
240    -28.165
241    -28.146
242    -28.169
243    -28.139
244    -28.148
245    -28.169
246    -28.156
247    -28.123
248    -28.126
249    -28.141
250    -28.164
251    -28.132
252    -28.163
253    -28.165
254    -28.163
255    -28.155
256    -28.157999
257    -28.172
258    -28.145
259    -28.173
260    -28.125
261    -28.151
262    -28.152
263    -28.124
264    -28.143
265    -28.159
266    -28.185
267    -28.112
268    -28.142
269    -28.144
270    -28.135
271    -28.185
272    -28.172
273    -28.196
274    -28.162
275    -28.169
276    -28.178
277    -28.165
278    -28.164
279    -28.18
280    -28.146
281    -28.183
282    -28.14
283    -28.164
284    -28.149
285    -28.149
286    -28.126
287    -28.091
288    -28.148
289    -28.083
