0    -51.231
1    -27.917
2    -20.924
3    -22.085
4    -21.804
5    36.468002
6    -21.38
7    -20.651
8    -20.218
9    -21.012
10    -28.06
11    -21.244999
12    -28.031
13    -28.58
14    -28.767
15    -28.089
16    -15.618
17    -15.25
18    -12.058
19    -3.0679998
20    -12.033
21    -12.917
22    -12.736
23    -12.158
24    -12.059
25    -12.543
26    -12.043
27    -13.023
28    -12.528
29    -13.592
30    -12.504
31    -12.142
32    -12.654
33    -12.322
34    -12.122
35    -12.841
36    -12.616
37    -12.609
38    -12.904
39    -12.97
40    -12.261
41    -12.123
42    -9.772
43    -12.745
44    -12.813
45    -12.676
46    -12.559999
47    -12.854
48    -12.532
49    -12.719
50    -12.458
51    -12.088
52    -12.929
53    -10.588
54    -12.587
55    -12.639
56    -14.728
57    -16.464
58    -12.663
59    -12.241
60    -12.458
61    -8.823
62    -11.959
63    -12.668
64    -12.750999
65    -12.5789995
66    -12.274
67    -12.155
68    -12.389999
69    -11.697
70    -12.677
71    -13.013
72    -11.7630005
73    -12.855
74    -12.7439995
75    -12.569
76    -12.806
77    -12.754
78    -12.082
79    -12.466
80    -12.348
81    -12.43
82    -12.654
83    -12.915
84    -12.118
85    -8.507999
86    -12.58
87    -10.594
88    -2.579
89    -1.283
90    -1.4860001
91    -0.15299988
92    -2.823
93    -1.8579998
94    -2.995
95    -2.096
96    -1.349
97    -0.982
98    -1.456
99    -1.348
100    -0.589
101    -2.644
102    -2.446
103    -2.738
104    -2.716
105    -2.059
106    -2.6669998
107    -2.106
108    -2.731
109    -2.3379998
110    -2.7989998
111    -2.317
112    -2.915
113    -2.557
114    -2.896
115    -2.053
116    -2.931
117    -2.914
118    -2.439
119    -2.788
120    -1.6829998
121    -2.99
122    -2.5619998
123    -2.86
124    -2.837
125    -2.3519998
126    -2.894
127    -1.882
128    -2.9369998
129    -2.728
130    -1.0379999
131    -0.67999995
132    -2.045
133    -2.964
134    -1.2679999
135    -2.6609998
136    -1.15
137    -2.4559999
138    -1.2019999
139    -1.377
140    -5.942
141    -5.809
142    -5.4309998
143    -9.417
144    -6.014
145    -5.7539997
146    -6.321
147    -5.561
148    -5.694
149    -6.1219997
150    -10.019
151    -10.118
152    -9.229
153    -9.897
154    -5.982
155    -6.877
156    -5.36
157    -4.572
158    -5.046
159    -5.784
160    -5.083
161    -6.24
162    -4.934
163    -3.1109998
164    -7.371
165    -5.082
166    -5.369
167    1.8050001
168    3.025
169    3.2070003
170    1.843
171    1.9720001
172    2.8170002
173    -5.278
174    3.6520002
175    3.0240002
176    2.174
177    -4.9440002
178    4.958
179    3.0830002
180    1.9540001
181    3.2310002
182    1.8960001
183    -1.4169999
184    1.6370001
185    2.601
186    2.719
187    1.4430001
188    1.3740001
189    0.71900004
190    0.652
191    1.1980001
192    0.85600007
193    -12.578
194    0.67300004
195    0.64400005
196    0.748
197    0.66400003
198    0.64500004
199    2.403
200    0.23200011
201    -0.062999964
202    0.31700003
203    0.17000008
204    -0.3219999
205    0.8950001
206    -0.29799998
207    0.21000004
208    0.36100006
209    3.1530004
210    0.93400013
211    1.6340001
212    1.2520001
213    0.2240001
214    0.3590001
215    0.22900009
216    0.22000003
217    1.2080002
218    0.14400005
219    1.542
220    3.132
221    -0.71799994
222    0.521
223    0.77700007
224    -3.337
225    1.2980001
226    -2.835
227    0.924
228    -3.29
229    2.3560002
230    2.272
231    -1.984
232    -1.925
233    -2.268
234    -1.8379998
235    -2.0029998
236    1.7590001
237    -1.9749999
238    2.079
239    2.299
240    -2.452
241    -2.178
242    -0.71399975
243    -1.7979999
244    -2.216
245    -1.902
246    -2.06
247    -2.0579998
248    -2.013
249    -2.2009997
250    -2.087
251    -1.8889999
252    1.651
253    -2.146
254    -2.1739998
255    -2.2529998
256    -1.6569998
257    -1.8499999
258    -1.6339998
259    -1.8149998
260    -2.09
261    -1.9029999
262    -1.954
263    -2.199
264    -2.1599998
265    -2.166
266    1.424
267    -2.1629999
268    -2.09
269    1.7800001
270    -1.7289999
271    -3.819
272    -2.0879998
273    -1.9429998
274    -1.6229999
275    -1.346
276    2.3560002
277    1.9250001
278    1.667
279    1.8730001
280    3.5180001
281    2.206
282    1.264
283    -2.355
284    -2.4429998
285    -5.483
286    1.593
287    1.8180001
288    1.7850001
289    -2.82
290    1.7420001
291    -9.153
292    1.733
293    -2.7979999
294    2.3070002
295    1.526
296    -5.255
297    -6.028
298    1.9930001
299    1.9420002
300    1.5810001
301    1.153
302    1.812
303    -6.522
304    1.409
305    1.7670001
306    2.0530002
307    1.526
308    -6.314
309    -4.127
310    -4.092
311    -4.09
312    2.7250001
313    -5.969
314    -2.787
315    -2.781
316    -4.354
317    1.9800001
318    -2.809
319    -3.751
320    -3.715
321    -4.1689997
322    -4.258
323    1.728
324    2.732
325    1.618
326    1.8140001
327    -2.6339998
328    3.186
329    2.5180001
330    -4.069
331    -3.82
332    -1.4599999
333    -1.9829998
334    -1.191
335    -1.668
336    -3.6999998
337    -2.254
338    -2.1169999
339    3.5620003
340    -1.9169998
341    -4.525
342    -0.5509999
343    -1.9659998
344    -2.59
345    -1.961
346    -2.006
347    0.00999999
348    -1.9289999
349    -1.977
350    -0.2859999
351    -1.5899999
352    -1.984
353    -2.008
354    0.16900015
355    1.9410001
356    -4.547
357    -1.915
358    -0.31499994
359    -1.8199999
360    -1.7409999
361    -2.3779998
362    -2.8089998
363    -2.097
364    -2.203
365    -2.0619998
366    -2.125
367    -1.9419999
368    -1.8439999
369    -1.9989998
370    -2.405
371    1.7120001
372    2.2440002
373    1.6380001
374    -2.178
375    1.7830001
376    1.8080001
377    -2.024
378    2.233
379    1.6570001
380    -4.453
381    1.6470001
382    1.9520001
383    1.8600001
384    -1.892
385    1.7420001
386    -1.7359998
387    1.7680001
388    2.377
389    1.7240001
390    1.84
391    -2.29
392    2.311
393    -2.0819998
394    1.6810001
395    -1.9789999
396    -3.58
397    1.5740001
398    -2.245
399    -1.8539999
400    2.1990001
401    1.713
402    -2.0479999
403    1.9410001
404    2.434
405    -5.284
406    -0.4699999
407    -3.744
408    1.0970001
409    -3.8639998
410    -0.60099995
411    -4.0429997
412    0.14600015
413    -1.855
414    0.026000023
415    -2.972
416    -0.47799993
417    -1.7559998
418    -3.409
419    -5.894
420    1.7820001
421    2.417
422    -7.2019997
423    3.015
424    2.367
425    -3.359
426    -4.402
427    -0.68799996
428    -4.524
429    -2.852
430    1.0140002
431    -4.463
432    -4.322
433    -4.127
434    -4.351
435    -4.126
436    -4.0699997
437    -4.406
438    -0.34099996
439    1.8490001
440    2.0
441    -1.5419998
442    1.764
443    0.7720001
444    -4.0369997
445    1.5860001
446    1.6860001
447    -2.0229998
448    -2.222
449    0.28400016
450    2.3430002
451    -2.289
452    -3.744
453    1.6370001
454    -4.347
455    -0.49999988
456    1.638
457    -5.8190002
458    0.605
459    -1.977
460    1.3070002
461    -1.943
462    0.39800012
463    -1.2929999
464    -0.3709998
465    2.084
466    0.4310001
467    0.7780001
468    -2.012
469    -0.5979998
470    0.73100007
471    -1.8859999
472    -1.7609999
473    -1.7579999
474    -1.971
475    0.113000035
476    -0.6379998
477    -0.30699992
478    -1.7279999
479    -2.184
480    0.7160001
481    0.2550001
482    -1.4449999
483    -1.5949999
484    0.4180001
485    -2.163
486    -2.3769999
487    -2.074
488    -1.826
489    0.97800004
490    -1.594
491    1.144
492    -1.4949999
493    -1.9009999
494    -2.254
495    -1.119
496    3.305
497    0.32700002
498    0.84300005
499    5.592
500    -1.9549999
501    0.7060001
502    0.2650001
503    -1.6949999
504    -5.749
505    -5.524
506    -5.606
507    -5.6759996
508    -5.677
509    -5.66
510    -3.185
511    -5.065
512    -5.641
513    -3.072
514    -5.521
515    -5.725
516    -5.613
517    -5.9519997
518    -3.118
519    -3.257
520    -5.4379997
521    -3.165
522    -5.584
523    -2.978
524    -4.284
525    -3.23
526    -2.7129998
527    -3.02
528    -3.062
529    -5.219
530    34.78
531    -3.735
532    -5.509
533    -5.877
534    -5.542
535    -5.705
536    -3.227
537    -3.168
538    -5.732
539    -3.182
540    -3.097
541    -3.183
542    -2.543
543    -3.24
544    -5.887
545    -3.6729999
546    -3.199
547    -5.672
548    -3.168
549    -3.163
550    -3.138
551    -6.196
552    -5.8
553    -3.037
554    -3.062
555    -3.15
556    -5.6619997
557    -3.24
558    -5.616
559    -5.245
560    -7.752
561    -6.09
562    -3.157
563    -5.449
564    -3.036
565    -5.8
566    -3.212
567    -3.224
568    -3.19
569    -3.23
570    -5.5
571    -2.5749998
572    -5.841
573    -3.161
574    -3.204
575    -3.2189999
576    -10.489
577    -9.914
578    -9.784
579    -9.66
580    -9.433
581    -9.654
582    -9.778
583    -9.654
584    -9.804
585    -9.768
586    -10.624
587    -9.877
588    -9.607
589    -9.793
590    -9.47
591    -9.816999
592    -8.696
593    -9.73
594    -9.417
595    -9.778
596    -9.595
597    -9.8
598    -5.824
599    -5.757
600    -3.6929998
601    -5.453
602    -3.242
603    -5.132
604    -5.922
605    -5.972
606    -5.0629997
607    -5.8529997
608    -5.406
609    -5.92
610    -3.21
611    -3.197
612    -5.849
613    -5.696
614    -3.248
615    -5.515
616    -7.4969997
617    -3.23
618    -5.927
619    -3.076
620    -5.342
621    -5.823
622    -3.1009998
623    -5.6549997
624    -5.991
625    -4.81
626    -3.7459998
627    -6.078
628    -3.054
629    -3.2
630    -3.125
631    -5.9119997
632    -3.124
633    -5.25
634    -3.231
635    -2.973
636    -5.632
637    -3.23
638    -5.704
639    -5.824
640    -2.355
641    -0.20999998
642    -2.902
643    -5.8529997
644    -5.998
645    -3.622
646    -5.838
647    -3.177
648    -3.192
649    1.2870001
650    -5.444
651    -5.6759996
652    -3.225
653    -3.148
654    -3.1929998
655    -5.495
656    -2.98
657    -4.078
658    0.59800005
659    -5.927
660    -3.1529999
661    -3.247
662    -1.211
663    0.77300006
664    -3.237
665    -5.687
666    -3.761
667    0.91
668    -3.197
669    0.934
670    -3.1299999
671    0.708
672    -5.972
673    0.69500005
674    1.049
675    -5.678
676    -3.171
677    0.609
678    3.047
679    0.75500005
680    -3.19
681    0.74100006
682    1.416
683    0.929
684    1.123
685    1.1290001
686    -3.128
687    1.138
688    1.559
689    1.766
690    0.83400005
691    0.67
692    0.716
693    1.5600001
694    0.77900004
695    -5.837
696    0.85600007
697    0.88400006
698    1.1040001
699    1.6420001
700    -127.904
701    -127.849
702    -127.858
703    -127.777
704    -127.933
705    -128.047
706    -127.94
707    -127.955
708    -128.022
709    -127.987
710    -128.034
711    -128.035
712    -127.975
713    -128.05
714    -127.932
715    -127.98
716    -128.03
717    -127.957
718    -128.062
719    -128.062
720    -127.981
721    -127.999
722    -127.933
723    -127.764
724    -127.862
725    -127.832
726    -128.11
727    -128.024
728    -127.983
729    -156.987
730    -127.91
731    -127.98
732    -128.073
733    -128.03
734    -128.057
735    -128.064
736    -128.047
737    -128.012
738    -128.041
739    -128.1
740    -128.003
741    -127.991
742    -156.988
743    -127.966
744    -127.999
745    -127.954
746    -127.97
747    -128.048
748    -128.095
749    -128.085
750    -128.091
751    -128.054
752    -128.04
753    -128.109
754    -128.091
755    -128.087
756    -128.132
757    -128.07
758    -128.108
759    -127.94
760    -127.958
761    -127.999
762    -128.009
763    -128.061
764    -128.001
765    -127.987
766    -127.989
767    -127.995
768    -127.99
769    -127.907
770    -127.78
771    -157.023
772    -128.099
773    -128.122
774    -127.898
775    -127.962
776    -127.998
777    -127.96
778    -127.871
779    -128.043
780    -128.06
781    -128.005
782    -127.956
783    -128.136
784    -128.062
785    -127.933
786    -127.863
787    -128.0
788    -127.945
789    -127.979
790    -128.024
791    -127.969
