0    3.764
1    2.075
2    3.311
3    -0.9389999
4    -0.10599995
5    0.275
6    4.316
7    1.677
8    1.187
9    -0.6459999
10    -3.347
11    -0.7149999
12    13.451
13    5.271
14    6.5450006
15    7.3620005
16    -1.7559999
17    -2.859
18    1.0020001
19    2.709
20    -8.558
21    0.45200002
22    -5.811
23    0.8180001
24    -1.831
25    5.0150003
26    -7.942
27    4.7990003
28    9.845
29    0.439
30    1.462
31    3.2440002
32    -4.057
33    0.014000058
34    1.4050002
35    -9.724
36    -0.06799984
37    -0.068999946
38    0.13400006
39    -3.3769999
40    11.618
41    -0.44799995
42    -3.624
43    -5.312
44    -4.947
45    -5.824
46    6.558
47    -0.575
48    -0.78199995
49    -12.756
50    -15.886999
51    0.53400004
52    -1.2739999
53    -7.476
54    1.621
55    1.748
56    11.684
57    2.0930002
58    0.80400014
59    0.97
60    3.009
61    0.62
62    4.1000004
63    -2.077
64    0.8820002
65    1.3870001
66    -0.16199994
67    1.2610002
68    -2.74
69    -2.323
70    -17.134
71    0.43500042
72    -3.961
73    -3.3809998
74    -7.5249996
75    1.1460001
76    -10.318
77    -0.672
78    1.5310001
79    0.74
80    -2.531
81    11.099
82    -5.185
83    -4.071
84    -3.4099998
85    -3.7169998
86    -0.83299994
87    -3.059
88    -2.743
89    1.9000001
90    -3.1209998
91    4.986
92    -4.791
93    0.9050002
94    -3.572
95    -8.274
96    -3.207
97    -4.447
98    -2.335
99    -0.74
100    1.7050002
101    0.68200004
102    -1.129
103    -11.171
104    -24.98
105    4.833
106    -4.13
107    -8.882
108    1.026
109    2.512
110    1.297
111    2.479
112    11.417001
113    2.5560002
114    2.677
115    -6.448
116    -10.671
117    1.3310001
118    7.181
119    4.557
120    2.677
121    -7.633
122    -1.022
123    1.1260004
124    10.698
125    -2.7929997
126    -3.9029999
127    1.6200001
128    0.6860001
129    0.60300004
130    -10.156
131    2.0560002
132    -8.446
133    -15.098
134    -12.502
135    0.47800004
136    -1.4449999
137    -0.7459998
138    1.7880001
139    -6.9849997
140    70.307
141    -3.728
142    0.62300014
143    -1.698
144    -4.495
145    1.436
146    9.13
147    -1.6689999
148    -3.646
149    0.86200005
150    -12.857
151    -0.53799987
152    -2.156
153    1.0230002
154    4.7840004
155    -2.9959998
156    -5.111
157    -0.82799995
158    -0.366
159    19.401001
160    -28.558
161    1.7110001
162    -19.818
163    -24.506
164    -2.801
165    -3.324
166    -1.252
167    -3.7029998
168    -32.586
169    -0.38299996
170    -5.29
171    1.2120001
172    -6.509
173    2.815
174    3.963
175    -11.275
176    -11.4
177    1.6580001
178    -2.0249999
179    17.441
180    -4.178
181    -2.677
182    -0.6769998
183    0.721
184    2.5770001
185    9.941
186    -1.127
187    -2.645
188    -7.4069996
189    -0.8539996
190    -5.588
191    -3.933
192    1.4410001
193    -5.0429997
194    -7.463
195    1.2540001
196    3.8590002
197    2.238
198    -6.3739996
199    -0.84599996
200    1.414
201    0.43500003
202    -0.7909999
203    -2.55
204    -3.163
205    2.4950001
206    4.2060003
207    2.639
208    0.7220001
209    -2.597
210    4.355
211    -0.46099997
212    -8.2039995
213    0.50100005
214    1.8330002
215    -6.361
216    0.46600002
217    1.6850001
218    7.177
219    -9.410999
220    -0.5819999
221    -1.8249998
222    6.981
223    -0.38
224    2.0500002
225    2.055
226    -7.904
227    1.2930001
228    -0.27999997
229    1.7030001
230    6.894
231    1.8310001
232    -0.70799994
233    15.719
234    -6.0369997
235    -2.6469998
236    15.365
237    -3.679
238    -4.2629995
239    -30.086
240    -6.189
241    1.1850001
242    -2.215
243    0.85700005
244    2.33
245    -18.536
246    -3.138
247    -1.283
248    -12.936
249    23.219
250    2.558
251    1.3910003
252    -0.764
253    4.65
254    -1.3699999
255    -2.906
256    1.9080001
257    4.2790003
258    1.6040001
259    -1.532
260    5.499
261    -6.71
262    -2.7789998
263    -10.823999
264    0.3720001
265    -16.522999
266    -1.9519999
267    -2.728
268    13.327
269    0.74200004
270    -9.8289995
271    2.095
272    4.223
273    -14.032
274    -1.6169999
275    1.7190001
276    -0.658
277    0.0
278    0.966
279    -0.546
280    -1.6819999
281    -8.660999
282    0.4360001
283    -2.257
284    -4.943
285    2.115
286    5.9040003
287    -1.7009997
288    19.288
289    0.52400005
290    -9.682
291    -6.1089997
292    -1.7279999
293    -3.3249998
294    -8.74
295    -3.191
296    -4.708
297    -1.5239999
298    -2.6219997
299    -8.787
300    -4.154
301    -0.80799997
302    -2.459
303    -4.41
304    -4.012
305    -8.084
306    -2.109
307    0.5790001
308    -10.937
309    8.313
310    -5.854
311    -12.799
312    -3.743
313    -3.2809997
314    1.049
315    -8.234
316    -4.874
317    3.421
318    -9.582
319    -0.852
320    -5.6969995
321    -3.1069999
322    -1.726
323    0.95000005
324    -6.657
325    -3.1999998
326    72.297
327    -1.9499999
328    -6.3339996
329    39.596
330    -4.665
331    -0.16599989
332    -2.517
333    -1.2859998
334    -5.3
335    -0.109999895
336    -0.98899984
337    8.257
338    3.1529999
339    0.48100007
340    1.996
341    0.1880002
342    6.31
343    -2.8249998
344    -6.667
345    -3.9969997
346    -0.11799991
347    1.3460002
348    -2.353
349    -2.2269998
350    -14.409
351    -0.48899996
352    3.7670002
353    0.40100026
354    3.381
355    -5.516
356    7.171
357    -0.04099989
358    30.236
359    -13.459
360    5.7530003
361    1.2900001
362    -0.2529999
363    2.44
364    2.7840002
365    8.558001
366    -5.788
367    -0.30299997
368    -5.976
369    1.4390001
370    -2.702
371    5.248
372    2.381
373    -0.43999994
374    -4.68
375    2.914
376    0.19000006
377    0.9380002
378    3.27
379    2.43
380    -1.244
381    -2.6149998
382    3.857
383    2.025
384    -2.9789999
385    6.086
386    -2.287
387    -13.463
388    -8.094999
389    0.042000055
390    -7.962
391    9.731
392    -0.6079999
393    4.348
394    1.2570002
395    1.2240001
396    2.0
397    -3.9369998
398    6.314
399    -4.0789995
400    6.511
401    4.954
402    -5.6499996
403    2.003
404    -3.7189999
405    -0.39399993
406    1.0960002
407    2.298
408    -1.3499999
409    4.8550005
410    -1.295
411    -2.7429998
412    0.13000011
413    0.5410001
414    2.137
415    2.922
416    1.088
417    1.3770001
418    1.042
419    -6.816
420    -5.8599997
421    -9.476
422    0.7670001
423    -0.829
424    -2.2189999
425    -1.747
426    -0.37799978
427    -2.892
428    -1.428
429    -3.938
430    -4.9449997
431    2.5560002
432    3.2240002
433    6.33
434    5.6640005
435    2.58
436    -0.34799957
437    3.946
438    2.2680001
439    -2.666
440    0.08200002
441    1.9540001
442    0.62500024
443    2.7410002
444    0.352
445    -3.75
446    -0.75999975
447    0.47000003
448    -2.3779998
449    -2.5479999
450    0.70100003
451    -2.545
452    -2.6299999
453    6.2180004
454    5.4020004
455    -0.3499999
456    -0.032999873
457    0.43100023
458    0.12100005
459    -0.763
460    -1.2579999
461    0.62300014
462    -4.583
463    4.3430004
464    -1.372
465    -9.8689995
466    1.697
467    1.2010002
468    -1.267
469    1.631
470    -1.53
471    0.32400012
472    4.782
473    -5.753
474    -3.7289999
475    -8.031
476    -11.422
477    -6.706
478    1.414
479    9.82
480    2.104
481    5.132
482    -2.2129998
483    1.3060001
484    2.404
485    -1.2879999
486    3.0
487    2.7960002
488    2.165
489    -1.1499999
490    0.55500007
491    -4.067
492    -4.974
493    -1.6129999
494    -10.683
495    2.528
496    -8.098
497    -3.8470001
498    -0.9649999
499    -3.751
500    -3.6839998
501    0.8900001
502    1.7850001
503    -1.6689997
504    -6.954
505    0.16700006
506    0.4130001
507    2.016
508    -0.99099994
509    -2.297
510    -7.4189997
511    -1.229
512    -5.4939995
513    1.5740001
514    -0.5789999
515    0.7960001
516    -2.1399999
517    -3.7199998
518    8.172
519    -1.9969997
520    -4.652
521    -5.512
522    -3.7659998
523    -0.66499996
524    6.293
525    -11.66
526    -6.712
527    -0.79799986
528    -2.2009997
529    -1.9419999
530    -5.647
531    0.13500011
532    -10.195
533    -4.5959997
534    -2.1049995
535    0.42600012
536    -2.0689998
537    -2.043
538    2.384
539    0.6600001
540    -4.192
541    -4.7469997
542    -1.964
543    -1.3169999
544    6.566
545    -2.0029998
546    -4.667
547    9.633
548    1.9820001
549    4.707
550    0.44700003
551    -2.9729998
552    -6.104
553    -0.9909997
554    3.9970002
555    1.7300001
556    2.206
557    -14.641
558    0.8490001
559    -3.09
560    -2.001
561    0.77900004
562    -0.63699996
563    5.446
564    5.058
565    6.965
566    -1.882
567    0.63800013
568    1.296
569    0.4230001
570    -4.8409996
571    -11.231
572    -3.806
573    -2.783
574    -5.308
575    -1.7939999
576    -0.9339999
577    -0.97599983
578    1.0090001
579    5.0360003
580    -2.089
581    -2.5909998
582    2.297
583    -2.532
584    -2.774
585    1.3610001
586    -0.94799995
587    -13.14
588    -3.6019998
589    1.3600001
590    1.7790003
591    2.3140001
592    3.0210001
593    -11.872
594    5.252
595    5.399
596    1.2090001
597    1.478
598    -5.205
599    -4.407
600    -3.9039998
601    -15.926
602    0.23600006
603    -0.4599998
604    -3.84
605    -0.71599984
606    -6.216
607    -12.181
608    -2.886
609    3.4450002
610    2.244
611    -25.73
612    2.2600002
613    -0.94399977
614    1.2270001
615    -1.2229998
616    4.5130005
617    -1.5019999
618    -0.7329999
619    0.34100008
620    1.0300001
621    3.0330002
622    7.6990004
623    2.996
624    0.14600015
625    0.5610001
626    -3.355
627    -2.136
628    1.307
629    -0.041999817
630    16.414
631    -1.662
632    -1.6639999
633    -0.5749999
634    0.18900001
635    -5.418
636    -0.46299982
637    -0.94799995
638    -0.50399995
639    -1.967
640    2.026
641    3.2860003
642    -5.238
643    3.6950002
644    -0.109999895
645    -0.36399984
646    3.255
647    -4.024
648    -0.21799994
649    1.8380003
650    -0.3349998
651    0.40400004
652    0.33200026
653    -0.9239998
654    3.7790003
655    -7.1549997
656    -3.287
657    0.283
658    1.066
659    -2.0709999
660    1.786
661    -4.753
662    -0.5459999
663    5.0340004
664    -5.634
665    1.1200001
666    -1.0809999
667    -10.104
668    -2.659
669    -3.033
670    -0.51399994
671    0.0200001
672    -1.6279998
673    2.718
674    -0.42699993
675    3.0630002
676    2.594
677    -0.589
678    -4.908
679    0.6910001
680    -16.161
681    0.11100006
682    4.552
683    1.9150001
684    0.44400012
685    2.384
686    2.204
687    -0.012999952
688    -0.353
689    1.797
690    0.026000261
691    -7.593
692    -0.16899991
693    4.2040005
694    -0.4649999
695    4.323
696    0.439
697    -9.359
698    -1.3619999
699    -3.847
700    -6.9209995
701    1.9570001
702    -0.09699988
703    3.3850002
704    0.05000019
705    4.551
706    1.135
707    2.066
708    -0.46699995
709    6.23
710    -2.9789999
711    -3.0749998
712    -8.54
713    -3.1999998
714    -0.35099983
715    -3.504
716    -5.8929996
717    -0.25699997
718    -7.868
