0    -6.614
1    -3.5
2    -2.066
3    0.42600003
4    -1.23
5    -9.066999
6    -1.4539999
7    0.48000002
8    0.42100003
9    0.43600002
10    0.46
11    -7.3389997
12    0.381
13    0.38000003
14    0.38900003
15    0.397
16    -0.56299996
17    -12.61
18    -1.3799999
19    -0.97299993
20    0.94400007
21    -2.596
22    -8.011
23    0.485
24    0.483
25    -2.27
26    -13.8689995
27    -0.41899997
28    0.45800003
29    0.43500003
30    0.441
31    -5.4379997
32    -20.928
33    1.439
34    -1.3729999
35    2.586
36    -8.983
37    0.53900003
38    -4.738
39    -2.277
40    -0.0029999614
41    0.643
42    1.7780001
43    -5.023
44    -2.4229999
45    1.379
46    -1.3859999
47    -24.688
48    -2.386
49    -7.959
50    -2.42
51    -3.238
52    -2.4
53    -2.5019999
54    -23.623
55    -9.235
56    -9.84
57    0.77400005
58    -10.171
59    2.4580002
60    1.442
61    -2.394
62    0.76900005
63    -28.21
64    -0.8729999
65    -13.498
66    -3.372
67    -11.557
68    0.73300004
69    -3.576
70    -8.927
71    -5.125
72    -2.401
73    -0.602
74    -15.266
75    1.73
76    -1.345
77    -11.275
78    -10.72
79    1.8
80    -3.202
81    0.52000004
82    0.56200004
83    -1.348
84    -17.121
85    -13.905
86    0.94900006
87    -2.225
88    0.88100004
89    -8.91
90    -1.8199999
91    0.13600004
92    0.76900005
93    -1.2909999
94    -2.165
95    -6.3009996
96    -4.159
97    1.4350001
98    -0.329
99    -1.296
100    -5.848
101    -2.157
102    1.551
103    -19.778
104    -12.863
105    -3.208
106    0.66400003
107    -2.329
108    -2.228
109    -2.254
110    -11.736
111    1.826
112    -2.547
113    -12.509
114    -13.891
115    -2.341
116    -2.268
117    -9.892
118    -0.6869999
119    -22.772
120    -1.4269999
121    -3.288
122    -4.419
123    -9.9
124    1.846
125    1.744
126    -1.083
127    -2.663
128    1.392
129    -25.49
130    -12.894
131    3.802
132    -3.294
133    -0.22499996
134    -9.88
135    -2.28
136    -32.804
137    -3.287
138    -11.882999
139    -2.2319999
140    1.613
141    -9.791
142    -3.195
143    1.73
144    0.72900003
145    -2.373
146    -1.309
147    -3.269
148    -5.311
149    -20.653
150    -13.887
151    -8.182
152    1.678
153    -13.921
154    -12.956
155    -12.967
156    -10.949
157    -13.039
158    -12.951
159    -12.962
160    -15.601
161    -3.274
162    -3.294
163    -3.2849998
164    -5.316
165    -13.825
166    -31.636
167    -17.376
168    0.44700003
169    -8.214
170    -20.421
171    -13.888
172    -14.618
173    2.705
174    -37.52
175    -9.879
176    -3.233
177    -8.382
178    -3.211
179    -22.062
180    -3.6759999
181    -36.236
182    -11.866
183    -17.476
184    -11.877
185    -5.627
186    -29.956
187    -9.953
188    -8.792
189    -9.144
190    -20.089
191    -1.0079999
192    -10.871
193    -12.631
194    -8.887
195    -11.866
196    -5.168
197    -29.994999
198    -12.864
199    -9.881
200    -9.837
201    0.42800003
202    -18.393
203    -3.082
204    -4.141
205    -19.181
206    -17.585
207    -28.145
208    -10.921
209    -3.659
210    -12.892
211    -21.387
212    -13.875999
213    -13.92
214    -16.823
215    -13.919
216    -32.603
217    -12.881
218    -13.908
219    -6.6
220    -11.903
221    0.87000006
222    -13.919
223    -12.902
224    -13.923
225    -3.336
226    -13.915
227    -13.913
228    -13.918
229    -13.895
230    -13.915
231    -13.931
232    1.744
233    -13.925
234    -13.914
235    -2.417
236    -0.617
237    1.7620001
238    -13.871
239    -13.898
240    -4.219
241    5.96
242    2.5110002
243    -3.425
244    1.977
245    1.718
246    -13.882999
247    -4.468
248    -13.907
249    -2.2589998
250    1.728
251    -13.921
252    -5.869
253    -13.924
254    1.59
255    -9.572
256    1.7190001
257    -13.923
258    -14.012
259    5.572
260    1.334
261    1.473
262    1.754
263    -13.973
264    -13.868
265    -1.4860001
266    -4.3129997
267    -0.16699994
268    2.065
269    -4.704
270    -4.703
271    1.783
272    -13.849
273    -13.897
274    -4.157
275    -0.445
276    -0.788
277    -66.997
278    -3.9599998
279    -13.888
280    -2.083
281    -2.9029999
282    -13.904
283    -13.881
284    -4.79
285    -23.66
286    -12.938
287    -12.94
288    -12.957
289    -12.955
290    -12.948
291    -12.955
292    -12.961
293    -12.95
294    -12.957
295    -12.95
296    -12.939
297    -12.948
298    -12.939
299    -13.916
300    -12.965
301    -12.964
302    -12.946
303    -12.938
304    -4.974
305    -13.911
306    -13.913
307    -3.761
308    -4.201
309    -13.924
310    -13.921
311    -4.939
312    -2.826
313    -13.918
314    -13.925
315    -5.237
316    -3.8509998
317    1.863
318    -13.918
319    1.0470004
320    -13.867
321    -3.1139998
322    -13.903
323    -12.923
324    -1.211
325    -0.9829999
326    -1.322
327    -1.461
328    1.2590001
329    1.708
330    -0.552
331    -1.336
332    -1.285
333    -0.37399995
334    -0.422
335    -13.905
336    -3.85
337    -0.232
338    -0.32299995
339    -13.915
340    -0.39
341    -0.412
342    -0.09199995
343    -2.244
344    -0.40599996
345    -0.38599998
346    -0.21299994
347    -2.108
348    -0.29799998
349    -10.715
350    -0.329
351    0.36900008
352    0.386
353    -1.4389999
354    -12.953
355    -0.49399996
356    -0.15299994
357    -0.29499996
358    -2.247
359    -6.284
360    -0.092999935
361    0.57000005
362    -0.06799996
363    -3.126
364    -3.133
365    -4.709999
366    0.45300007
367    -3.8809996
368    1.583
369    -1.1589999
370    -12.934
371    -0.18699998
372    -1.5459995
373    -4.671
374    -2.128
375    -4.869
376    -1.4009998
377    -0.29999995
378    -11.871
379    1.9130001
380    -0.24199998
381    -12.936
382    -12.923
383    -12.906
384    -20.02
385    -12.939
386    -11.941
387    -0.48999995
388    -0.26199996
389    -2.347
390    1.48
391    -12.963
392    -12.958
393    -0.71799994
394    -0.36499995
395    -1.775
396    2.367
397    1.7090001
398    -0.31299996
399    1.2750006
400    -12.944
401    -11.945
402    -19.675999
403    -12.944
404    -0.412
405    -11.96
406    -12.963
407    -33.975998
408    -10.949
409    1.609
410    -3.8329997
411    -12.934
412    -12.95
413    1.583
414    -6.283
415    -12.913
416    -1.905
417    -12.929
418    -10.419
419    -3.209
420    -3.168
421    1.085
422    0.43200004
423    -0.20299995
424    -2.446
425    -12.933
426    -12.939
427    -0.42999995
428    -0.48799998
429    -0.44399995
430    -12.954
431    -12.879
432    -3.599
433    -3.631
434    -3.576
435    -3.5689998
436    -2.374
437    -12.965
438    -3.889
439    -2.111
440    1.6040001
441    -12.953
442    -12.947
443    0.578
444    -2.3509998
445    -3.217
446    -6.707
447    -12.955
448    -12.953
449    -3.142
450    1.534
451    -12.932
452    -2.756
453    -2.834
454    -0.31599998
455    0.39800012
456    -12.943
457    -0.46599996
458    -1.512
459    -2.345
460    -11.924
461    1.562
462    -0.46099997
463    -1.8349999
464    -7.286
465    -3.196
466    1.2750001
467    -2.346
468    1.312
469    -10.921
470    -1.5569999
471    -1.3139999
472    -12.925
473    1.5139999
474    1.661
475    1.46
476    1.402
477    1.4760001
478    -31.369999
479    1.401
480    1.426
481    -0.376
482    -0.19899994
483    -0.594
484    -7.249
485    -12.931
486    1.436
487    1.371
488    1.1620001
489    1.2520001
490    1.373
491    1.2290001
492    1.9100001
493    1.363
494    -12.941
495    1.406
496    1.2140001
497    1.748
498    -0.21599996
499    -0.371
500    -0.39199996
501    -0.399
502    -12.945
503    1.392
504    -12.944
505    -2.3969998
506    -3.29
507    -0.31899995
508    -0.51399994
509    1.572
510    -12.937
511    -12.941999
512    -0.486
513    1.4760001
514    1.399
515    -0.58
516    1.291
517    1.417
518    2.621
519    -12.936
520    1.529
521    0.63500005
522    -12.924
523    0.23700011
524    1.5580001
525    -0.523
526    0.513
527    -0.40499997
528    -0.42099994
529    -12.425
530    -12.957
531    -12.912
532    1.447
533    1.557
534    1.426
535    -12.958
536    0.71800005
537    -12.947
