0    -18.293
1    -18.26
2    -18.257
3    -18.302
4    -18.292
5    -18.274
6    -18.271
7    -18.313
8    -18.293
9    -18.299
10    -18.292
11    -18.239
12    -18.255
13    -18.293
14    -18.283
15    -18.314
16    -18.301
17    -18.27
18    -18.277
19    -18.269
20    -18.249
21    -18.304
22    -18.289
23    -18.286
24    -18.309
25    -18.274
26    -18.257
27    -18.286
28    -18.313
29    -18.268
30    -18.302
31    -18.309
32    -18.287
33    -18.213
34    -18.306
35    -18.264
36    -18.264
37    -18.267
38    -18.275
39    -18.319
40    -18.292
41    -18.249
42    -18.255
43    -18.298
44    -18.277
45    -18.308
46    -18.301
47    -18.284
48    -18.303
49    -18.267
50    -18.248
51    -18.295
52    -18.232
53    -18.295
54    -18.288
55    -18.284
56    -18.291
57    -18.276
58    -18.277
59    -18.299
60    -18.311
61    -18.299
62    -18.271
63    -18.279
64    -18.299
65    -18.286
66    -18.354
67    -18.286
68    -18.319
69    -18.303
70    -18.292
71    -18.3
72    -18.28
73    -18.222
74    -18.305
75    -18.248
76    -18.284
77    -18.297
78    -18.261
79    -18.286
80    -18.276
81    -18.307
82    -18.274
83    -18.291
84    -18.282
85    -18.261
86    -18.304
87    -18.306
88    -18.304
89    -18.305
90    -18.301
91    -18.27
92    -18.326
93    -18.275
94    -18.27
95    -18.31
96    -18.263
97    -18.266
98    -18.28
99    -18.271
100    -18.277
101    -18.326
102    -18.288
103    -18.278
104    -18.294
105    -18.263
106    -18.277
107    -18.3
108    -18.279
109    -18.303
110    -18.314
111    -18.266
112    -18.289
113    -18.253
114    -18.289
115    -18.291
116    -18.286
117    -18.264
118    -18.285
119    -18.29
120    -18.276
121    -18.268
122    -18.309
123    -18.24
124    -18.294
125    -18.259
126    -18.315
127    -18.285
128    -18.326
129    -18.276
130    -18.277
131    -18.302
132    -18.262
133    -18.24
134    -18.293
135    -18.313
136    -18.307
137    -18.309
138    -18.258
139    -18.29
140    -18.282
141    -18.305
142    -18.269
143    -18.261
144    -18.267
145    -18.282
146    -18.298
147    -18.235
148    -18.305
149    -18.261
150    -18.304
151    -18.296
152    -18.31
153    -18.298
154    -18.302
155    -18.282
156    -18.288
157    -18.241
158    -18.309
159    -18.298
160    -18.283
161    -18.316
162    -18.304
163    -18.313
164    -18.317
165    -18.301
166    -18.297
167    -18.303
168    -18.26
169    -18.28
170    -18.329
171    -18.306
172    -18.282
173    -18.323
174    -18.295
175    -18.287
176    -18.296
177    -18.268
178    -18.302
179    -18.26
180    -18.267
181    -18.298
182    -18.279
183    -18.266
184    -18.285
185    -18.258
186    -18.304
187    -18.285
188    -18.303
189    -18.29
190    -18.264
191    -18.29
192    -18.273
193    -18.299
194    -18.305
195    -18.257
196    -18.299
197    -18.281
198    -18.272
199    -18.301
200    -18.281
201    -18.265
202    -18.281
203    -18.295
204    -18.29
205    -18.303
206    -18.303
207    -18.278
208    -18.276
209    -18.281
210    -18.283
211    -18.303
212    -18.297
213    -18.286
214    -18.321
215    -18.259
216    -18.329
217    -18.276
218    -18.295
219    -18.306
220    -18.279
221    -18.272
222    -18.285
223    -18.285
224    -18.338
225    -18.271
226    -18.324
227    -18.322
228    -18.273
229    -18.292
230    -18.302
231    -18.3
232    -18.295
233    -18.295
234    -18.267
235    -18.279
236    -18.299
237    -18.263
238    -18.297
239    -18.271
240    -18.288
241    -18.331
242    -18.278
243    -18.28
244    -18.292
245    -18.222
246    -18.309
247    -18.233
248    -18.306
249    -18.303
250    -18.307
251    -18.234
252    -18.32
253    -18.291
254    -18.31
255    -18.306
256    -18.264
257    -18.261
258    -18.276
259    -18.282
260    -18.285
261    -18.275
262    -18.276
263    -18.318
264    -18.32
265    -18.285
266    -18.286
267    -18.255
268    -18.29
269    -18.271
270    -18.29
271    -18.31
272    -18.273
273    -18.275
274    -18.294
275    -18.244
276    -18.29
277    -18.283
278    -18.303
279    -18.299
280    -18.279
281    -18.27
282    -18.286
283    -18.244
284    -18.31
285    -18.309
286    -18.269
287    -18.299
288    -18.313
289    -18.274
290    -18.246
291    -18.331
292    -18.268
293    -18.305
294    -18.287
295    -18.328
296    -18.274
297    -18.274
298    -18.294
299    -18.292
300    -18.287
301    -18.328
302    -18.343
303    -18.307
304    -18.289
305    -18.304
306    -18.283
307    -18.286
308    -18.298
309    -18.278
310    -18.298
311    -18.246
312    -18.294
313    -18.299
314    -18.289
315    -18.294
316    -18.294
317    -18.29
318    -18.275
319    -18.294
320    -18.278
321    -18.276
322    -18.265
323    -18.301
324    -18.275
325    -18.298
326    -18.289
327    -18.282
328    -18.302
329    -18.292
330    -18.337
331    -18.272
332    -18.3
333    -18.258
334    -18.319
335    -18.302
336    -18.291
337    -18.289
338    -18.273
339    -18.277
340    -18.255
341    -18.307
342    -18.273
343    -18.304
344    -18.295
345    -18.322
346    -18.289
347    -18.289
348    -18.28
349    -18.322
350    -18.285
351    -18.317
352    -18.318
353    -18.294
354    -18.279
355    -18.284
356    -18.296
357    -18.262
358    -18.297
359    -18.259
360    -18.311
361    -18.26
362    -18.294
363    -18.234
364    -18.239
365    -18.309
366    -18.29
367    -18.288
368    -18.307
369    -18.297
370    -18.271
371    -18.295
372    -18.254
373    -18.312
374    -18.279
375    -18.304
376    -18.242
377    -18.27
378    -18.248
379    -18.266
380    -18.299
381    -18.289
382    -18.275
383    -18.271
384    -18.292
385    -18.302
386    -18.266
387    -18.327
388    -18.279
