0    -1.42
1    -1.43
2    -1.428
3    -1.4649999
4    -1.4649999
5    -1.414
6    -1.4519999
7    -1.408
8    -1.407
9    -1.433
10    -1.412
11    -1.421
12    -1.4289999
13    -1.3699999
14    -1.4059999
15    -1.447
16    -1.4449999
17    -1.447
18    -1.453
19    -1.44
20    -1.448
21    -1.4319999
22    -1.3859999
23    -1.435
24    -1.46
25    -1.403
26    -1.4
27    -1.41
28    -1.449
29    -1.391
30    -1.434
31    -1.421
32    -1.428
33    -1.4389999
34    -1.4419999
35    -1.425
36    -1.449
37    -1.4319999
38    -1.4449999
39    -1.3759999
40    -1.402
41    -1.425
42    -1.434
43    -1.428
44    -1.45
45    -1.414
46    -1.421
47    -1.4619999
48    -1.44
49    -1.437
50    -1.4679999
51    -1.436
52    -1.4219999
53    -1.458
54    -1.414
55    -1.415
56    -1.4519999
57    -1.447
58    -1.427
59    -1.45
60    -1.48
61    -1.448
62    -1.423
63    -1.4289999
64    -1.413
65    -1.413
66    -1.49
67    -1.467
68    -1.45
69    -1.4289999
70    -1.492
71    -1.418
72    -1.447
73    -1.481
74    -1.4319999
75    -1.4519999
76    -1.3829999
77    -1.444
78    -1.3929999
79    -1.431
80    -1.423
81    -1.4519999
82    -1.4189999
83    -1.433
84    -1.43
85    -1.3929999
86    -1.46
87    -1.454
88    -1.426
89    -1.448
90    -1.402
91    -1.382
92    -1.448
93    -1.426
94    -1.4849999
95    -1.424
96    -1.404
97    -1.444
98    -1.417
99    -1.408
100    -1.447
101    -1.428
102    -1.428
103    -1.451
104    -1.388
105    -1.379
106    -1.428
107    -1.4289999
108    -1.414
109    -1.41
110    -1.446
111    -1.449
112    -1.403
113    -1.412
114    -1.471
115    -1.467
116    -1.42
117    -1.449
118    -1.449
119    -1.385
120    -1.448
121    -1.4159999
122    -1.449
123    -1.453
124    -1.411
125    -1.423
126    -1.47
127    -1.4419999
128    -1.466
129    -1.424
130    -1.421
131    -1.418
132    -1.413
133    -1.4319999
134    -1.403
135    -1.4549999
136    -1.425
137    -1.466
138    -1.423
139    -1.4289999
140    -1.428
141    -1.454
142    -1.431
143    -1.4319999
144    -1.463
145    -1.471
146    -1.408
147    -1.454
148    -1.457
149    -1.415
150    -1.4189999
151    -1.451
152    -1.414
153    -1.44
154    -1.412
155    -1.449
156    -1.446
157    -1.443
158    -1.3889999
159    -1.45
160    -1.463
161    -1.448
162    -1.421
163    -1.405
164    -1.401
165    -1.44
166    -1.424
167    -1.466
168    -1.4189999
169    -1.467
170    -1.441
171    -1.472
172    -1.4419999
173    -1.46
174    -1.437
175    -1.4449999
176    -1.431
177    -1.424
178    -1.395
179    -1.437
180    -1.449
181    -1.4219999
182    -1.447
183    -1.4419999
184    -1.438
185    -1.444
186    -1.411
187    -1.447
188    -1.4549999
189    -1.469
190    -1.4319999
191    -1.431
192    -1.421
193    -1.456
194    -1.464
