0    -12.032
1    -10.414
2    -10.975
3    -49.886
4    -12.546
5    -10.608999
6    -12.000999
7    -11.017
8    -11.969
9    -11.837
10    -11.203
11    -12.005
12    -11.873
13    -11.142
14    -11.761
15    -11.683
16    -11.830999
17    -10.931
18    -13.061
19    -11.822
20    -13.263
21    -11.866
22    -12.108
23    -10.511
24    -10.257
25    -10.909
26    -11.392
27    -11.596
28    -11.138
29    -11.068
30    -11.625
31    -12.193
32    -11.697
33    -11.373
34    -12.068
35    -11.388
36    -10.655
37    -11.541
38    -11.944
39    -10.933
40    -12.037
41    -11.468
42    -12.323
43    -10.516
44    -12.311
45    -14.072
46    -10.746
47    -11.27
48    -11.047
49    -11.223
50    -12.198
51    -11.186
52    -12.503
53    -10.82
54    -12.22
55    -11.027
56    -10.341
57    -10.837999
58    -9.627
59    -9.341
60    -11.101
61    -10.108
62    -11.389999
63    -10.77
64    -10.752
65    -10.42
66    -9.901
67    -10.646999
68    -10.735
69    -11.752
70    -10.3
71    -10.705999
72    -11.313
73    -8.179
74    -10.658
75    -10.3689995
76    -10.843
77    -55.354
78    -11.561
79    -10.007999
80    -11.111
81    -9.576
82    -10.781
83    -10.943
84    -10.024
