0    -12.339
1    -12.343
2    -12.342
3    -12.317
4    -12.39
5    -12.345
6    -12.387
7    -12.349
8    -12.396
9    -12.358
10    -12.384
11    -12.384
12    -12.392
13    -12.36
14    -12.371
15    -12.388
16    -12.348
17    -12.365
18    -12.343
19    -12.355
20    -12.376
21    -12.368
22    -12.385
23    -12.379
24    -12.363
25    -12.331
26    -12.388
27    -12.416
28    -12.345
29    -12.365
30    -12.347
31    -12.336
32    -12.39
33    -12.376
34    -12.354
35    -12.346
36    -12.366
37    -12.373
38    -12.361
39    -12.359
40    -12.388
41    -12.383
42    -12.375
43    -12.393
44    -12.35
45    -12.367
46    -12.348
47    -12.3619995
48    -12.421
49    -12.358
50    -12.355
51    -12.383
52    -12.365
53    -12.352
54    -12.355
55    -12.389
56    -12.392
57    -12.377
58    -12.398
59    -12.37
60    -12.326
61    -12.361
62    -12.373
63    -12.387
64    -12.35
65    -12.372
66    -12.314
67    -12.378
68    -12.36
69    -12.371
70    -12.373
71    -12.375
72    -12.367
73    -12.346
74    -12.343
75    -12.4279995
76    -12.403
77    -12.408
78    -12.314
79    -12.381
80    -12.34
81    -12.399
82    -12.334
83    -12.356
84    -12.395
85    -12.331
86    -12.353
87    -12.312
88    -12.3689995
89    -12.344
90    -12.332
91    -12.3689995
92    -12.379
93    -12.364
94    -12.339
95    -12.364
96    -12.379
97    -12.367
98    -12.386
99    -12.363
100    -12.384
101    -12.395
102    -12.312
103    -12.34
104    -12.361
105    -12.351
106    -12.39
107    -12.305
108    -12.356
109    -12.309
110    -12.358
111    -12.425
112    -12.349
113    -12.371
114    -12.373
115    -12.414
116    -12.4
117    -12.373
118    -12.392
119    -12.372
120    -12.412
121    -12.373
122    -12.335
123    -12.3619995
124    -12.333
125    -12.377
126    -12.353
127    -12.403
128    -12.381
129    -12.304
130    -12.349
131    -12.37
132    -12.349
133    -12.316
134    -12.38
