0    -19.587
1    -19.252
2    -19.89
3    -20.128
4    -19.95
5    -19.85
6    -19.34
7    -19.321
8    -20.094
9    -14.111
10    -13.976
11    -14.245
12    -14.07
13    -12.74
14    -13.184999
15    -13.1
16    -14.188
17    -13.316
18    -14.11
19    -14.035
20    -13.28
21    -14.056
22    -14.293
23    -14.174
24    -12.922
25    -14.158
26    -13.2039995
27    -14.148
28    -14.138
29    -13.875
30    -13.222
31    -13.917
32    -13.063
33    -20.797
34    -21.315
35    -21.023
36    -19.797
37    -21.367
38    -21.3
39    -21.294
40    -21.307
41    -14.474
42    -21.295
43    -20.137
44    -21.295
45    -15.104
46    -13.19
47    -14.207
48    -14.279
49    -12.782
50    -14.211
51    -12.961
52    -10.481
53    -13.266
54    -14.216
55    -13.908
56    -13.908
57    -12.17
58    -14.245
59    -20.730999
60    -20.792
61    -28.198
62    -22.755
63    -22.287
64    -21.041
65    -21.004
66    -21.078
67    -20.22
68    -21.918
69    -20.698
70    -21.333
71    -20.908
72    -20.491
73    -20.353
74    -21.042
75    -21.677
76    -20.802
77    -20.82
78    -18.695
79    -20.77
80    -21.131
