0    -28.161
1    -28.162
2    -28.159
3    -28.166
4    -28.138
5    -28.112
6    -28.175
7    -28.166
8    -28.183
9    -28.143
10    -28.192
11    -28.119
12    -28.174
13    -28.142
14    -28.166
15    -28.175
16    -28.164
17    -28.104
18    -28.129
19    -28.157999
20    -28.188
21    -28.147
22    -28.105
23    -28.14
24    -28.172
25    -28.178
26    -28.205
27    -28.181
28    -28.155
29    -28.139
30    -28.149
31    -28.168
32    -28.155
33    -28.141
34    -28.146
35    -28.146
36    -28.103
37    -28.154
38    -28.137
39    -28.171
40    -28.159
41    -28.103
42    -28.168
43    -28.148
44    -28.142
45    -28.159
46    -28.173
47    -28.197
48    -28.187
49    -28.171
50    -28.148
51    -28.159
52    -28.108
53    -28.152
54    -28.145
55    -28.144
56    -28.171
57    -28.157999
58    -28.124
59    -28.14
60    -28.141
61    -28.176
62    -28.159
63    -28.187
64    -28.149
65    -28.17
66    -28.141
67    -28.168
68    -28.13
69    -28.183
70    -28.173
71    -28.143
72    -28.169
73    -28.161
74    -28.219
75    -28.093
76    -28.13
77    -28.153
78    -28.142
79    -28.168
80    -28.142
81    -28.199
82    -28.146
83    -28.13
84    -28.161
85    -28.16
86    -28.139
87    -28.17
88    -28.168
89    -28.151
90    -28.157
91    -28.135
92    -28.134
93    -28.132
94    -28.155
95    -28.152
96    -28.171
97    -28.183
98    -28.16
99    -28.123
100    -28.175
101    -28.139
102    -28.193
103    -28.113
104    -28.12
105    -28.131
106    -28.122
107    -28.197
108    -28.143
109    -28.148
110    -28.172
111    -28.144
112    -28.167
113    -28.159
114    -28.157
115    -28.14
116    -28.182
117    -28.155
118    -28.139
119    -28.184
120    -28.174
121    -28.145
122    -28.166
123    -28.171
124    -28.172
125    -28.145
126    -28.165
127    -28.159
128    -28.189
129    -28.143
130    -28.133
131    -28.162
132    -28.172
133    -28.16
134    -28.173
135    -28.16
136    -28.124
137    -28.159
138    -28.128
139    -28.147
140    -28.141
141    -28.135
142    -28.152
143    -28.173
144    -28.194
145    -28.168
146    -28.129
147    -28.151
148    -28.189
149    -28.156
150    -28.157999
151    -28.187
152    -28.168
153    -28.136
154    -28.128
155    -28.15
156    -28.145
157    -28.149
158    -28.152
159    -28.124
160    -28.172
161    -28.176
162    -28.183
163    -28.14
164    -28.128
165    -28.167
166    -28.166
167    -28.163
168    -28.162
169    -28.112
170    -28.163
171    -28.139
172    -28.128
173    -28.182
174    -28.134
175    -28.168
176    -28.137
177    -28.155
178    -28.167
179    -28.145
180    -28.096
181    -28.205
182    -28.149
183    -28.109
184    -28.152
185    -28.16
186    -28.151
187    -28.206
188    -28.166
189    -28.157999
190    -28.15
191    -28.164
192    -28.135
193    -28.163
194    -28.146
195    -28.169
196    -28.168
197    -28.108
198    -28.162
199    -28.143
200    -28.189
201    -28.195
202    -28.147
203    -28.157
204    -28.149
205    -28.182
206    -28.153
207    -28.167
208    -28.176
209    -28.174
210    -28.181
211    -28.136
212    -28.134
213    -28.171
214    -28.174
215    -28.151
216    -28.138
217    -28.171
218    -28.191
219    -28.168
220    -28.15
221    -28.154
222    -28.173
223    -28.104
224    -28.144
225    -28.134
226    -28.157999
227    -28.15
228    -28.186
229    -28.171
230    -28.163
231    -28.148
232    -28.163
233    -28.201
234    -28.182
235    -28.19
236    -28.166
237    -28.18
238    -28.112
239    -28.171
240    -28.126
241    -28.129
242    -28.178
243    -28.157999
244    -28.143
245    -28.162
246    -28.154
247    -28.171
248    -28.149
249    -28.146
250    -28.187
251    -28.148
252    -28.147
253    -28.177
254    -28.142
255    -28.152
256    -28.165
257    -28.151
258    -28.193
259    -28.114
260    -28.182
261    -28.135
262    -28.136
263    -28.112
264    -28.184
265    -28.154
266    -28.089
267    -28.181
268    -28.166
269    -28.184
270    -28.186
271    -28.179
272    -28.154
273    -28.159
274    -28.105
275    -28.139
276    -28.14
277    -28.15
278    -28.134
279    -28.166
280    -28.161
281    -28.121
282    -28.156
283    -28.162
284    -28.149
