0    2.462
1    2.5430002
2    2.479
3    2.435
4    2.755
5    2.4120002
6    2.535
7    2.436
8    2.442
9    2.1620002
10    2.4770002
11    2.343
12    2.481
13    2.3000002
14    2.7340002
15    2.111
16    2.205
17    2.2150002
18    2.5230002
19    2.351
20    2.413
21    2.969
22    2.378
23    2.6290002
24    2.532
25    2.816
26    2.4780002
27    3.2540002
28    2.506
29    2.475
30    2.914
31    2.922
32    3.022
33    2.9950001
34    2.9700003
35    3.2250001
36    3.785
37    2.641
38    3.381
39    2.891
40    3.265
41    3.052
42    2.5830002
43    3.315
44    3.023
45    2.512
46    2.371
47    3.1190002
48    3.0300002
49    2.851
50    3.4810002
51    3.4450002
52    2.572
53    3.095
54    2.9320002
55    2.987
56    2.8500001
57    3.4150002
58    3.335
59    2.657
60    2.77
61    3.7120001
62    3.4090002
63    2.566
64    3.4910002
65    3.6090002
66    3.528
67    3.1920002
68    2.704
69    3.048
70    3.0670002
71    3.9490001
72    2.63
73    2.628
74    3.117
75    3.354
76    2.9700003
77    3.157
78    3.0470002
79    2.8780003
80    2.8850002
