0    -29.917
1    -43.648
2    -31.607
3    -43.357
4    -29.585
5    -29.817
6    -57.717
7    -29.237999
8    -29.928
9    -29.764
10    -30.156
11    -29.729
12    -29.519
13    -30.103
14    -29.333
15    -17.02
16    -16.751
17    -16.842
18    -16.804
19    -16.581
20    -17.19
21    -31.047
22    -17.206
23    -16.99
24    -17.176
25    -16.699
26    -16.623
27    -52.957
28    -17.093
29    -16.826
30    -18.918
31    -16.615
32    -17.077
33    -17.247
34    -17.151
35    -17.135
36    -16.711
37    -16.737
38    -16.638
