0    -0.97599995
1    1.294
2    1.74
3    1.908
4    1.9480001
5    1.6700001
6    -18.608
7    -18.449
8    -18.4
9    -18.247
10    -18.464
11    -18.228
12    -18.486
13    -18.403
14    -18.032
15    -18.334
16    -18.718
17    -18.098
18    -18.412
19    -18.372
20    -18.882
21    -1.8169999
22    -1.8419999
23    -1.7349999
24    -1.7689999
25    -1.8369999
26    -17.701
27    -18.64
28    -18.71
29    -18.69
30    -18.689
31    -18.134
32    -18.307
33    -18.322
34    -18.515
35    -18.834
36    -19.372
37    -0.36999995
38    -17.495
39    -4.782
40    -6.87
41    -2.768
42    -1.9039999
43    -1.847
44    -1.903
45    -1.5979999
46    0.61600006
47    0.324
48    0.60400003
49    0.45600003
50    0.38300002
51    -18.428
52    -18.765
53    -18.694
54    -18.824
55    -18.174
56    -1.417
57    -0.376
58    0.23500001
59    -0.08099997
60    -18.645
61    -18.711
62    -18.513
63    -18.696
64    -18.648
65    -47.767
66    -2.151
67    -3.275
68    -1.474
69    0.055000067
70    -18.309
71    -18.454
72    -17.848
73    -18.754
74    -18.307
75    -3.242
76    -0.30499995
77    -46.861
78    -1.446
79    -1.795
80    -2.782
81    -18.657
82    -1.8429999
83    -1.9159999
84    -18.795
85    -1.805
86    -2.735
87    -1.8959999
88    -18.908
89    -1.884
90    -1.6999999
91    -1.7639999
92    -1.474
93    0.33200002
94    0.462
95    0.275
96    0.512
97    0.34300002
98    1.4460001
99    -0.22999996
100    -2.468
101    0.60800004
102    0.44000003
103    0.523
104    0.39800003
105    0.381
106    -1.46
107    -4.494
108    -2.497
109    -8.49
110    -3.492
111    -4.299
112    -43.026
113    -2.405
114    -3.494
115    -1.464
116    -5.487
117    -1.461
118    -1.47
119    -5.473
120    -1.484
121    -0.41999996
122    0.32400012
123    -1.423
124    -0.13099998
125    -0.46099997
126    0.823
127    0.374
128    0.372
129    0.374
130    0.51000005
131    -0.408
132    -0.47599995
133    -0.26699996
134    -0.65
135    -0.575
136    -0.29599994
137    0.6480001
138    2.5010002
139    -0.15799993
140    -0.44599998
141    -0.48299998
142    -0.667
143    -0.18099993
144    1.4820001
145    -0.15499997
146    1.6060002
147    -0.09899998
148    -0.93
149    0.13800001
150    -0.61
151    -0.482
152    -0.735
153    0.021000028
154    -0.44099998
155    -0.15899998
156    0.6480001
157    -0.40899998
158    -0.468
159    -0.348
160    0.86800003
161    -0.12899995
162    -0.487
163    1.082
164    -0.48399997
165    0.7500001
166    0.102
167    -0.65999997
168    -0.55999994
169    0.81000006
170    -0.435
171    0.59000003
172    -0.35799998
173    -0.501
174    1.322
175    -0.03999996
176    1.4060001
177    -0.536
178    -0.45299995
179    -0.0029999614
180    -0.21399999
181    0.48100007
182    -0.22199994
183    0.8650001
184    -0.36499995
185    -0.49699998
186    -0.28199995
187    3.8850002
188    2.5500002
189    0.4820001
190    -0.656
191    0.25600004
192    -0.44
193    -0.581
194    -0.454
195    0.30400002
196    -0.48899996
197    0.09800005
198    -0.463
199    -0.53
200    0.37500012
201    -0.40999997
202    -0.13499993
203    0.3340001
204    -0.14399993
205    0.032000065
206    -0.48899996
207    -0.42299998
208    -0.53699994
209    0.9260001
210    -0.39299995
211    -0.0029999614
212    -0.20499998
213    0.79900014
214    -0.541
215    0.009000063
216    0.07000005
217    3.5030003
218    0.23200011
219    1.6470001
220    -0.43799996
221    -0.29399997
222    -0.042999983
223    1.115
224    -0.618
225    10.098001
226    0.28900003
227    -0.058999956
228    -0.399
229    0.048000097
230    1.5530002
231    -0.605
232    -0.584
233    0.84000003
234    0.39600003
235    -0.543
236    3.0440001
237    0.92200005
238    -0.35599995
239    1.4510002
240    -0.47099996
241    -0.41399997
242    3.7720003
243    -0.445
244    1.6040001
245    1.4810002
246    0.748
247    -0.13099998
248    -0.18299997
249    0.2140001
250    -0.53499997
251    0.5580001
252    -0.55999994
253    -0.53
254    -0.16799998
255    2.4490001
256    -0.24899995
257    -0.17899996
258    -0.39599997
259    0.23000002
260    -0.06799996
261    0.2750001
262    0.7930001
263    1.8400002
264    -0.528
265    0.25100005
266    4.202
267    -0.638
268    -0.506
269    -0.19499993
270    5.57
271    -0.46499997
272    -0.39599997
273    -0.16599995
274    0.5020001
275    -0.43699998
276    0.05700004
277    0.53700006
278    0.77400005
279    0.64900005
280    -0.012999952
281    -0.53699994
282    -0.20699996
283    -0.40699995
284    -0.33499998
285    -0.044999957
286    1.1680002
287    0.18000007
288    -0.44
289    -0.49199998
290    -0.523
291    4.999
292    3.8370004
293    0.3080001
294    -0.376
295    -0.13299996
296    -0.44199997
297    0.022000074
298    -0.57799995
299    0.697
300    0.7620001
301    1.447
302    -0.02399993
303    0.05000007
304    -0.013999939
305    -0.435
306    0.794
307    1.171
308    0.06100011
309    -0.524
310    -0.325
311    0.33000004
312    -0.037999928
313    1.1330001
314    -0.38599998
315    -0.52599996
316    -0.28899997
317    1.6260002
318    2.4190001
319    -0.41499996
320    5.596
321    4.649
322    -0.40999997
323    0.062000036
324    -0.45
325    -0.08199996
326    1.644
327    0.5400001
328    -0.28099996
329    -0.43699998
330    -0.038999975
331    -0.19399995
332    -0.302
333    0.286
334    -0.30399996
335    0.043000102
336    -0.48499995
337    -0.119999945
338    -0.516
339    -0.17199993
340    0.009000063
341    -0.20299995
342    -0.343
343    -0.302
344    -0.15399998
345    -0.32799995
346    0.16100001
347    -0.11599994
348    -0.25799996
349    0.4360001
350    -0.72599995
351    -0.22999996
352    -0.17099994
353    -0.021999955
354    0.014000058
355    -0.22999996
356    -0.20999998
357    -0.26299995
358    -0.34499997
359    -0.11499995
360    -0.19099998
361    -0.37699997
362    -0.30099994
363    -0.23299998
364    -0.714
365    -0.28999996
366    -9.999275E-4
367    0.58300006
368    -0.20399994
369    -0.538
370    -0.15399998
371    -0.352
372    -0.18399996
373    -0.42899996
374    -0.541
375    -0.552
376    0.036000013
377    -0.38
378    -0.34599996
379    -0.26
380    0.68700004
381    -0.25399995
382    -0.646
383    -0.26199996
384    -0.06699997
385    0.035000086
386    -0.43199998
387    -0.49199998
388    -0.576
389    11.612
390    4.0530005
391    -0.13799995
392    -0.11599994
393    0.16700006
394    -0.12499994
395    0.3160001
396    0.34700012
397    -0.112999976
398    0.90700006
399    -0.041999936
400    -0.593
401    -0.31699997
402    -0.059999943
403    0.5300001
404    0.04100001
405    -0.07399994
406    1.8230002
407    -0.089999974
408    -0.42899996
409    -0.23699999
410    -0.14899999
411    -0.638
412    -0.576
413    0.08200002
414    1.4770002
415    -0.009999931
416    1.0110002
417    -0.623
418    1.2550001
419    4.5280004
420    -0.25199997
421    0.08200002
422    1.6460001
423    3.288
424    -0.11899996
425    0.7950001
426    -0.32599998
427    0.048000097
428    0.42000008
429    0.43700004
430    0.83000004
431    1.7250001
432    -0.302
433    -0.015999973
434    -0.02399993
435    1.2290001
436    -0.45099998
437    -0.5
438    0.49600005
439    -0.32999998
440    -0.27499998
441    -0.37199998
442    0.6370001
443    1.6130002
444    -0.054999948
445    -0.27999997
446    0.13200009
447    -0.385
448    0.1910001
449    0.2240001
450    -0.18799996
451    -9.999275E-4
452    -0.64199996
453    -0.099999964
454    1.2320001
455    1.0640001
456    0.38300002
457    1.4810002
458    1.065
459    -0.042999983
460    -0.32599998
461    -0.329
462    1.3700001
463    0.10800004
464    -0.602
465    1.358
466    -0.05099994
467    1.667
468    -0.541
469    -0.24899995
470    -0.33699995
471    -0.60899997
472    -0.19799995
473    0.21100008
474    0.032000065
475    -0.21399999
476    -0.57
477    0.3440001
478    -0.557
479    0.03000009
480    -0.39599997
481    2.7680001
482    0.51300013
483    0.6150001
484    -0.618
485    -0.34599996
486    -0.46499997
487    -0.24299997
488    0.69500005
489    0.06700003
490    -0.37799996
491    0.20900011
492    0.6320001
493    -0.302
494    -0.584
495    -0.31299996
496    11.358001
497    0.26600003
498    -0.49399996
499    -0.12499994
500    -0.23699999
501    0.92900014
502    1.4590001
503    -0.23799998
504    1.0340002
505    -0.17599994
506    -0.07499993
507    0.42900002
508    1.3660002
509    6.8580003
510    -0.35599995
511    -0.22299999
512    3.8970003
513    -0.14899999
514    0.33300006
515    -0.622
516    0.023000002
517    2.9290001
518    -0.48299998
519    0.013000011
520    -0.45999998
521    -0.26299995
522    0.23700011
523    -0.07999998
524    1.9990001
525    0.5500001
526    0.21500003
527    -0.45499998
528    0.031000018
529    -0.25199997
530    -0.63
531    1.9100001
532    0.25300002
533    0.0
534    -0.37699997
535    0.23900008
536    -0.556
537    0.68500006
538    2.14
539    0.009000063
540    -0.022999942
541    -0.525
542    2.249
543    0.5890001
544    1.7400002
545    -0.56799996
546    0.70300007
547    1.2320001
548    0.199
549    -0.607
550    0.577
551    -0.569
552    0.08200002
553    1.9540002
554    -0.599
555    0.439
556    -0.605
557    -0.10799998
558    -0.36999995
559    0.55700004
560    0.18700004
561    0.022000074
562    -0.035999954
563    0.5100001
564    -0.23299998
565    0.03700006
566    0.8410001
567    3.8040004
568    -0.478
569    0.27800012
570    0.4820001
571    -0.311
572    -0.29599994
573    1.7870002
574    -0.32999998
575    -0.39299995
576    -0.575
577    1.8890002
578    -0.454
579    0.5970001
580    2.5290003
581    0.04000008
582    0.8470001
583    0.43000007
584    -0.29599994
585    -0.32799995
586    -0.29399997
587    -0.35099995
588    0.46700013
589    -0.399
590    -0.35999995
591    -0.33199996
592    1.5570002
593    0.41900003
594    -0.55799997
595    -0.11199993
596    -0.36999995
597    -0.539
598    0.50900006
599    -0.464
600    0.27900004
601    -0.487
602    -0.40899998
603    -0.63899994
604    -0.63
605    1.4840002
606    -0.13599998
607    -0.47099996
608    -0.585
609    -0.605
610    0.08000004
611    -0.603
612    -0.26399994
613    -0.24299997
614    -0.0019999743
615    -0.34899998
616    0.4510001
617    -0.45999998
618    0.40300012
619    -0.085999966
620    -0.531
621    -0.48899996
622    -0.021999955
623    2.6650002
624    1.2670002
625    -0.46699995
626    -0.048999965
627    0.18500006
628    -0.06699997
629    2.0860002
630    -0.477
631    0.93400013
632    0.60300004
633    0.0020000935
634    0.02700007
635    0.7950001
636    -0.34899998
637    0.15400004
638    0.171
639    0.60300004
640    -0.32799995
641    -0.02399993
642    0.018000007
643    0.04400003
644    -0.17299998
645    -0.534
646    -0.10399997
647    -0.533
648    0.628
649    1.4740002
650    1.2570002
651    1.214
652    -0.297
653    -0.47399998
654    -0.08799994
655    0.66100013
656    0.9380001
657    1.177
658    -0.547
659    -0.23499995
660    1.013
661    0.33600008
662    0.78900003
663    -0.14299995
664    0.0070000887
665    0.6350001
666    1.184
667    0.49800003
668    0.36
669    -0.51199996
670    -0.64699996
671    -0.34499997
672    -0.015999973
673    -0.28599995
674    1.4390001
675    -0.059999943
676    -0.32699996
677    -0.18499994
678    -0.15099996
679    0.73100007
680    0.19200003
681    -0.21299994
682    0.61600006
683    0.34600008
684    1.6520002
685    0.3850001
686    0.01700008
687    0.6890001
688    3.8190002
689    1.113
690    0.66
691    1.3260001
692    0.46100003
693    0.80500007
694    1.261
695    0.9710001
696    1.3470001
697    0.74500006
698    0.95000005
699    0.634
700    0.734
701    1.8230001
702    1.0400001
703    0.78000003
704    2.9310002
705    1.0070001
706    1.9620001
707    0.611
708    0.53400004
709    4.576
710    1.5810001
711    0.98800004
712    0.56700003
713    0.32900003
714    1.3820001
715    3.4350002
716    0.781
717    0.52400005
718    0.943
719    0.39600003
720    0.93500006
721    1.1270001
722    2.0860002
723    1.4870001
724    -8.511
725    -33.527
726    -33.543
727    -33.402
728    -33.572998
729    -29.77
730    -33.538
731    -33.422
732    -48.14
733    -33.459
734    -33.644
735    -8.485
736    -33.055
737    -33.568
738    -33.047
739    -33.435
740    -33.527
741    -33.527
742    -33.334
743    -33.355
744    -33.389
745    -33.276
746    -8.481
747    -8.331
748    -33.14
749    -4.082
750    -2.0359998
751    -4.103
752    -4.44
753    -3.99
754    -3.8449998
755    -3.677
756    -4.02
757    -3.7729998
758    -3.9299998
759    -4.041
760    -3.717
761    -3.637
762    -4.039
763    -3.7069998
764    -4.26
765    -3.741
766    -4.12
767    -4.394
768    -3.814
769    -4.109
770    -4.066
771    -4.103
772    -3.245
773    -4.205
774    -3.965
775    -3.7659998
776    -3.921
777    -4.048
778    -4.223
779    -3.961
780    -4.046
781    -4.266
782    -2.7549999
783    -4.601
784    -3.934
785    -3.971
786    -3.382
787    -4.325
788    -4.106
789    -3.9499998
790    -3.308
791    -3.8049998
792    -4.0959997
793    -4.23
794    -3.83
795    -3.79
796    -3.889
797    -3.984
798    -4.21
799    -3.722
800    -4.386
801    -3.993
802    -4.081
803    -3.5289998
804    -3.928
805    -3.9239998
806    -3.962
807    -3.797
808    -4.0
809    -4.128
810    -3.6739998
811    -3.889
812    -3.795
813    -4.245
814    -4.302
815    -4.058
816    -3.942
817    -3.793
818    -4.003
819    -3.9359999
820    -3.44
821    -3.814
822    -3.859
823    -3.7459998
824    -4.046
825    -4.131
826    -3.749
827    -4.26
828    -3.94
829    -3.869
830    -3.941
831    -2.3969998
832    0.93600035
833    -4.208
834    -0.4329996
835    -4.223
836    -3.9169998
837    -2.3509998
838    -4.145
839    -10.146
840    -9.224
841    -9.607
842    -10.328
843    -10.016
844    -5.259
845    -2.5489998
846    -5.046
847    -4.052
848    -4.7679996
849    -4.7019997
850    -5.226
851    -5.176
852    0.09400034
853    -2.8309999
854    -3.8930001
855    -3.754
856    -4.068
857    -1.6739998
858    -3.715
859    -5.948
860    -4.418
861    -4.672
862    -5.913
863    -4.0369997
864    -5.3129997
865    -5.591
866    -5.748
867    -5.671
868    -5.437
869    -3.0809999
870    -3.724
871    -3.7919998
872    -3.2399998
873    -1.4719999
874    -9.115
875    -8.863
876    -9.275
877    -9.156
878    -8.284
879    -8.479
880    -9.245
881    -9.111
882    -7.847
883    -8.472
884    -7.835
885    -6.194
886    -3.4569998
887    -9.011
888    -8.545
889    -4.726
890    -3.539
891    -3.814
892    -4.493
893    -4.716
894    -2.7929997
895    -4.868
896    -4.741
897    -3.9599998
898    -3.6169999
899    -9.152
900    -8.012
901    -8.293
902    -9.141
903    -9.04
904    -7.809
905    -9.104
906    -6.927
907    -8.671
908    -7.0959997
909    -8.746
910    -8.489
911    -9.136
912    -8.903
913    -7.113
914    -3.681
915    -3.681
916    -4.079
917    -3.83
918    -3.486
919    -4.819
920    -2.4369998
921    -1.8989997
922    -3.9529998
923    -1.1679997
924    -4.469
925    -3.56
926    -4.609
927    -4.481
928    -3.2549999
929    -2.7029998
930    -5.258
931    -3.5709999
932    -4.717
933    -2.3589997
934    -1.7189999
935    -4.903
936    -4.5
937    -4.45
938    -4.882
939    -4.211
940    -5.17
941    -4.611
942    -3.9359999
943    -4.133
944    -4.594
945    -3.942
946    -4.856
947    -3.995
948    -2.2319999
949    -4.4709997
950    -4.706
951    -4.825
952    -3.9629998
953    -4.751
954    -4.323
955    -4.748
956    -4.3459997
957    -4.029
958    -3.162
959    -3.544
960    -2.7959998
961    -3.1839998
962    -4.817
963    -3.563
964    -4.3269997
965    -4.318
966    -2.6149998
967    -2.8309999
968    -4.0769997
969    -0.48999977
970    -4.756
971    -3.6599998
972    -3.087
973    -4.223
974    -4.467
975    0.089000225
976    -4.279
977    -3.6869998
978    -3.2819998
979    -3.9559999
980    -3.2369998
981    -4.909
982    -4.403
983    -3.53
984    -2.449
985    -3.3179998
986    -2.508
987    -4.337
988    -3.948
989    -3.5379999
990    -3.797
991    -3.665
992    -4.75
993    -4.8
994    -2.994
995    -4.672
996    -2.8489997
997    -2.734
998    -4.822
999    -2.2589998
1000    -3.0129998
1001    -4.514
1002    -4.206
1003    -4.366
1004    0.9040003
1005    -2.948
1006    -3.2429998
1007    -3.189
1008    -4.006
1009    -4.942
1010    -4.92
1011    -4.036
1012    -3.05
1013    -3.8869998
1014    -3.781
1015    -2.751
1016    -2.8799999
1017    -4.726
1018    -2.1019998
1019    -4.756
1020    -1.0749998
1021    -4.3789997
1022    -4.775
1023    -1.783
1024    -2.6239998
1025    -4.859
1026    0.2880001
1027    -3.4989998
1028    -3.6079998
1029    -4.133
1030    -4.505
1031    -2.9929998
1032    -3.944
1033    -4.069
1034    -4.67
1035    -3.3009999
1036    -4.432
1037    0.3670001
1038    -4.35
1039    -4.713
1040    -2.8339999
1041    -4.441
1042    -3.264
1043    -4.149
1044    -4.943
1045    -2.7359998
1046    -2.3549998
1047    -4.125
1048    -4.861
1049    -4.468
1050    -4.1099997
1051    -1.9219999
1052    -0.45699978
1053    -4.69
1054    -2.939
1055    -4.5039997
1056    -3.5909998
1057    -3.0919998
1058    -4.151
1059    -2.6569998
1060    -4.262
1061    -1.1589999
1062    -4.0579996
1063    -3.2359998
1064    -3.1369998
1065    -4.145
1066    -2.81
1067    -4.825
1068    -3.4369998
1069    -1.9229999
1070    -4.519
1071    -3.8569999
1072    -1.868
1073    -4.001
1074    -4.014
1075    -2.5979998
1076    -4.208
1077    -1.4759998
1078    -2.5809999
1079    -4.351
1080    -1.9629998
1081    -3.988
1082    -4.5
1083    -1.9459996
1084    -1.6279998
1085    -2.5279999
1086    -1.7989998
1087    -2.867
1088    -3.7229998
1089    -3.2759998
1090    -4.232
1091    -2.3919997
1092    -4.262
1093    -2.869
1094    -1.5909996
1095    -0.72999954
1096    -1.6489997
1097    -0.5949998
1098    -1.5229998
1099    0.042000294
1100    -0.44599962
1101    0.096000195
1102    -0.39999962
1103    0.052000523
1104    -0.09499979
1105    -1.0469999
1106    -0.9709997
1107    -0.5499997
1108    0.2920003
1109    -0.8959999
1110    -0.77199984
1111    -1.6529999
1112    -1.6929998
1113    -1.0699997
1114    -0.2659998
1115    0.04400015
1116    1.3800001
1117    -0.55999994
1118    -1.1039996
1119    -1.2869997
1120    -0.4959998
1121    0.07600021
1122    0.48700047
1123    -0.63499975
1124    1.0050001
1125    1.6560001
1126    3.1270008
1127    -0.52999973
1128    -0.55899954
1129    3.7080002
1130    -0.11799955
1131    -0.74699974
1132    -0.24499989
1133    1.1580005
1134    0.12000036
1135    0.37400007
1136    0.17400026
1137    -0.59699965
1138    -1.4389997
1139    -1.4639997
1140    -0.029999733
1141    0.63600016
1142    -0.02699995
1143    -1.2019997
1144    -0.082999706
1145    0.05100012
1146    6.201
1147    -0.7049999
1148    -1.5229998
1149    0.7510004
1150    -0.028999805
1151    -0.23799992
1152    0.35200024
1153    1.3800001
1154    -0.085999966
1155    0.20300007
1156    -0.39799976
1157    1.0260005
1158    1.3140001
1159    0.06400013
1160    0.3250003
1161    0.76500034
1162    0.26900005
1163    0.89800024
1164    1.3870001
1165    0.4130001
1166    1.1340003
1167    0.54000044
1168    0.66500044
1169    -0.056999683
1170    2.3260002
1171    0.01600027
1172    0.93600035
1173    0.049000263
1174    0.69400024
1175    -0.4699998
1176    -1.2559996
1177    0.9960003
1178    3.8530006
1179    -1.1679997
1180    1.7980003
1181    -0.9039998
1182    -0.74699974
1183    3.4370003
1184    -0.90499973
1185    -1.5049996
1186    1.5520005
1187    1.6520004
1188    -0.65199995
1189    1.0010004
1190    -0.8399997
1191    -0.007999897
1192    2.2320004
1193    -1.1379995
1194    0.30400038
1195    -0.18199968
1196    0.089000225
1197    -0.40199995
1198    0.9540005
1199    0.58600044
1200    -0.83399963
1201    0.7580004
1202    -0.05899954
1203    -1.4579997
1204    -0.8369999
1205    -1.4499998
1206    0.28100014
1207    1.0470004
1208    -0.5669999
1209    0.0880003
1210    -1.0239997
1211    0.77300024
1212    -0.8999996
1213    -1.5779996
1214    1.6330004
1215    -0.7739997
1216    0.51900053
1217    -1.382
1218    -1.0439997
1219    -0.5489998
1220    0.1800003
1221    0.32700014
1222    -0.47199965
1223    -1.2639999
1224    -0.5899997
1225    -1.1679997
1226    -0.8499999
1227    -1.5059996
1228    -1.112
1229    -1.1069999
1230    0.9210005
1231    -0.45699978
1232    -1.3059998
1233    -0.07199955
1234    3.0860004
1235    -1.1369996
1236    -0.3079996
1237    -0.80199957
1238    -1.1009998
1239    -1.2069998
1240    -0.71099997
1241    0.19200039
1242    -0.13399982
1243    0.36900043
1244    -1.421
1245    -0.8789997
1246    -0.97999954
1247    -0.70099974
1248    0.65600014
1249    1.8360004
1250    -0.47599983
1251    -0.3489995
1252    -0.1449995
1253    -1.0439997
1254    -1.3149996
1255    -0.99699974
1256    -0.35499954
1257    -1.3629999
1258    -1.1279998
1259    -1.2139997
1260    -1.4949999
1261    -0.47099972
1262    -1.1929998
1263    -0.27699995
1264    -0.9239998
1265    0.6840005
1266    0.20100021
1267    -0.71899986
1268    -0.31399965
1269    0.8260002
1270    -1.0959997
1271    -0.80899954
1272    -0.8989997
1273    -0.7419996
1274    0.16100025
1275    2.17
1276    0.22900009
1277    -0.069999695
1278    1.5360003
1279    -0.40899992
1280    0.16900015
1281    -1.1539998
1282    -0.6999998
1283    -0.8109999
1284    -4.006
1285    -3.7549999
1286    -3.7519999
1287    -2.373
1288    -3.906
1289    -2.2399998
1290    -4.054
1291    -3.597
1292    -3.5379999
1293    -2.6829998
1294    -4.1679997
1295    -2.9799998
1296    -2.814
1297    -2.873
1298    -4.3339996
1299    -3.7849998
1300    -4.278
1301    -4.121
1302    -3.202
1303    -3.6699998
1304    -1.777
1305    -3.6899998
1306    -2.169
1307    -4.066
1308    -4.0109997
1309    -2.1019998
1310    -3.5229998
1311    -4.246
1312    -3.9009998
1313    -2.1899998
1314    -3.03
1315    -4.262
1316    -3.978
1317    -4.34
1318    -4.433
1319    -3.6899998
1320    -3.994
1321    -3.8939998
1322    -1.2919998
1323    0.64400053
1324    -3.8709998
1325    -2.1339998
1326    -3.297
1327    -4.364
1328    -1.967
1329    -3.0519998
1330    -1.7809997
1331    -3.7229998
1332    -4.356
1333    -4.546
1334    -3.248
1335    -3.2649999
1336    -1.6999998
1337    -3.606
1338    -3.7099998
1339    -2.5099998
1340    -3.422
1341    -3.284
1342    -3.267
1343    -1.8199997
1344    -3.8449998
1345    -2.6149998
1346    -2.1539998
1347    -3.057
1348    -4.2599998
1349    -2.859
1350    -2.8509998
1351    -3.694
1352    -3.109
1353    -1.3859997
1354    -3.2829998
1355    -3.2199998
1356    -2.6109998
1357    -3.169
1358    -3.692
1359    -3.7779999
1360    -1.9089999
1361    -2.0579998
1362    -2.863
1363    -3.6
1364    -3.1959999
1365    -2.2859998
1366    -3.1139998
1367    -3.702
1368    -4.024
1369    -3.189
1370    -3.224
1371    -3.876
1372    -2.863
1373    -2.8709998
1374    -3.53
1375    -3.231
1376    -3.8579998
1377    -3.097
1378    -0.50999975
1379    -2.156
1380    -4.45
1381    -3.487
1382    -3.521
1383    0.2550001
1384    -2.0689998
1385    -2.8419998
1386    -3.3479998
1387    -4.29
1388    -2.8119998
1389    -3.1829998
1390    -3.948
1391    -3.199
1392    -4.1029997
1393    -2.9399998
1394    -2.5749998
1395    -1.9749999
1396    -1.6079998
1397    -3.1899998
1398    -2.4889998
1399    -4.493
1400    -3.541
1401    -4.179
1402    -3.2189999
1403    -4.086
1404    -0.18599987
1405    -2.2629998
1406    -1.7189999
1407    -3.725
1408    -2.6499999
1409    -4.206
1410    -3.0449998
1411    -1.6149998
1412    -2.8999999
1413    -4.457
1414    -0.43599987
1415    -4.45
1416    -3.5589998
1417    -1.0449996
1418    -3.0619998
1419    -3.533
1420    -3.2889998
1421    -3.169
1422    -4.159
1423    -4.29
1424    -4.3519998
1425    -3.977
1426    -3.8899999
1427    -3.909
1428    -3.7419999
1429    -3.682
1430    -3.79
1431    -3.6499999
1432    -4.0299997
1433    -3.934
1434    -4.3129997
1435    -3.577
1436    -4.066
1437    -4.041
1438    -3.498
1439    -3.938
1440    -3.758
1441    -3.7189999
1442    -3.8279998
1443    -4.053
1444    -4.132
1445    -3.9689999
1446    -3.679
1447    -4.114
1448    -3.5479999
1449    -4.041
1450    -3.291
1451    -3.8939998
1452    -3.461
1453    -3.929
1454    -3.9299998
1455    -3.7419999
1456    -4.206
1457    -4.04
1458    -3.8899999
1459    -3.7779999
1460    -3.09
1461    -3.899
1462    -3.898
1463    -3.8149998
1464    -4.027
1465    -3.3899999
1466    -4.026
1467    -3.962
1468    -4.308
1469    -3.6899998
1470    -3.464
1471    -3.964
1472    -3.8209999
1473    -3.781
1474    -3.9729998
1475    -3.6899998
1476    -3.589
1477    -3.837
1478    -4.137
1479    0.22400045
1480    -3.3539999
1481    -0.082999706
1482    -3.0019999
1483    -2.064
1484    -3.5949998
1485    -3.5919998
1486    -3.2689998
1487    -3.534
1488    -4.345
1489    -1.928
1490    -3.244
1491    -0.59699965
1492    0.4050002
1493    -3.1929998
1494    -1.9039998
1495    -4.416
1496    -4.007
1497    -4.157
1498    -1.8719997
1499    -2.3669999
1500    -3.7819998
1501    -1.2459998
1502    -4.284
1503    -3.59
1504    -3.517
1505    -3.8089998
1506    -3.823
1507    1.0170002
1508    -3.0939999
1509    -2.3739998
1510    -2.7759998
1511    -3.824
1512    -3.8349998
1513    -3.5979998
1514    -1.981
1515    0.6830001
1516    -4.3599997
1517    -3.0649998
1518    -3.2729998
1519    -0.85599995
1520    -2.4959998
1521    -3.807
1522    -3.734
1523    -3.8119998
1524    -3.806
1525    -3.0479999
1526    -1.5079999
1527    -3.4369998
1528    -2.2099998
1529    -3.567
1530    -3.2069998
1531    -4.134
1532    -3.7659998
1533    4.526001
1534    -4.022
1535    -3.77
1536    -4.343
1537    -3.5379999
1538    -3.8149998
1539    -2.8379998
1540    -3.4129999
1541    -3.191
1542    -2.9129999
1543    -3.326
1544    -3.481
1545    -2.4529998
1546    -1.9509997
1547    -2.5259998
1548    -3.5
1549    -2.1289997
1550    -1.3719997
1551    0.82700014
1552    -1.7319999
1553    -3.8539999
1554    -2.2289999
1555    -2.4129999
1556    -3.4299998
1557    -3.721
1558    -1.7929997
1559    -2.7189999
1560    -2.8749998
1561    -3.5349998
1562    -3.5019999
1563    -3.0839999
1564    -3.2529998
1565    -2.5659997
1566    -2.453
1567    -3.5519998
1568    -3.9269998
1569    -3.1269999
1570    -3.179
1571    -0.2579999
1572    -3.0779998
1573    -3.0019999
1574    -4.114
1575    -4.059
1576    -0.3369999
1577    -3.54
1578    -2.7759998
1579    -0.25499964
1580    -1.4059997
1581    -3.814
1582    -3.916
1583    -3.261
1584    -3.05
1585    -2.53
1586    -3.1959999
1587    -1.7639999
1588    -3.3319998
1589    -2.984
1590    -2.8389997
1591    -3.633
1592    -3.2919998
1593    -3.648
1594    -3.0939999
1595    1.1570005
1596    -3.7289999
1597    -1.5949998
1598    -3.7289999
1599    1.5630002
1600    -3.1869998
1601    -2.962
1602    -3.57
1603    -3.185
1604    -4.37
1605    -3.031
1606    -2.8999999
1607    -3.9039998
1608    -3.0049999
1609    -4.144
1610    -3.0579998
1611    -4.149
1612    -2.7259998
1613    -2.8649998
1614    -2.9069998
1615    -3.9009998
1616    -3.4469998
1617    -2.7259998
1618    -3.648
1619    -3.122
1620    -3.705
1621    -1.0449996
1622    -2.6279998
1623    -3.8049998
1624    -1.7349997
1625    -3.6639998
1626    -3.27
1627    -4.279
1628    -0.7589998
1629    -3.2889998
1630    -3.08
1631    -3.8009999
1632    -3.244
1633    -3.28
1634    -3.468
1635    -4.206
1636    -1.8659997
1637    -1.2429996
1638    -3.6539998
1639    1.0650005
1640    -2.3799999
1641    -2.915
1642    -3.843
1643    -3.201
1644    -3.1209998
1645    -2.2089999
1646    -4.101
1647    -1.7379999
1648    -2.7599998
1649    -3.8839998
1650    -3.648
1651    -3.852
1652    -4.059
1653    -3.701
1654    -3.2719998
1655    -2.965
1656    -3.9659998
1657    -3.8439999
1658    -3.819
1659    -4.075
1660    -4.021
1661    -3.962
1662    -3.866
1663    -3.1729999
1664    -3.9629998
1665    -2.2269998
1666    -3.6769998
1667    -3.1299999
1668    -2.0549998
1669    -2.1839998
1670    -4.003
1671    -2.202
1672    -1.5319996
1673    -3.2859998
1674    -3.957
1675    -4.0769997
1676    -2.8669999
1677    -2.4609997
1678    -1.8149996
1679    -3.6309998
1680    -4.2
1681    -3.5129998
1682    -3.06
1683    -3.2199998
1684    -3.8109999
1685    -2.896
1686    -3.99
1687    -4.0429997
1688    -3.5919998
1689    -4.074
1690    -2.8999999
1691    -1.0579996
1692    -3.9599998
1693    -4.055
1694    -3.8709998
1695    -3.586
1696    -3.991
1697    -3.965
1698    -3.824
1699    -2.8029997
1700    -3.162
1701    -3.8609998
1702    -3.796
1703    -3.836
1704    -2.4379997
1705    -3.9989998
1706    -3.35
1707    -3.9399998
1708    -4.159
1709    0.73200035
1710    -3.8769999
1711    -3.481
1712    -3.6039999
1713    -4.206
1714    -2.4369998
1715    -3.4029999
1716    -3.508
1717    -3.895
1718    -3.076
1719    -3.9069998
1720    -3.814
1721    -4.2019997
1722    -4.021
1723    -4.107
1724    -3.9589999
1725    -3.7199998
1726    -3.3979998
1727    -4.088
1728    0.47700024
1729    -3.4009998
1730    -3.119
1731    -3.198
1732    -3.916
1733    -2.251
1734    -2.7699997
1735    -3.6609998
1736    -2.8709998
1737    -1.8059998
1738    -2.6769998
1739    -3.5589998
1740    -4.074
1741    -3.5939999
1742    -3.2059999
1743    -4.062
1744    -4.203
1745    -2.1519997
1746    -4.194
1747    -3.347
1748    -3.9499998
1749    -3.8409998
1750    -3.589
1751    -4.055
1752    -3.6379998
1753    -4.1549997
1754    -4.065
1755    -3.9759998
1756    -3.5
1757    -3.32
1758    -2.3539999
1759    -3.9199998
1760    -3.0879998
1761    -3.195
1762    -3.9819999
1763    -4.065
1764    -2.2799997
1765    -3.527
1766    0.8960004
1767    -3.7879999
1768    -3.419
1769    -3.699
1770    -3.8379998
1771    -3.415
1772    -4.0509996
1773    -3.074
1774    -3.8969998
1775    -3.6959999
1776    -4.259
1777    -3.685
1778    -2.7789998
1779    -3.3839998
1780    -3.7329998
1781    -1.3959999
1782    -3.9369998
1783    -3.9629998
1784    -4.138
1785    -3.9499998
1786    -3.748
1787    -3.862
1788    -1.119
1789    -4.061
1790    -3.794
1791    -0.4369998
1792    2.1710005
1793    -3.379
1794    -4.192
1795    -3.8
1796    -3.944
1797    -3.408
1798    -2.465
1799    -3.9359999
1800    -4.167
1801    -3.4929998
1802    -3.2529998
1803    -3.497
1804    -0.82299995
1805    -4.007
1806    -3.4989998
1807    -3.76
1808    -3.813
1809    -4.295
1810    -3.5379999
1811    -3.8319998
1812    -1.4359999
1813    -3.786
1814    -3.5589998
1815    -3.824
1816    -3.626
1817    -2.0069997
1818    -3.113
1819    -3.6729999
1820    -2.7189999
1821    -3.5979998
1822    -2.6709998
1823    -3.5059998
1824    -2.8479998
1825    -1.5549998
1826    -3.793
1827    -3.586
1828    -3.1599998
1829    -2.8799999
1830    -2.0919998
1831    -3.915
1832    -3.231
1833    -2.0759997
1834    -1.8729997
1835    -2.5379999
1836    -3.731
1837    -2.8869998
1838    -3.1959999
1839    -2.2229998
1840    -3.748
1841    -3.6969998
1842    -2.7789998
1843    -3.702
1844    -3.485
1845    1.4150004
1846    -3.2229998
1847    -2.8949997
1848    -3.2659998
1849    -2.8409998
1850    -3.51
1851    -3.0789998
1852    -3.7129998
1853    -3.4209998
1854    -0.4949999
1855    -3.0449998
1856    -2.5749998
1857    -2.8969998
1858    -2.8079998
1859    -2.656
1860    -4.2939997
1861    -2.3919997
1862    -3.7289999
1863    -2.6469998
1864    -2.264
1865    -4.1499996
1866    -2.722
1867    -0.8119998
1868    -2.001
1869    -3.3409998
1870    -2.3379998
1871    -2.3479998
1872    -2.4229999
1873    -3.988
1874    -2.2189999
1875    -2.8149998
1876    -3.1599998
1877    -2.928
1878    -3.2489998
1879    -2.264
1880    -3.408
1881    -2.6399999
1882    -2.064
1883    -2.2499998
1884    -3.944
1885    -2.636
1886    -1.691
1887    -3.758
1888    -3.843
1889    -3.6799998
1890    -2.8799999
1891    -2.4049997
1892    -3.2459998
1893    -0.8609996
1894    -3.5019999
1895    -4.203
1896    -2.7239997
1897    1.4250002
1898    -4.093
1899    -3.4899998
1900    -3.669
1901    -2.5629997
1902    -0.6149998
1903    -3.514
1904    -3.541
1905    -2.1189997
1906    -3.6799998
1907    -2.6679997
1908    -3.547
1909    -2.0369997
1910    -3.642
1911    -3.9029999
1912    -3.4199998
1913    -2.0259998
1914    -1.2059999
1915    -3.945
1916    -2.8739998
1917    -2.3549998
1918    -3.7749999
1919    -3.998
1920    0.075000286
1921    -4.0769997
1922    0.44500017
1923    -2.8349998
1924    -3.7989998
1925    -3.0619998
1926    -3.909
1927    -2.6299999
1928    -4.262
1929    -3.346
1930    -3.724
1931    -1.744
1932    -2.807
1933    -3.3639998
1934    -0.65199995
1935    -2.047
1936    -2.5949998
1937    -3.27
1938    -1.8659997
1939    1.0540004
1940    -1.3969998
1941    -3.681
1942    -2.985
1943    -4.208
1944    -3.284
1945    -4.008
1946    -3.8449998
1947    -3.268
1948    -3.5379999
1949    -3.5379999
1950    -4.203
1951    -0.724
1952    -3.0099998
1953    -1.428
1954    -3.0489998
1955    -3.2759998
1956    -2.5859997
1957    0.73700047
1958    -3.2749999
1959    -3.777
1960    -3.931
1961    -3.2599998
1962    -4.124
1963    -3.7089999
1964    -3.599
1965    -3.0889997
1966    -3.7949998
1967    -2.261
1968    -0.8209996
1969    -1.9449997
1970    -2.925
1971    -0.87699986
1972    -3.5259998
1973    -3.978
1974    -2.6829998
1975    -3.5649998
1976    -3.8939998
1977    -3.3999999
1978    -2.9359999
1979    -3.912
1980    -4.166
1981    -2.794
1982    -1.6159997
1983    -2.533
1984    -3.5419998
1985    -2.389
1986    -4.158
1987    -3.494
1988    -3.7879999
1989    -3.228
1990    -3.781
1991    -4.012
1992    -3.5489998
1993    -1.875
1994    -3.7649999
1995    -2.2299998
1996    -4.197
1997    -4.06
1998    -2.892
1999    -3.754
2000    -4.0889997
2001    -3.612
2002    -3.2549999
2003    -2.823
2004    -3.6279998
2005    -2.6769998
2006    -3.6499999
2007    -2.6879997
2008    -3.168
2009    -3.9699998
2010    -2.4959998
2011    -3.9169998
2012    -3.909
2013    -3.7979999
2014    -3.4729998
2015    -2.5849998
2016    0.2430005
2017    -0.9419999
2018    -4.276
2019    -3.939
2020    1.1560001
2021    -3.961
2022    -3.9469998
2023    -3.8609998
2024    -2.7229998
2025    -3.8579998
2026    -4.317
2027    -3.8279998
2028    -2.4889998
2029    -4.035
2030    -2.5359998
2031    -3.898
2032    -1.099
2033    -1.9989996
2034    -3.908
2035    -4.0559998
2036    -3.1309998
2037    -3.968
2038    -3.0559998
2039    -4.2419996
2040    -1.8129997
2041    -3.2629998
2042    -4.234
2043    -4.335
2044    -2.761
2045    -3.8179998
2046    -4.0889997
2047    -3.731
2048    -3.6569998
2049    -4.2799997
2050    -3.633
2051    -3.6309998
2052    -3.0449998
2053    -3.6839998
2054    -2.4049997
2055    -3.0749998
2056    -3.892
2057    -4.125
2058    -3.0589998
2059    -3.0049999
2060    -4.138
2061    -2.9639997
2062    -4.113
2063    -3.694
2064    -3.4429998
2065    -3.8999999
2066    -4.256
2067    -3.6369998
2068    -4.257
2069    -2.4639997
2070    -3.77
2071    -3.9529998
2072    -2.376
2073    -0.974
2074    -3.934
2075    -4.337
2076    -3.3899999
2077    -4.2539997
2078    -4.175
2079    -3.9359999
2080    -4.3059998
2081    -2.7749999
2082    -3.968
2083    -3.4359999
2084    -2.2059999
2085    -3.4889998
2086    -3.27
2087    -3.5419998
2088    -1.941
2089    -2.2849998
2090    -3.613
2091    -3.7659998
2092    -4.167
2093    -4.1
2094    -1.408
2095    -3.626
2096    -2.968
2097    -2.1729999
2098    -4.02
2099    -3.1469998
2100    1.5680003
2101    -3.886
2102    -4.336
2103    -3.4929998
2104    -4.1879997
2105    -0.37699986
2106    -3.1409998
2107    -3.9689999
2108    -3.741
2109    -3.9399998
2110    -3.488
2111    -3.977
2112    -3.666
2113    -4.0099998
2114    -2.7399998
2115    -2.271
2116    -4.033
2117    -3.481
2118    -3.201
2119    -3.2269998
2120    -2.268
2121    -3.906
2122    -3.1609998
2123    -4.249
2124    -4.0759997
2125    -3.6799998
2126    -3.36
2127    -2.7849998
2128    -3.84
2129    -3.6999998
2130    -3.4399998
2131    -3.2419999
2132    -4.267
2133    -3.824
2134    -3.574
2135    -2.7719998
2136    -3.892
2137    -3.1
2138    -3.846
2139    -2.6009998
2140    0.31900024
2141    -3.8639998
2142    -2.037
2143    -0.08899975
2144    -3.1839998
2145    -3.9889998
2146    -1.882
2147    -3.9469998
2148    -3.3519998
2149    -3.833
2150    -3.4429998
2151    -3.691
2152    -4.295
2153    3.0170002
2154    -3.9629998
2155    -2.2159998
2156    -3.1019998
2157    -1.6199999
2158    -3.389
2159    -3.622
2160    0.56100035
2161    -4.0579996
2162    -3.6629999
2163    -0.87999964
2164    -3.3749998
2165    -3.106
2166    -2.1579998
2167    -4.271
2168    -3.07
2169    -4.262
2170    -3.136
2171    -1.8339996
2172    -3.554
2173    -3.6829998
2174    -4.182
2175    -3.974
2176    -1.9249997
2177    -3.014
2178    -2.6739998
2179    -4.173
2180    -3.6079998
2181    -2.797
2182    -2.4529998
2183    -2.893
2184    -2.6119998
2185    -3.8769999
2186    -2.126
2187    -3.5609999
2188    -4.387
2189    0.1260004
2190    -3.6369998
2191    -3.504
2192    -1.632
2193    -3.4989998
2194    -3.3289998
2195    -3.928
2196    -3.313
2197    -3.6079998
2198    -1.9299998
2199    -3.662
2200    -3.632
2201    -3.3119998
2202    -3.3679998
2203    0.29400015
2204    -3.541
2205    -2.235
2206    -2.2069998
2207    -3.3009999
2208    -1.7739997
2209    -2.9599998
2210    -1.8919997
2211    -3.764
2212    -1.7419996
2213    -1.619
2214    -1.4619999
2215    -1.9569998
2216    -3.7199998
2217    -1.8639998
2218    -4.088
2219    -2.4969997
2220    -3.4139998
2221    -4.1809998
2222    -4.3269997
2223    -4.384
2224    -1.9849997
2225    -3.853
2226    -2.7169998
2227    -3.8109999
2228    -3.837
2229    -2.2129998
2230    -2.5759997
2231    -3.435
2232    -2.0039997
2233    -3.0589998
2234    -3.826
2235    -2.222
2236    -1.8439999
2237    -3.9759998
2238    -3.5819998
2239    -2.4429998
2240    -3.2069998
2241    -1.9399996
2242    -3.8149998
2243    -3.389
2244    -2.669
2245    -3.2619998
2246    -4.248
2247    -3.504
2248    -3.557
2249    -2.6709998
2250    -4.2
2251    -2.1469998
2252    -2.6779997
2253    -2.6799998
2254    -2.2539997
2255    -3.737
2256    -3.435
2257    -3.4359999
2258    -2.8409998
2259    -3.786
2260    -2.8509998
2261    -4.124
2262    -3.566
2263    -2.291
2264    -3.763
2265    -2.9829998
2266    -3.74
2267    -3.9169998
2268    -3.689
2269    -4.205
2270    -4.156
2271    -2.7799997
2272    -2.5379999
2273    -3.738
2274    -3.705
2275    -3.554
2276    -2.9099998
2277    -3.1169999
2278    -3.294
2279    -4.14
2280    -0.9709997
2281    -2.5689998
2282    -3.191
2283    -3.671
2284    -3.701
2285    0.37800026
2286    -2.916
2287    -3.215
2288    -1.0759997
2289    -4.0439997
2290    -0.9659996
2291    -2.7259998
2292    -4.231
2293    -3.87
2294    -2.8579998
2295    -1.0939999
2296    -3.3059998
2297    -2.7319999
2298    -3.702
2299    -2.4429998
2300    -2.682
2301    -3.2129998
2302    -4.239
2303    -3.7029998
2304    -1.3179998
2305    -2.7929997
2306    -3.132
2307    -3.2429998
2308    -3.1839998
2309    -2.6639998
2310    -4.0889997
2311    -2.024
2312    -3.842
2313    -3.195
2314    -3.08
2315    -3.919
2316    -3.934
2317    -4.241
2318    -4.105
2319    -3.1599998
2320    -3.952
2321    -2.87
2322    -2.0199997
2323    -3.235
2324    -3.712
2325    0.71100044
2326    -2.8349998
2327    -4.0429997
2328    -3.931
2329    -3.82
2330    -3.837
2331    -3.4469998
2332    -3.5939999
2333    -4.005
2334    -2.2629998
2335    -4.325
2336    -1.9199996
2337    -3.166
2338    -3.99
2339    -2.3739998
2340    -3.5819998
2341    -2.3179998
2342    -4.045
2343    -3.599
2344    -4.118
2345    -3.971
2346    -2.9179997
2347    -3.919
2348    -3.27
2349    -2.2999997
2350    -2.781
2351    -3.0349998
2352    -4.197
2353    -3.984
2354    -3.961
2355    -3.425
2356    -3.689
2357    -0.6709995
2358    -2.3289998
2359    -4.165
2360    -4.237
2361    -4.19
2362    -1.1989999
2363    -3.2259998
2364    -4.2419996
2365    -3.497
2366    -4.203
2367    -3.9269998
2368    -4.234
2369    -3.063
2370    -4.0579996
2371    -2.804
2372    -2.146
2373    -4.094
2374    -2.6909997
2375    -1.731
2376    -3.4689999
2377    -3.633
2378    -3.6929998
2379    -4.295
2380    -4.241
2381    -1.9889998
2382    -3.6699998
2383    -2.6019998
2384    0.26100016
2385    -4.1
2386    -3.888
2387    -3.9929998
2388    -3.911
2389    -4.128
2390    -3.8969998
2391    -2.268
2392    -3.836
2393    -4.053
2394    -1.6679997
2395    -3.31
2396    -3.1709998
2397    -4.2609997
2398    -3.9919999
2399    -4.189
2400    -4.021
2401    -3.07
2402    -1.2619996
2403    -3.369
2404    1.0430002
2405    -3.8409998
2406    -4.0439997
2407    -3.978
2408    -4.2469997
2409    -4.197
2410    -1.3929996
2411    -3.9369998
2412    -4.14
2413    -4.196
2414    -3.613
2415    -3.3519998
2416    -3.4399998
2417    -4.116
2418    -4.1679997
2419    -3.2129998
2420    -3.7289999
2421    -3.879
2422    -4.031
2423    -2.6509998
2424    -3.316
2425    -3.9729998
2426    -4.272
2427    -4.165
2428    -2.9399998
2429    -4.21
2430    -3.6469998
2431    -2.9889998
2432    -3.8379998
2433    -4.101
2434    -3.797
2435    -3.2719998
2436    -3.625
2437    -4.2
2438    -3.9259999
2439    -3.781
2440    1.1510005
2441    -3.84
2442    -4.182
2443    -4.0109997
2444    -3.911
2445    -3.327
2446    -4.2679996
2447    -4.197
2448    -3.201
2449    -4.116
2450    -4.13
2451    -3.517
2452    -2.768
2453    -3.7389998
2454    -4.021
2455    -4.174
2456    0.9090004
2457    -2.307
2458    -2.813
2459    -3.1539998
2460    -2.3879998
2461    -0.46299982
2462    -3.4929998
2463    -3.2399998
2464    -3.7989998
2465    -2.1279998
2466    -2.3409998
2467    -4.13
2468    -2.767
2469    -3.0119998
2470    -3.7089999
2471    -2.8189998
2472    -2.5659997
2473    -3.6509998
2474    -2.11
2475    -3.077
2476    -2.8219998
2477    -2.241
2478    -4.282
2479    -3.866
2480    -2.3159997
2481    -2.8619998
2482    -2.0319998
2483    -2.419
2484    -3.373
2485    -3.4759998
2486    -3.691
2487    -2.8409998
2488    -3.842
2489    -4.0299997
2490    -4.0439997
2491    0.61200047
2492    -3.577
2493    -3.2819998
2494    -2.777
2495    -4.1349998
2496    -3.8439999
2497    -3.083
2498    -3.912
2499    -2.3229997
2500    -3.6
2501    -3.938
2502    -2.3789997
2503    -1.0309997
2504    -2.9769998
2505    -3.245
2506    -3.195
2507    -3.5449998
2508    -3.3339999
2509    -1.7209997
2510    -2.2999997
2511    -2.6829998
2512    -2.504
2513    -3.764
2514    -1.7779999
2515    -3.2919998
2516    -3.5679998
2517    -3.454
2518    -3.8539999
2519    -3.3539999
2520    -3.6999998
2521    -3.977
2522    -3.596
2523    -1.974
2524    -1.7999997
2525    -1.572
2526    -1.1499996
2527    -3.577
2528    -2.7339997
2529    -3.3379998
2530    -3.4229999
2531    -4.152
2532    -3.304
2533    -3.711
2534    -2.8619998
2535    -0.4529996
2536    -3.1249998
2537    -0.79799986
2538    -3.722
2539    -2.9569998
2540    -3.574
2541    -4.185
2542    -3.3609998
2543    -3.5249999
2544    -4.217
2545    -4.208
2546    -3.609
2547    -4.337
2548    -1.8509998
2549    -4.215
2550    -2.5259998
2551    -3.888
2552    -3.7879999
2553    -3.0319998
2554    -2.2799997
2555    -4.164
2556    -3.235
2557    -3.892
2558    -2.1119998
2559    -3.613
2560    -2.899
2561    -3.714
2562    -1.0389996
2563    -3.3809998
2564    -2.6599998
2565    -4.109
2566    -4.132
2567    -2.8479998
2568    -3.0789998
2569    -3.564
2570    -3.8539999
2571    -3.797
2572    -2.1159997
2573    -2.1939998
2574    -3.099
2575    -2.9269998
2576    -3.74
2577    -2.159
2578    -4.111
2579    -3.2359998
2580    -2.2359998
2581    -4.0889997
2582    -3.991
2583    -3.9269998
2584    -1.6209998
2585    -0.045999527
2586    -3.5979998
2587    -4.286
2588    -3.761
2589    -4.173
2590    -2.659
2591    -2.5879998
2592    -2.57
2593    -3.303
2594    -3.6079998
2595    -2.4229999
2596    -3.053
2597    -3.6
2598    -2.4929998
2599    -4.079
2600    -2.4439998
2601    -3.9129999
2602    -2.166
2603    -2.9409997
2604    -3.58
2605    -3.6839998
2606    -3.231
2607    -3.869
2608    -4.1499996
2609    -2.5379999
2610    -3.268
2611    -4.1219997
2612    -3.1139998
2613    -3.6179998
2614    -3.418
2615    -3.4889998
2616    -2.9359999
2617    -3.152
2618    -4.224
2619    -3.064
2620    -3.623
2621    -3.944
2622    -3.1369998
2623    -3.7979999
2624    -3.85
2625    -2.337
2626    -3.602
2627    -3.922
2628    -2.1579998
2629    -3.0029998
2630    -3.557
2631    -4.234
2632    -3.1899998
2633    7.078001
2634    -3.646
2635    -4.1429996
2636    -2.2159998
2637    -3.819
2638    -4.185
2639    -4.072
2640    -3.842
2641    -3.0749998
2642    -3.824
2643    -3.583
2644    -4.2089996
2645    -4.154
2646    -3.616
2647    3.5810003
