0    -3.446
1    -3.466
2    -3.4429998
3    -3.4429998
4    -3.461
5    -3.4819999
6    -3.404
7    -3.402
8    -3.389
9    -3.445
10    -3.441
11    -3.427
12    -3.415
13    -3.442
14    -3.435
15    -3.427
16    -3.4099998
17    -3.445
18    -3.452
19    -3.427
20    -3.4720001
21    -3.4429998
22    -3.4359999
23    -3.442
24    -3.416
25    -3.419
26    -3.448
27    -3.429
28    -3.453
29    -3.391
30    -3.425
31    -3.439
32    -3.471
33    -3.447
34    -3.393
35    -3.4299998
36    -3.425
37    -3.386
38    -3.406
39    -3.441
40    -3.388
41    -3.4
42    -3.425
43    -3.415
44    -3.424
45    -3.4
46    -3.4
47    -3.44
48    -3.463
49    -3.435
50    -3.405
51    -3.45
52    -3.449
53    -3.428
54    -3.451
55    -3.429
56    -3.445
57    -3.439
58    -3.4
59    -3.4429998
60    -3.495
61    -3.42
62    -3.413
63    -3.468
64    -3.467
65    -3.4689999
66    -3.4559999
67    -3.4229999
68    -3.444
69    -3.391
70    -3.464
71    -3.458
72    -3.381
73    -3.484
74    -3.432
75    -3.418
76    -3.446
77    -3.417
78    -3.434
79    -3.452
80    -3.422
81    -3.412
82    -3.434
83    -3.431
84    -3.437
85    -3.463
86    -3.442
87    -3.4299998
88    -3.439
89    -3.45
90    -3.419
91    -3.446
92    -3.453
93    -3.488
94    -3.404
95    -3.399
96    -3.399
97    -3.467
98    -3.448
99    -3.44
100    -3.431
101    -3.429
102    -3.454
103    -3.437
104    -3.42
105    -3.454
106    -3.475
107    -3.447
108    -3.407
109    -3.428
110    -3.417
111    -3.426
112    -3.477
113    -3.433
114    -3.411
115    -3.457
116    -3.4359999
117    -3.455
118    -3.44
119    -3.407
120    -3.439
121    -3.416
122    -3.427
123    -3.408
124    -3.418
125    -3.439
126    -3.417
127    -3.4299998
128    -3.455
129    -3.444
130    -3.447
131    -3.438
132    -3.418
133    -3.411
134    -3.464
135    -3.455
136    -3.488
137    -3.4099998
138    -3.4559999
139    -3.419
140    -3.424
141    -3.448
142    -3.42
143    -3.417
144    -3.4559999
145    -3.464
146    -3.499
147    -3.394
148    -3.426
149    -3.446
150    -3.427
151    -3.4359999
152    -3.445
153    -3.444
154    -3.438
155    -3.4759998
156    -3.445
157    -3.408
158    -3.4559999
159    -2.457
160    -3.425
161    -3.429
162    -3.442
163    -2.426
164    -3.431
165    -3.4429998
166    -3.475
167    -3.42
168    -3.448
169    -3.455
170    -3.418
171    -3.427
172    -3.449
173    -3.434
174    -3.466
175    -3.419
176    -3.464
177    -3.448
178    -3.466
179    -3.447
180    -3.455
181    -3.402
182    -3.429
183    -3.431
184    -3.492
185    -3.451
186    -3.388
187    -3.417
188    -3.444
189    -3.453
190    -3.4429998
