0    -3.49
1    -3.4
2    -3.402
3    -3.431
4    -3.401
5    -3.4759998
6    -3.394
7    -3.447
8    -3.4359999
9    -3.409
10    -3.404
11    -3.396
12    -3.438
13    -3.415
14    -3.421
15    -3.424
16    -3.412
17    -3.402
18    -3.433
19    -3.428
20    -3.441
21    -3.427
22    -3.418
23    -3.448
24    -3.392
25    -3.42
26    -3.409
27    -3.419
28    -3.392
29    -3.441
30    -3.435
31    -3.413
32    -3.439
33    -3.432
34    -3.453
35    -3.45
36    -3.4229999
37    -3.44
38    -3.444
39    -3.431
40    -3.4229999
41    -3.3969998
42    -3.417
43    -3.4299998
44    -3.434
45    -3.428
46    -3.413
47    -3.458
48    -3.449
49    -3.416
50    -3.42
51    -3.419
52    -3.425
53    -3.363
54    -3.431
55    -3.422
56    -3.413
57    -3.424
58    -3.425
59    -3.414
60    -3.416
61    -3.416
62    -3.425
63    -3.393
64    -3.385
65    -3.405
66    -3.429
67    -3.428
68    -3.373
69    -3.4
70    -3.475
71    -3.375
72    -3.439
73    -3.402
74    -3.418
75    -3.421
76    -3.437
77    -3.355
78    -3.428
79    -3.401
80    -3.417
81    -3.414
82    -3.439
83    -3.434
84    -3.428
85    -3.429
86    -3.399
87    -3.408
88    -3.4229999
89    -3.4229999
90    -3.402
91    -3.415
92    -3.376
93    -3.47
94    -3.438
95    -3.425
96    -3.424
97    -3.408
98    -3.435
99    -3.4099998
100    -3.398
101    -3.412
102    -3.452
103    -3.429
104    -3.44
105    -3.368
106    -3.407
107    -3.425
108    -3.418
109    -3.411
110    -3.4029999
111    -3.389
112    -3.435
113    -3.3969998
114    -3.441
115    -3.404
116    -3.45
117    -3.388
118    -3.417
119    -3.3899999
120    -3.4299998
121    -3.411
122    -3.368
123    -3.394
124    -3.419
125    -3.409
126    -3.386
127    -3.363
128    -3.3769999
129    -3.447
130    -3.466
131    -3.3969998
132    -3.416
133    -3.4299998
134    -3.386
135    -3.426
136    -3.426
137    -3.431
138    -3.411
139    -3.444
140    -3.412
141    -3.425
142    -3.452
143    -3.399
144    -3.434
145    -3.424
146    -3.389
147    -3.437
148    -3.455
149    -3.405
150    -3.413
151    -3.442
152    -3.42
153    -3.398
154    -3.44
155    -3.412
156    -3.398
157    -3.4099998
158    -3.4029999
159    -3.4
160    -3.4299998
161    -3.4299998
162    -3.396
163    -3.425
164    -3.428
165    -3.4299998
166    -3.391
167    -3.401
168    -3.4
169    -3.416
170    -3.391
171    -3.434
172    -3.378
173    -3.3769999
174    -3.4099998
175    -3.4229999
176    -3.44
177    -3.442
178    -3.437
179    -3.388
180    -3.412
181    -3.394
182    -3.446
183    -3.439
184    -3.388
185    -3.413
186    -3.426
187    -3.394
188    -3.438
189    -3.4359999
190    -3.404
191    -3.406
192    -3.394
193    -3.398
194    -3.395
195    -3.408
196    -3.458
197    -3.388
198    -3.411
199    -3.386
200    -3.407
201    -3.409
202    -3.426
203    -3.421
204    -3.373
205    -3.418
206    -3.4299998
207    -3.424
208    -3.428
209    -3.412
210    -3.433
211    -3.455
212    -3.4229999
213    -3.447
214    -3.416
215    -3.449
216    -3.438
217    -3.425
218    -3.424
219    -3.439
220    -3.375
221    -3.468
222    -3.406
223    -3.394
224    -3.4099998
225    -3.4299998
226    -3.454
227    -3.395
228    -3.434
229    -3.45
230    -3.395
231    -3.385
232    -3.386
233    -3.394
234    -3.431
235    -3.4099998
236    -3.414
237    -3.407
238    -3.3569999
239    -3.4689999
240    -3.4299998
