0    -12.45
1    -12.444
2    -12.417
3    -12.421
4    -12.343
5    -12.4279995
6    -12.386
7    -12.386
8    -12.4
9    -12.397
10    -12.432
11    -12.399
12    -12.407
13    -12.382
14    -12.384
15    -12.426
16    -12.395
17    -12.427
18    -12.424
19    -12.4
20    -12.411
21    -12.4
22    -12.437
23    -12.373
24    -12.432
25    -12.385
26    -12.427
27    -12.394
28    -12.41
29    -12.41
30    -12.419
31    -12.417
32    -12.4
33    -12.39
34    -12.393
35    -12.402
36    -12.383
37    -12.431
38    -12.401
39    -12.419
40    -12.421
41    -12.408
42    -12.359
43    -12.382
44    -12.424
45    -12.396
46    -12.402
47    -12.391
48    -12.389
49    -12.438
50    -12.41
51    -12.417
52    -12.394
53    -12.44
54    -11.406
55    -12.431
56    -12.377
57    -12.411
58    -12.379
59    -12.403
60    -12.4
61    -12.427
62    -12.412
63    -12.388
64    -12.423
65    -12.396
66    -12.405
67    -12.389
68    -12.407
69    -12.416
70    -12.404
71    -12.431
72    -12.386
73    -12.413
74    -12.395
75    -12.442
76    -12.402
77    -12.405
78    -12.402
79    -12.395
80    -12.406
81    -12.404
82    -12.399
83    -12.434
84    -12.419
85    -12.427
86    -12.426
87    -12.363
88    -12.397
89    -12.402
90    -12.416
91    -12.401
92    -12.373
93    -12.431
94    -12.38
95    -12.425
96    -12.395
97    -12.351
98    -12.417
99    -12.425
100    -12.442
101    -12.402
102    -12.424
103    -12.416
104    -12.401
105    -12.396
106    -12.378
107    -12.407
108    -12.433
109    -12.376
110    -12.429
111    -12.4
112    -12.389
113    -12.444
114    -12.436
115    -12.405
116    -12.427
117    -12.418
118    -12.394
119    -12.381
120    -12.366
121    -12.421
122    -12.392
123    -12.367
124    -12.436
125    -12.391
126    -12.4279995
127    -12.386
128    -12.384
129    -12.423
130    -12.3619995
131    -12.363
132    -12.375
133    -12.372
134    -12.419
135    -12.39
136    -12.421
137    -12.413
138    -12.408
139    -12.436
140    -12.425
141    -12.447
142    -12.424
143    -12.419
144    -12.425
145    -12.4279995
146    -12.402
147    -12.412
148    -12.398
149    -12.433
150    -12.366
151    -12.47
152    -12.395
153    -12.383
154    -12.425
155    -12.405
156    -12.402
157    -12.41
158    -12.393
159    -12.377
160    -12.421
161    -12.367
162    -12.417
163    -12.417
164    -12.427
165    -12.39
166    -12.42
167    -12.388
168    -12.411
169    -12.392
170    -12.426
171    -12.408
172    -12.408
173    -12.448
174    -12.399
175    -12.401
176    -12.399
177    -12.388
178    -12.417
179    -12.427
180    -12.373
181    -12.464
182    -12.416
183    -12.408
184    -12.414
185    -12.408
186    -12.423
187    -12.455
188    -12.35
189    -12.388
190    -12.4
191    -12.434
192    -12.395
193    -12.378
194    -12.397
195    -12.43
196    -12.447
197    -12.395
198    -12.409
199    -12.381
200    -12.394
201    -12.39
202    -12.429
203    -12.413
204    -11.424
205    -12.3619995
206    -12.371
207    -12.377
208    -12.402
209    -12.393
210    -12.366
211    -12.412
212    -12.391
213    -12.392
214    -12.383
215    -12.385
216    -12.405
217    -12.398
218    -12.41
219    -12.383
220    -12.378
221    -12.445
222    -12.424
223    -12.399
224    -12.404
225    -12.394
226    -12.422
227    -12.425
228    -12.397
229    -12.408
230    -12.388
231    -12.42
232    -12.418
233    -12.373
234    -12.383
235    -12.411
236    -12.374
237    -12.438
238    -12.434
239    -12.408
240    -12.425
241    -12.396
242    -12.439
243    -12.381
244    -12.394
245    -12.395
246    -12.394
247    -12.411
248    -12.39
249    -12.439
250    -12.425
251    -12.386
252    -12.459
253    -12.401
254    -12.417
255    -12.405
256    -12.418
257    -12.406
258    -12.382
259    -12.405
260    -12.377
261    -12.42
262    -12.387
263    -12.413
264    -12.404
265    -12.388
