0    -2.465
1    -2.437
2    -2.449
3    -2.464
4    -2.437
5    -2.463
6    -2.435
7    -2.4359999
8    -2.429
9    -2.464
10    -2.416
11    -2.437
12    -2.356
13    -2.433
14    -2.411
15    -2.488
16    -2.447
17    -2.483
18    -2.438
19    -2.465
20    -2.421
21    -2.446
22    -2.414
23    -2.428
24    -2.463
25    -2.467
26    -2.431
27    -2.431
28    -2.453
29    -2.441
30    -2.433
31    -2.44
32    -2.445
33    -2.441
34    -2.419
35    -2.418
36    -2.427
37    -2.451
38    -2.454
39    -2.3839998
40    -2.434
41    -2.451
42    -2.381
43    -2.477
44    -2.4720001
45    -2.4689999
46    -2.457
47    -2.427
48    -2.4819999
49    -2.434
50    -2.425
51    -2.487
52    -2.433
53    -2.435
54    -2.468
55    -2.439
56    -2.4429998
57    -2.371
58    -2.448
59    -2.441
60    -2.4359999
61    -2.459
62    -2.4299998
63    -2.45
64    -2.447
65    -2.461
66    -2.4720001
67    -2.421
68    -2.4359999
69    -2.427
70    -2.427
71    -2.44
72    -2.412
73    -2.437
74    -2.461
75    -2.455
76    -2.4359999
77    -2.465
78    -2.485
79    -2.451
80    -2.425
81    -2.468
82    -2.4720001
83    -2.4299998
84    -2.444
85    -2.442
86    -2.425
87    -2.45
88    -2.429
89    -2.4359999
90    -2.464
91    -2.451
92    -2.419
93    -2.447
94    -2.445
95    -2.442
96    -2.447
97    -2.433
98    -2.405
99    -2.459
100    -2.407
101    -2.429
102    -2.452
103    -2.432
104    -2.408
105    -2.474
106    -2.4
107    -2.451
108    -2.465
109    -2.465
110    -2.425
111    -2.442
112    -2.47
113    -2.438
114    -2.416
115    -2.44
116    -2.417
117    -2.458
118    -2.465
119    -2.46
120    -2.484
121    -2.46
122    -2.45
123    -2.42
124    -2.404
125    -2.428
126    -2.473
127    -2.413
128    -2.459
129    -2.479
130    -2.4689999
131    -2.462
132    -2.429
133    -2.459
134    -2.399
135    -2.4759998
136    -2.434
137    -2.45
138    -2.416
139    -2.432
140    -2.454
141    -2.438
142    -2.459
143    -2.445
144    -2.475
145    -2.425
146    -2.458
147    -2.413
148    -2.4299998
149    -2.459
150    -2.44
151    -2.444
152    -2.4299998
153    -2.44
154    -2.433
155    -2.433
156    -2.425
157    -2.444
158    -2.45
159    -2.449
160    -2.453
161    -2.455
162    -2.435
163    -2.442
164    -2.405
165    -2.458
166    -2.441
167    -2.419
168    -2.4359999
169    -2.4299998
170    -2.499
171    -2.4559999
172    -2.451
173    -2.461
174    -2.395
175    -2.478
176    -2.404
177    -2.446
178    -2.48
179    -2.3899999
180    -2.427
181    -2.473
182    -2.441
183    -2.477
184    -2.455
185    -2.455
186    -2.429
187    -2.449
188    -2.486
189    -2.457
190    -2.4359999
191    -1.443
192    -2.3969998
193    -2.433
194    -2.466
195    -2.4
196    -2.463
197    -2.461
198    -2.4429998
199    -2.484
200    -2.444
201    -2.473
202    -2.4819999
203    -2.42
204    -2.461
205    -2.446
206    -2.415
207    -2.44
208    -2.4229999
209    -2.48
210    -2.464
211    -2.439
212    -2.446
213    -2.4689999
214    -2.445
215    -2.447
216    -2.47
217    -2.437
218    -2.428
219    -2.458
220    -2.439
221    -2.461
222    -2.452
223    -2.442
224    -2.445
225    -2.483
226    -2.431
227    -2.411
228    -2.446
229    -2.463
230    -2.452
231    -2.4559999
232    -2.426
233    -2.425
234    -2.467
235    -2.45
236    -2.484
237    -2.437
238    -2.46
239    -2.405
240    -2.418
241    -2.427
242    -2.464
243    -2.459
244    -2.434
245    -2.394
246    -2.441
247    -2.447
248    -2.426
249    -2.461
250    -2.445
251    -2.49
252    -2.414
253    -2.496
254    -2.49
255    -2.455
256    -2.4819999
257    -2.466
258    -2.44
259    -2.459
260    -2.4559999
261    -2.458
262    -2.433
263    -2.4720001
264    -2.435
265    -2.44
266    -2.4299998
267    -2.453
268    -2.465
269    -2.453
270    -2.454
271    -2.425
272    -2.455
273    -2.463
274    -2.402
275    -2.438
276    -2.446
277    -2.459
278    -2.437
279    -2.48
280    -2.463
281    -2.426
282    -2.465
283    -2.4689999
284    -2.458
285    -2.4720001
286    -2.451
287    -2.46
288    -2.446
289    -2.4429998
290    -2.474
291    -2.45
292    -2.44
293    -2.448
294    -2.45
295    -2.4689999
296    -2.442
297    -2.4819999
298    -2.4359999
299    -2.412
300    -2.462
301    -2.465
302    -2.429
303    -2.427
304    -2.434
305    -2.434
306    -2.445
307    -2.409
308    -2.4759998
309    -2.409
310    -2.433
311    -2.412
312    -2.465
313    -2.421
314    -2.4759998
315    -2.454
316    -2.462
317    -2.451
318    -2.4
319    -2.448
