0    -9.2439995
1    -9.423
2    -7.963
3    -9.231
4    -6.6
5    -8.477
6    -9.481
7    -9.269
8    -4.981
9    -9.384
10    -9.877
11    -4.6449995
12    -7.6169996
13    -4.8939996
14    -8.302
15    -9.599
16    -8.408
17    -8.52
18    -9.58
19    -8.355
20    -9.944
21    -8.269
22    -8.696
23    -9.585
24    -8.459
25    -7.4609995
26    -9.148
27    -8.386
28    -9.695
29    -9.71
30    -8.732
31    -9.048
32    -5.336
33    -9.305
34    -8.589
35    -7.073
36    -9.659
37    -8.973
38    -9.176
39    -9.801
40    -9.726
41    -8.534
42    -9.763
43    -9.893
44    -9.767
45    -9.155
46    -7.837
47    -8.565
48    -5.4399996
49    -9.807
50    -6.0179996
51    -9.697
52    -8.571
53    -3.345
54    -7.83
55    -9.86
56    -9.569
57    -9.908
58    -8.452
59    -9.564
60    -8.389
61    -8.363
62    -8.289
63    -8.514
64    -9.388
65    -9.448
66    -9.042
67    -7.281
68    -9.326
69    -9.187
70    -10.101
71    -7.715
72    -9.361
73    -9.618
74    -7.333
75    -7.9379997
76    -7.449
77    -9.35
78    -8.724
79    -9.127
80    -8.955999
81    -6.865
82    -9.764
83    -3.463
84    -9.46
85    -9.573999
86    -8.191999
87    -8.371
88    -8.223
89    -9.028
90    -8.347
91    -8.308
92    -9.603
93    -8.71
94    -9.757
95    -8.642
96    -4.878
97    -6.96
98    -9.099
99    -9.529
100    -5.949
101    -9.813
102    -3.096
103    -9.458
104    -7.851
105    -8.502
106    -9.756
107    -8.198
108    -7.305
109    -7.49
110    -9.434
111    -3.639
112    -8.17
113    -8.212
114    -8.222
115    -7.7609997
116    -8.828
117    -8.339
118    -3.231
119    -9.708
120    -7.628
121    -7.703
122    -8.351
123    -9.575
124    -9.614
125    -9.191
126    -9.399
127    -3.274
128    -8.399
129    -8.306
130    -6.9989996
131    -9.689
132    -8.749
133    -9.8
134    -9.789
135    -3.623
136    -8.45
137    -8.478
138    -9.0529995
139    -8.918
140    -7.6969995
141    -7.821
142    -7.9469995
143    -9.175
144    -6.7159996
145    -8.283
146    -8.316
147    -15.605
148    -9.621
149    -8.021
150    -9.9869995
151    -8.222
152    -9.893
153    -15.462
154    -14.009
155    -15.83
156    -9.993
157    -7.7869997
158    -9.981
159    -9.988
160    -9.979
161    -13.551
162    -8.265
163    -9.98
164    -9.955
165    -9.3289995
166    -10.049
167    -16.903
168    -16.811
169    -3.425
170    -7.845
171    -10.025
172    -10.037
173    -10.029
174    -7.844
175    -9.879
176    -16.708
177    -9.971
178    -10.039
179    -10.038
180    -13.788
181    -9.839
182    -7.703
183    -10.129
184    -3.402
185    -10.002
186    -8.285
187    -10.006
188    -8.344
189    -7.786
190    -9.975
191    -9.923
192    -9.923
193    -3.442
194    -9.754
195    -13.007999
196    -8.41
197    -9.963
198    -10.021
199    -15.797
200    -8.193
201    -9.965
202    -15.819
203    -10.094
204    -10.037
205    -9.949
206    -13.55
207    -7.981
208    -9.979
209    -10.057
210    -9.639
211    -10.083
212    -10.031
213    -8.351
214    -8.389
215    -13.865
216    -3.35
217    -8.377
218    -15.8
219    -9.54
220    -8.382
221    -3.32
222    -9.84
223    -3.372
224    -9.992
225    -13.94
226    -13.772
227    -3.475
228    -9.997
229    -7.805
230    -10.039
231    -16.809
232    -13.823
233    -13.855
234    -9.887
235    -14.000999
236    -10.002
237    -13.695
238    -9.552
239    -10.003
240    -10.003
241    -9.966
242    -9.729
243    -9.951
244    -15.592
