0    1.652
1    1.524
2    1.888
3    1.952
4    1.757
5    1.819
6    1.674
7    1.373
8    1.679
9    1.574
10    1.346
11    1.371
12    1.6760001
13    1.835
14    1.95
15    2.374
16    1.616
17    -1.411
18    0.13600016
19    3.0040002
20    2.863
21    1.416
22    1.338
23    1.3310001
24    1.34
25    1.317
26    1.319
27    0.01999998
28    3.019
29    3.02
30    3.02
31    0.017000198
32    2.732
33    1.333
34    1.3410001
35    2.52
36    2.6200001
37    1.356
38    1.324
39    1.345
40    1.333
41    1.905
42    1.298
43    2.6330001
44    0.07700014
45    1.217
46    1.147
47    1.336
48    1.298
49    1.398
50    1.344
51    1.237
52    2.6330001
53    3.0180001
54    0.018000126
55    3.02
56    1.3280001
57    1.107
58    1.367
59    1.367
60    1.636
61    3.078
62    0.08100009
63    0.08100009
64    1.4
65    3.081
66    0.08100009
67    0.078999996
68    0.08100009
69    1.224
70    0.078999996
71    1.3310001
72    1.3050001
73    1.329
74    1.33
75    1.324
76    1.324
77    1.324
78    1.324
79    1.3050001
80    2.6350002
81    1.398
82    3.079
83    0.018000126
84    2.515
85    2.515
86    2.515
87    0.078999996
88    1.324
89    1.317
90    0.18000007
91    1.348
92    0.018000126
93    1.297
94    3.019
95    1.209
96    2.516
97    0.017000198
98    1.213
99    2.52
100    3.1820002
101    3.1780002
102    3.081
103    0.07800007
104    1.323
105    0.18200016
106    0.17900014
107    0.18400002
108    1.474
109    3.181
110    0.078999996
111    0.17800021
112    1.086
113    0.18200016
114    1.304
115    0.018000126
116    0.18200016
117    0.18000007
118    3.1780002
119    0.17900014
120    0.07800007
121    1.398
122    0.01999998
123    1.347
124    1.1340001
125    0.17800021
126    3.18
127    1.234
128    0.18200016
129    1.9950001
130    1.541
131    1.944
132    -1.048
133    1.4760001
134    1.393
135    -2.915
136    0.96700007
137    0.67200005
138    0.98600006
139    0.70500004
140    -1.1819999
141    1.1110001
142    1.059
143    0.837
144    0.869
145    0.77400005
146    0.83100003
147    0.693
148    0.643
149    0.85200006
150    0.56200004
151    0.73200005
152    -1.335
153    0.70000005
154    0.69000006
155    -0.38
156    0.601
157    1.427
158    0.574
159    0.87700003
160    0.73300004
161    0.739
162    1.632
163    0.75900006
164    0.771
165    -1.188
166    0.786
167    1.213
168    0.92800003
169    0.591
170    0.84700006
171    1.212
172    2.659
173    0.795
174    2.132
175    0.64500004
176    1.036
177    2.435
178    1.1090001
179    0.77800006
180    -1.474
181    1.087
182    1.0780001
183    1.9230001
184    1.335
185    0.943
186    0.87200004
187    1.0830001
188    0.00999999
189    1.846
190    0.75900006
191    0.795
192    1.044
193    1.3110001
194    0.98600006
195    2.3260002
196    -6.206
197    -1.881
198    -38.158
199    -4.2419996
200    -1.9959999
201    -1.9959999
202    -1.989
203    -5.4189997
204    -1.782
205    -1.8379999
206    -2.0879998
207    -1.9399999
208    -1.522
209    -1.8039999
210    -2.039
211    -1.868
212    -5.612
213    -1.3569999
214    -1.3989999
215    -1.351
216    -1.862
217    -1.6659999
218    -1.085
219    -1.8959999
220    -1.877
221    -1.164
222    -1.8649999
223    -1.977
224    -2.902
225    -2.215
226    -2.381
227    -2.1759999
228    -2.236
229    -1.905
230    -1.6099999
231    -1.0769999
232    -1.9
233    -1.467
234    -1.863
235    -1.865
236    -1.553
237    -2.049
238    -1.881
239    -1.956
240    -2.262
241    -1.9629999
242    -1.878
243    -1.89
244    -6.935
245    -1.865
246    -1.884
247    -1.864
248    -1.873
249    -1.904
250    -1.865
251    -2.033
252    -1.877
253    -2.116
254    -2.102
255    -1.3989999
256    -1.8909999
257    -1.6309999
258    -2.1139998
259    -1.1459999
260    -2.203
261    -2.325
262    -1.982
263    -4.179
264    -2.0219998
265    -1.907
266    -1.864
267    -2.1299999
268    -5.26
269    -1.5899999
270    -1.6659999
271    -1.8709999
272    -2.076
273    -0.25899982
274    -1.881
275    -1.9649999
276    -0.885
277    -1.9009999
278    -2.208
279    -2.341
280    -2.314
281    -1.86
282    -1.859
283    -1.874
284    -1.615
285    -1.553
286    -1.886
287    -1.68
288    -2.34
289    -2.106
290    -2.251
291    -1.9449999
292    -4.194
293    -4.7679996
294    -1.5819999
295    -1.412
296    -2.189
297    -1.8679999
298    -1.2659999
299    -1.992
300    -1.3399999
301    -2.1269999
302    -1.6489999
303    -1.614
304    -0.9729998
305    -2.347
306    -1.333
307    -1.6739999
308    -1.8659999
309    -1.3679999
310    -1.873
311    -1.3979999
312    -1.886
313    -1.824
314    -1.897
315    -2.024
316    -2.05
317    -1.02
318    -1.979
319    -1.806
320    -4.222
321    -3.6079998
322    -2.056
323    -1.949
324    -2.097
325    -1.3709999
326    -1.9679999
327    -1.515
328    -2.027
329    -2.144
330    -1.5209999
331    -1.8319999
332    -1.9569999
333    -1.479
334    -1.8499999
335    -1.1399999
336    -2.187
337    -2.162
338    -1.896
339    -1.6489999
340    -0.9369998
341    -1.591
342    -1.895
343    -1.6359999
344    -1.7659999
345    -1.6179999
346    -1.8649999
347    -1.9369999
348    -2.034
349    -1.859
350    -1.749
351    -1.874
352    -3.942
353    1.643
