0    -12.422
1    -12.4279995
2    -12.433
3    -12.363
4    -12.397
5    -12.44
6    -12.421
7    -12.42
8    -12.431
9    -12.422
10    -12.431
11    -12.439
12    -12.444
13    -12.427
14    -12.445
15    -12.407
16    -12.444
17    -12.418
18    -12.416
19    -12.432
20    -12.437
21    -12.367
22    -12.459
23    -12.442
24    -12.409
25    -12.421
26    -12.415
27    -12.42
28    -12.429
29    -12.421
30    -12.416
31    -12.398
32    -12.451
33    -12.429
34    -12.448
35    -12.441
36    -12.425
37    -12.44
38    -12.396
39    -12.421
40    -12.433
41    -12.435
42    -12.422
43    -12.413
44    -12.387
45    -12.44
46    -12.439
47    -12.444
48    -12.425
49    -12.442
50    -12.398
51    -12.407
52    -12.403
53    -12.388
54    -12.378
55    -12.454
56    -12.3689995
57    -12.416
58    -12.481
59    -12.44
60    -12.45
61    -12.439
62    -12.458
63    -12.421
64    -12.415
65    -12.408
66    -12.458
67    -12.426
68    -12.44
69    -12.464
70    -12.449
71    -12.427
72    -12.44
73    -12.431
74    -12.433
75    -12.41
76    -12.49
77    -12.423
78    -12.445
79    -12.451
80    -12.439
81    -12.453
82    -12.403
83    -12.393
84    -12.435
85    -12.444
86    -12.437
87    -12.399
88    -12.459
89    -12.445
90    -12.4
91    -12.418
92    -12.453
93    -12.386
94    -12.44
95    -12.417
96    -12.442
97    -12.344
98    -12.43
99    -12.437
100    -12.375
101    -12.436
102    -12.415
103    -12.462
104    -12.449
105    -12.429
106    -12.406
107    -12.443
108    -12.404
109    -12.455
110    -12.435
111    -12.449
112    -12.379
113    -12.475
114    -12.394
115    -12.454
116    -12.405
117    -12.455
118    -12.45
119    -12.429
120    -12.435
121    -12.423
122    -12.446
123    -12.407
124    -12.408
125    -12.45
126    -12.459
127    -12.439
128    -12.447
129    -12.435
130    -12.431
131    -12.445
132    -12.467
133    -12.408
134    -12.465
135    -12.452
136    -12.408
137    -12.422
138    -12.413
139    -12.436
140    -12.396
141    -12.398
142    -12.416
143    -12.413
144    -12.414
145    -12.368
146    -12.398
147    -12.463
148    -12.4279995
149    -12.433
150    -12.414
151    -12.424
152    -12.445
153    -12.445
154    -12.397
155    -12.455
156    -12.448
157    -12.45
158    -12.413
159    -12.432
160    -12.453
161    -12.411
162    -12.452
163    -12.431
164    -12.409
165    -12.45
166    -12.462
167    -12.402
168    -12.427
169    -12.452
170    -12.427
171    -12.416
172    -12.437
173    -12.448
174    -12.444
175    -12.433
176    -12.412
177    -12.41
178    -12.432
179    -12.433
180    -12.4279995
181    -12.388
182    -12.435
183    -12.427
184    -12.464
185    -11.427
186    -12.396
187    -12.377
188    -12.414
189    -12.408
190    -12.433
191    -12.418
192    -12.473
193    -12.429
194    -12.409
195    -12.439
196    -12.467
197    -12.385
198    -12.441
199    -12.414
200    -12.462
201    -12.4
202    -12.385
203    -12.413
204    -12.446
205    -12.407
206    -12.396
207    -12.43
208    -12.434
209    -12.446
210    -12.412
211    -12.446
212    -12.406
213    -12.4279995
214    -12.459
215    -12.451
216    -12.421
217    -12.397
218    -12.465
219    -12.399
220    -12.427
221    -12.446
222    -12.376
223    -12.442
224    -12.421
225    -12.414
226    -12.415
227    -12.419
228    -12.438
229    -12.418
230    -12.399
231    -12.413
232    -12.44
233    -12.448
234    -12.386
235    -12.417
236    -11.438
237    -12.43
238    -12.421
239    -12.438
240    -12.373
241    -12.4279995
242    -12.429
243    -12.434
244    -12.462
245    -12.422
246    -12.444
247    -12.407
248    -12.465
249    -12.397
250    -12.404
251    -12.386
252    -12.446
253    -12.434
254    -12.407
255    -12.435
256    -12.385
257    -12.444
258    -12.424
259    -12.424
260    -12.958
261    -12.958
262    -12.453
263    -12.958
264    -12.424
265    -12.439
266    -12.455
267    -12.426
268    -12.42
269    -12.43
270    -12.439
271    -12.396
272    -12.378
273    -12.426
274    -12.448
275    -12.443
276    -12.445
277    -12.417
278    -12.449
279    -12.433
280    -12.434
281    -12.456
282    -12.385
283    -12.418
284    -12.449
285    -12.415
286    -12.396
287    -12.445
288    -12.443
289    -12.448
290    -12.401
291    -12.429
292    -12.492
293    -12.421
294    -12.383
295    -12.418
296    -12.415
297    -12.424
298    -12.372
299    -12.457
300    -12.385
301    -12.451
302    -12.403
303    -12.423
304    -12.416
305    -12.454
306    -12.442
307    -12.482
308    -12.411
309    -12.438
310    -12.384
311    -12.426
312    -12.462
313    -12.454
314    -12.439
315    -12.372
316    -12.41
317    -12.423
318    -12.445
319    -12.375
320    -12.418
321    -12.402
322    -12.415
323    -12.439
324    -12.401
325    -12.446
326    -12.407
327    -12.458
328    -12.433
329    -12.444
330    -12.427
331    -12.4
332    -12.377
333    -12.429
334    -12.443
335    -12.437
336    -12.444
337    -12.401
338    -12.448
339    -12.458
340    -12.409
341    -12.418
342    -12.412
343    -12.419
344    -12.395
345    -12.457
346    -12.406
347    -12.429
348    -12.411
349    -12.445
350    -12.436
351    -12.444
352    -11.398
353    -12.455
354    -12.455
355    -12.418
356    -12.407
357    -12.416
358    -12.423
359    -12.413
360    -12.408
361    -12.409
362    -12.422
363    -12.469
364    -12.432
365    -12.445
366    -12.444
367    -12.407
368    -12.423
369    -12.442
370    -12.411
371    -12.426
372    -12.411
373    -12.433
374    -12.451
