0    -5.161
1    -4.127
2    -5.182
3    -4.5629997
4    -1.879
5    -3.564
6    -5.176
7    -4.889
8    -5.127
9    -5.1809998
10    -5.187
11    -3.725
12    -4.423
13    -3.6759999
14    -5.507
15    -3.315
16    -5.114
17    -4.906
18    -5.051
19    -5.436
20    -3.553
21    -5.281
22    -3.7199998
23    -4.948
24    -3.608
25    -3.463
26    -3.783
27    -5.199
28    -4.866
29    -5.311
30    -4.09
31    -2.994
32    -5.203
33    -5.184
34    -5.018
35    -5.289
36    -3.545
37    -5.126
38    -5.164
39    -4.777
40    -3.625
41    -3.754
42    -5.189
43    -5.191
44    -3.958
45    -5.193
46    -3.198
47    -5.173
48    -5.1619997
49    -3.4109998
50    -2.741
51    -3.573
52    -5.092
53    -3.497
54    -4.476
55    -5.235
56    -3.62
57    -4.436
58    -5.244
59    -5.1549997
60    -5.224
61    -5.178
62    -5.302
63    -3.258
64    -4.734
65    -4.42
66    -4.333
67    -5.294
68    -5.274
69    -5.248
70    -5.046
71    -3.484
72    -3.612
73    -5.088
74    -3.1139998
75    -3.591
76    -3.545
77    -5.126
78    -5.285
79    -3.235
80    -4.2609997
81    -5.219
82    -4.441
83    -4.691
84    -4.959
85    -5.04
86    -5.244
87    -5.225
88    1.4480004
89    -4.194
90    -3.593
91    -4.802
92    -3.5479999
93    -5.001
94    -3.567
95    -8.384
96    -3.583
97    -5.2
98    -3.501
99    -1.0
100    -5.0299997
101    4.6570005
102    -4.397
103    -5.229
104    -5.16
105    -5.106
106    -3.584
107    -3.6509998
108    -3.616
109    -4.881
110    -3.56
111    -5.196
112    -5.294
113    -3.1069999
114    -3.606
115    -5.119
116    -5.582
117    -3.57
118    -5.305
119    -5.2539997
120    -4.759
121    -5.307
122    -4.553
123    2.045
124    -4.804
125    -5.224
126    -3.241
127    -5.2539997
128    -4.0109997
129    -5.228
130    -5.244
131    -4.995
132    -3.525
133    -4.7799997
134    -3.556
135    -3.2089999
136    -1.967
137    -4.68
138    -3.266
139    -5.263
140    -3.4889998
141    -3.529
142    -4.58
143    -5.035
144    -5.205
145    -5.302
146    -5.013
147    -3.565
148    -4.6809998
149    -5.279
150    -3.896
151    -5.054
152    -4.682
153    -5.18
154    -3.322
155    -5.2539997
156    -3.125
157    -4.99
158    -5.103
159    -5.1349998
160    -5.318
161    -3.852
162    -5.184
163    -3.6
164    -5.228
165    -5.259
166    -3.425
167    -4.3669996
168    -5.109
169    -4.737
170    -5.133
171    -5.133
172    -3.33
173    -4.612
174    -5.238
175    -5.078
176    -5.116
177    -4.578
178    -3.3539999
179    -4.95
180    -2.906
181    -3.591
182    -4.708
183    -5.187
184    -4.8269997
185    -4.5559998
186    -4.918
187    -3.578
188    -3.1759999
189    -3.327
190    -5.229
191    -5.145
192    -4.7469997
193    -5.044
194    -5.18
195    -3.8669999
196    -5.215
197    -4.1359997
198    -5.039
199    -3.542
200    -5.2539997
201    -5.132
202    -3.6739998
203    -3.533
204    -3.554
205    -1.915
206    -5.239
207    -4.92
208    -5.045
209    -5.476
210    -1.8889999
211    -4.5039997
212    -5.038
213    -2.054
214    -3.5019999
215    -5.2269998
216    -4.767
217    -4.266
218    -5.216
219    -5.085
220    -1.6809998
221    -4.578
222    -5.282
223    -5.2469997
224    -3.1479998
225    -4.132
226    -3.791
227    -3.533
228    -5.324
229    -4.842
230    -5.278
231    -4.93
232    -3.605
233    -3.478
234    -5.478
235    -3.668
236    -4.5699997
237    -4.225
238    -4.515
239    -5.142
240    -5.414
241    -4.6219997
242    -4.535
243    -4.743
244    -3.523
245    -5.248
246    -4.836
247    -4.869
248    -3.7029998
249    -3.503
250    -5.191
251    -4.9519997
252    -5.113
253    -3.553
254    -4.675
255    -3.565
256    -5.171
257    -3.554
258    -4.187
259    -3.602
260    -5.237
261    -5.216
262    -5.25
263    -5.073
264    -4.825
265    -5.209
266    -4.558
267    -4.967
268    -3.435
269    -6.186
270    -4.825
271    -3.972
272    -5.2269998
273    -0.33599997
274    -3.623
275    -3.093
276    -5.147
277    -4.866
278    -5.41
279    -3.564
280    -5.074
281    -4.548
282    -5.134
283    -4.299
284    -2.9229999
285    -4.687
286    -5.308
287    -4.111
288    -5.24
289    -4.068
290    -3.5029998
291    -4.792
292    -4.926
293    -5.239
294    -3.575
295    -5.31
296    -5.253
297    -3.574
298    -4.993
299    -4.663
300    -4.534
301    -4.48
302    -4.318
303    -5.232
304    -5.036
305    -3.712
306    -3.538
307    -3.579
308    -3.638
309    -5.169
310    -3.458
311    -3.5809999
312    -3.572
