0    7.5
1    1.914
2    4.673
3    4.4110003
4    2.0300002
5    -1.155
6    25.584
7    6.636
8    -11.552
9    0.82000005
10    15.121
11    1.7880001
12    1.428
13    2.238
14    42.371002
15    3.108
16    10.157
17    -2.5559998
18    2.9950001
19    4.2320004
20    3.4650002
21    4.7860003
22    0.153
23    -1.3889999
24    12.627
25    12.274
26    43.903
27    15.401
28    11.07
29    22.632
30    4.131
31    16.467
32    23.16
33    14.611
34    11.764
35    12.815001
36    44.513
37    28.282
38    26.74
39    35.505
40    40.063
41    35.262
42    57.444
43    39.64
44    24.997
45    17.745
46    73.942
47    1.0
48    1.0
49    24.663
50    15.181
51    0.42400002
52    99.934
53    40.421
54    28.592001
55    44.802002
56    14.771
57    33.03
58    52.917
59    28.581
60    21.75
61    29.937
62    85.088
63    41.168
64    41.548
65    40.1
66    19.379
67    9.845
68    25.977001
69    11.674
70    48.995
71    45.175
72    26.404
73    9.702
74    53.067
75    39.815
76    15.217
77    33.0
78    14.877
79    24.904
80    35.321
81    12.894
82    15.418
83    21.859001
84    10.038
85    29.288
86    44.765
87    29.017
88    25.308
89    31.701
90    83.224
91    23.851
92    33.801
93    2.818
94    27.987
95    43.033
96    32.267
97    -10.893
98    25.188
99    29.342
100    23.663
101    2.806
102    9.22
103    30.539
104    8.121
105    44.247
106    53.638
107    26.487
108    7.3100004
109    32.369
110    28.463
111    26.611
112    37.742
113    38.474
114    23.327
115    24.462
116    17.025
117    37.352
118    14.370001
119    27.382
120    6.7770004
121    13.586
122    0.57300043
123    9.895
124    3.573
125    37.182
126    19.474
127    27.891
128    28.587
129    26.563
130    9.934
131    30.886
132    3.6520002
133    21.225
134    26.964
135    14.108
136    9.708
137    7.024
138    7.6330004
139    22.158
140    26.956
141    48.251
142    22.921
143    45.48
144    43.149002
145    13.732
146    18.949001
147    22.675
148    12.038
149    27.098
150    11.546
151    22.472
152    24.171
153    12.17
154    26.189
155    16.98
156    20.414
157    12.018
158    21.686
159    18.406
160    -12.222
161    21.001
162    16.274
163    3.3370004
164    8.358
165    100.11
166    23.95
167    46.168
168    11.83
169    20.994
170    20.314
171    6.0559998
172    2.01
173    28.96
174    32.653
175    6.558
176    1.2620001
177    13.458
178    29.609001
179    3.68
180    35.071
181    12.374001
182    65.888
183    27.206
184    10.591
185    6.8120003
186    15.949
187    -2.439
188    36.571
189    6.5010004
190    20.185
191    1.0
192    0.42000008
193    0.32200003
194    -9.000999
195    2.3500001
196    1.1950002
197    -0.22899985
198    -3.113
199    -2.1349998
200    -1.7319999
201    3.2080002
202    -1.3399999
203    8.266001
204    10.044001
205    4.689
206    19.702
207    0.5100002
208    8.683001
209    41.185
210    22.352
211    32.349
212    7.4890003
213    15.144
214    7.2070003
215    -0.46699953
216    17.474
217    12.27
218    3.891
219    7.1150002
220    14.812
221    1.8290001
222    10.426001
223    13.974
224    16.197
225    4.2530003
226    -12.584
227    6.8030005
228    21.136
229    6.274
230    2.66
231    25.192
232    7.679
233    4.309
234    28.119
235    9.336
236    26.69
237    26.187
238    20.595001
239    1.8090001
240    11.916
241    16.775
242    7.4830003
243    36.421
244    -2.9829998
245    22.653
246    3.265
247    2.1230001
248    10.576
249    18.402
250    -4.9449997
251    0.35800004
252    30.666
253    19.53
254    16.219
255    19.842001
256    7.733
257    5.436
258    1.3620002
259    20.03
260    23.026001
261    10.077
262    1.993
263    49.909
264    16.294
265    2.467
266    11.1
267    5.334
268    19.085
269    20.846
270    21.609001
271    17.823
272    -17.508
273    5.977
274    8.323
275    27.632
276    13.481
277    12.975
278    35.158
279    9.986
280    35.837
281    15.902
282    10.729
283    9.567
284    15.319
285    13.968
286    5.3780003
287    5.104
288    10.794001
289    14.852
290    -10.289
291    -1.1019999
292    11.782
293    13.292
294    12.458
295    -5.061
296    -0.6639998
297    2.059
298    8.833
299    1.71
300    26.098
301    28.072
302    16.792
303    9.504
304    10.223
305    3.941
306    2.2050002
307    3.996
308    2.6890001
309    0.7290001
310    4.3950005
311    7.985
312    14.089001
313    -3.781
314    8.824
315    8.776
316    34.869
317    7.958
318    1.1570001
319    10.962
320    2.7530003
321    13.314
322    3.65
323    21.308
324    27.567
325    -5.369
326    23.359001
327    6.119
328    14.991
329    16.559
330    21.807
331    20.641
332    21.313
333    15.305
334    3.6130002
335    -4.298
336    0.24500012
337    -9.768
338    -13.439
339    13.367001
340    8.236
341    8.001
342    12.383
343    2.5200002
344    11.074
345    0.9950001
346    5.087
347    8.078
348    2.875
349    16.508
350    23.818
351    8.49
352    14.972
353    20.626
354    10.173
355    22.083
356    -2.086
357    12.009
358    2.5930002
359    -2.452
360    6.0220003
361    -10.058
362    8.543
363    0.81500006
364    -4.121
365    16.601
366    4.764
367    4.043
368    16.246
369    15.893
370    18.129
371    10.7630005
372    15.217
373    4.8650002
374    15.645
375    3.13
376    16.968
377    -11.4869995
378    5.116
379    3.594
380    7.091
381    1.886
382    13.539
383    15.59
384    7.8780003
385    6.354
386    -4.722
387    21.595001
388    9.499001
389    14.674
390    0.66200006
391    3.9440002
392    4.7700005
393    -0.99
394    12.472
395    -13.655
396    22.513
397    11.503
398    4.245
399    3.858
400    0.2750001
401    2.3760002
402    2.782
403    -4.351
404    -0.5209999
405    -6.082
406    -0.23699975
407    -1.2009999
408    2.4390001
409    -2.402
410    0.9770001
411    -4.2609997
412    5.4870005
413    -0.20799994
414    1.1060002
415    1.715
416    1.1620002
417    -3.164
418    -1.686
419    -8.682
420    0.035000324
421    -2.725
422    5.679
423    1.618
424    0.5860001
425    0.15400004
426    -3.532
427    98.92
428    3.6080003
429    0.26100004
430    0.32800007
431    -0.5489999
432    2.3330002
433    2.4410002
434    -3.961
435    -2.5819998
436    1.1740003
437    2.3930001
438    0.5860002
439    0.3820001
440    -0.71599984
441    -0.4669999
442    -0.62699986
443    -0.44599986
444    -3.304
445    4.626
446    -0.5059999
447    2.2210002
448    4.028
449    0.099000216
450    -1.2939997
451    -0.36299992
452    3.2800002
453    -0.60599995
454    -2.1739998
455    5.9400005
456    -2.156
457    -7.2959995
458    2.9450002
459    1.1460001
460    -1.6159999
461    3.0240002
462    4.3710003
463    2.0990002
464    -3.257
465    0.78100014
466    -2.7689996
467    -2.909
468    -0.8709998
469    0.7290001
470    5.422
471    -5.145
472    1.8730001
473    2.3030002
474    1.0
475    -0.9319999
476    -5.4989996
477    -1.5259998
478    -1.823
479    0.92200005
480    -1.27
481    -0.18899989
482    -0.96599984
483    -3.0809999
484    -3.498
485    -1.0339999
486    0.34500003
487    -1.0979999
488    0.3460002
489    0.181
490    0.47500002
491    0.18000007
492    1.1800001
493    1.2830002
494    0.80900013
