0    -1.673
1    3.358
2    1.954
3    2.118
4    -1.7329999
5    -1.727
6    -1.727
7    3.079
8    0.2600001
9    2.3520002
10    -1.6209999
11    2.39
12    2.151
13    3.749
14    2.502
15    2.272
16    2.448
17    2.657
18    -1.7329999
19    0.93400013
20    2.371
21    2.797
22    2.508
23    2.1130002
24    2.019
25    1.987
26    2.2810001
27    1.823
28    2.2680001
29    2.456
30    2.516
31    -1.716
32    2.389
33    2.6350002
34    2.5300002
35    2.081
36    2.4050002
37    3.2970002
38    2.4850001
39    3.0870001
40    2.272
41    -1.6739999
42    1.5730002
43    1.689
44    2.388
45    2.8370001
46    2.849
47    2.258
48    1.9430001
49    2.1690001
50    2.7810001
51    2.3390002
52    3.051
53    2.483
54    2.483
55    2.0430002
56    3.079
57    2.5560002
58    0.90700006
59    2.295
60    2.3700001
61    2.3240001
62    2.644
63    2.901
64    2.334
65    2.3240001
66    -22.809
67    2.6350002
68    2.549
69    2.4120002
70    2.413
71    2.3390002
72    1.799
73    2.3070002
74    2.968
75    2.5440001
76    2.428
77    2.4440002
78    0.56500006
79    2.177
80    2.217
81    2.2680001
82    3.266
83    2.698
84    2.367
85    3.2180002
86    2.6290002
87    1.7390001
88    2.456
89    2.652
90    2.233
91    2.309
92    2.257
93    2.413
94    2.35
95    7.7
96    4.502
97    2.5110002
98    2.165
99    2.7150002
100    2.9780002
101    2.1490002
102    2.1490002
103    2.672
104    2.448
105    11.412
106    2.239
107    2.5440001
108    2.272
109    3.2680001
110    2.375
111    2.946
112    2.3000002
113    2.407
114    3.0400002
115    2.207
116    2.5180001
117    2.628
118    3.084
119    2.318
120    -1.68
121    -1.573
122    2.613
123    2.316
124    2.6950002
125    2.515
126    -1.798
127    2.369
128    0.37600005
129    2.074
130    0.72300005
131    2.7670002
132    2.094
