0    -0.46899998
1    0.34000015
2    -1.688
3    -1.657
4    -1.7429999
5    -1.9239999
6    -1.617
7    1.621
8    1.941
9    1.618
10    2.269
11    2.045
12    2.362
13    2.317
14    -1.665
15    -1.6019999
16    -0.6129999
17    2.43
18    -1.681
19    2.489
20    -1.1679999
21    -1.68
22    2.286
23    2.5560002
24    -1.6099999
25    2.507
26    2.127
27    2.191
28    2.3270001
29    2.529
30    2.5870001
31    2.5770001
32    -0.87399983
33    1.7390001
34    2.363
35    2.908
36    2.319
37    2.442
38    2.298
39    2.404
40    1.826
41    5.3310003
42    2.098
43    1.743
44    2.318
45    -1.6989999
46    2.664
47    2.618
48    2.4050002
49    -1.2479999
50    -1.6759999
51    2.457
52    2.384
53    2.361
54    2.488
55    2.288
56    3.2540002
57    2.087
58    2.759
59    2.193
60    2.243
61    2.981
62    2.546
63    2.302
64    2.7670002
65    2.5640001
66    2.2350001
67    2.52
68    2.654
69    2.549
70    2.4320002
71    2.3520002
72    4.4230003
73    2.397
74    2.342
75    2.7410002
76    5.6660004
77    2.6990001
78    2.337
79    2.581
80    3.565
81    2.357
82    2.387
83    2.3000002
84    2.3920002
85    2.943
86    2.2470002
87    3.1690001
88    2.462
89    2.592
90    3.64
91    2.772
92    2.0310001
93    2.435
94    3.275
95    2.389
96    2.6150002
97    2.514
98    4.129
99    2.3260002
100    3.0
101    2.709
102    2.529
103    2.6560001
104    2.4310002
105    3.9680002
106    2.092
107    2.733
108    2.266
109    2.3000002
110    2.395
111    2.395
112    3.1690001
113    2.6550002
114    -10.123
115    2.664
116    2.502
117    2.334
118    3.2970002
119    3.1120002
120    2.6750002
121    -25.994
122    2.539
123    2.73
124    2.762
125    2.818
126    2.3400002
127    -1.6989999
128    2.1069999
129    2.663
130    2.1750002
131    2.023
132    2.5
133    2.4770002
134    2.674
135    -27.455
136    2.329
137    2.226
138    2.2670002
139    2.148
