0    -24.529
1    -24.485
2    -24.522
3    -24.498
4    -24.491
5    -24.513
6    -24.525
7    -24.502
8    -24.529
9    -24.46
10    -24.523
11    -24.507
12    -24.494
13    -24.5
14    -24.514
15    -24.519
16    -24.468
17    -24.487
18    -24.511
19    -24.505
20    -24.482
21    -24.532
22    -24.488
23    -24.493
24    -24.517
25    -24.514
26    -24.476
27    -24.532
28    -24.488
29    -24.475
30    -24.5
31    -24.509
32    -24.524
33    -24.476
34    -24.49
35    -24.513
36    -24.497
37    -24.509
38    -24.493
39    -24.494
40    -24.516
41    -24.499
42    -24.483
43    -24.502
44    -24.475
45    -24.507
46    -24.489
47    -24.538
48    -24.514
49    -24.502
50    -24.482
51    -24.531
52    -24.512
53    -24.507
54    -24.527
55    -24.476
56    -24.498
57    -24.517
58    -24.536
59    -24.524
60    -24.527
61    -24.511
62    -24.512
63    -24.473999
64    -24.49
65    -24.506
66    -24.502
67    -24.489
68    -24.485
69    -24.498
70    -24.532
71    -24.526
72    -24.51
73    -24.507
74    -24.519
75    -24.5
76    -24.506
77    -24.519
78    -24.499
79    -24.496
80    -24.48
81    -24.496
82    -24.507
83    -24.499
84    -24.49
85    -24.488
86    -24.52
87    -24.516
88    -24.491
89    -24.526
90    -24.51
91    -24.499
92    -24.528
93    -24.49
94    -24.494
95    -24.504
96    -24.542
97    -24.487
98    -24.512
99    -24.514
100    -24.511
101    -24.537
102    -24.528
103    -24.503
104    -24.471
105    -24.516
106    -24.494
107    -24.532
108    -24.5
109    -24.538
110    -24.51
111    -24.548
112    -24.499
113    -24.513
114    -24.511
115    -24.515
116    -24.52
117    -24.502
118    -24.496
119    -24.516
120    -24.525
121    -24.527
122    -24.536
123    -24.473
124    -24.486
125    -24.512
126    -24.537
127    -24.502
128    -24.512
129    -24.511
130    -24.512
131    -24.518
132    -24.509
133    -24.508
134    -24.496
135    -24.51
136    -24.480999
137    -24.498
138    -24.507
139    -24.538
140    -24.476
141    -24.503
142    -24.51
143    -24.497
144    -24.484
145    -24.506
146    -24.499
147    -24.508
148    -24.531
149    -24.517
150    -24.446
151    -24.497
152    -24.451
153    -24.514
154    -24.504
155    -24.526
156    -24.477
157    -24.514
158    -24.493
159    -24.522
160    -24.473
161    -24.564
162    -24.517
163    -24.509
164    -24.496
165    -24.519
166    -24.524
167    -24.503
168    -24.504
169    -24.343
170    -24.352
171    -24.379
172    -24.383
173    -24.321
174    -24.297
175    -24.317
176    -24.314
177    -24.34
178    -24.348
